1403638573077829376
1403638573127829504
1403638573177829376
1403638573227829504
1403638573277829376
1403638573327829504
1403638573377829376
1403638573427829504
1403638573477829376
1403638573527829504
1403638573577829376
1403638573627829504
1403638573677829376
1403638573727829504
1403638573777829376
1403638573827829504
1403638573877829376
1403638573927829504
1403638573977829376
1403638574027829504
1403638574077829376
1403638574127829504
1403638574177829376
1403638574227829504
1403638574277829376
1403638574327829504
1403638574377829376
1403638574427829504
1403638574477829376
1403638574527829504
1403638574577829376
1403638574627829504
1403638574677829376
1403638574727829504
1403638574777829376
1403638574827829504
1403638574877829376
1403638574927829504
1403638574977829376
1403638575027829504
1403638575077829376
1403638575127829504
1403638575177829376
1403638575227829504
1403638575277829376
1403638575327829504
1403638575377829376
1403638575427829504
1403638575477829376
1403638575527829504
1403638575577829376
1403638575627829504
1403638575677829376
1403638575727829504
1403638575777829376
1403638575827829504
1403638575877829376
1403638575927829504
1403638575977829376
1403638576027829504
1403638576077829376
1403638576127829504
1403638576177829376
1403638576227829504
1403638576277829376
1403638576327829504
1403638576377829376
1403638576427829504
1403638576477829376
1403638576527829504
1403638576577829376
1403638576627829504
1403638576677829376
1403638576727829504
1403638576777829376
1403638576827829504
1403638576877829376
1403638576927829504
1403638576977829376
1403638577027829504
1403638577077829376
1403638577127829504
1403638577177829376
1403638577227829504
1403638577277829376
1403638577327829504
1403638577377829376
1403638577427829504
1403638577477829376
1403638577527829504
1403638577577829376
1403638577627829504
1403638577677829376
1403638577727829504
1403638577777829376
1403638577827829504
1403638577877829376
1403638577927829504
1403638577977829376
1403638578027829504
