1403638192245096960
1403638192295097088
1403638192345096960
1403638192395097088
1403638192445096960
1403638192495097088
1403638192545096960
1403638192595097088
1403638192645096960
1403638192695097088
1403638192745096960
1403638192795097088
1403638192845096960
1403638192895097088
1403638192945096960
1403638192995097088
1403638193045096960
1403638193095097088
1403638193145096960
1403638193195097088
1403638193245096960
1403638193295097088
1403638193345096960
1403638193395097088
1403638193445096960
1403638193495097088
1403638193545096960
1403638193595097088
1403638193645096960
1403638193695097088
1403638193745096960
1403638193795097088
1403638193845096960
1403638193895097088
1403638193945096960
1403638193995097088
1403638194045096960
1403638194095097088
1403638194145096960
1403638194195097088
1403638194245096960
1403638194295097088
1403638194345096960
1403638194395097088
1403638194445096960
1403638194495097088
1403638194545096960
1403638194595097088
1403638194645096960
1403638194695097088
1403638194745096960
1403638194795097088
1403638194845096960
1403638194895097088
1403638194945096960
1403638194995097088
1403638195045096960
1403638195095097088
1403638195145096960
1403638195195097088
1403638195245096960
1403638195295097088
1403638195345096960
1403638195395097088
1403638195445096960
1403638195495097088
1403638195545096960
1403638195595097088
1403638195645096960
1403638195695097088
1403638195745096960
1403638195795097088
1403638195845096960
1403638195895097088
1403638195945096960
1403638195995097088
1403638196045096960
1403638196095097088
1403638196145096960
1403638196195097088
1403638196245096960
1403638196295097088
1403638196345096960
1403638196395097088
1403638196445096960
1403638196495097088
1403638196545096960
1403638196595097088
1403638196645096960
1403638196695097088
1403638196745096960
1403638196795097088
1403638196845096960
1403638196895097088
1403638196945096960
1403638196995097088
1403638197045096960
1403638197095097088
1403638197145096960
1403638197195097088
1403638197245096960
1403638197295097088
1403638197345096960
1403638197395097088
1403638197445096960
1403638197495097088
1403638197545096960
1403638197595097088
1403638197645096960
1403638197695097088
1403638197745096960
1403638197795097088
1403638197845096960
1403638197895097088
1403638197945096960
1403638197995097088
1403638198045096960
1403638198095097088
1403638198145096960
1403638198195097088
1403638198245096960
1403638198295097088
1403638198345096960
1403638198395097088
1403638198445096960
1403638198495097088
1403638198545096960
1403638198595097088
1403638198645096960
1403638198695097088
1403638198745096960
1403638198795097088
1403638198845096960
1403638198895097088
1403638198945096960
1403638198995097088
1403638199045096960
1403638199095097088
1403638199145096960
1403638199195097088
1403638199245096960
1403638199295097088
1403638199345096960
1403638199395097088
1403638199445096960
1403638199495097088
1403638199545096960
1403638199595097088
1403638199645096960
1403638199695097088
1403638199745096960
1403638199795097088
1403638199845096960
1403638199895097088
1403638199945096960
1403638199995097088
1403638200045096960
1403638200095097088
1403638200145096960
1403638200195097088
1403638200245096960
1403638200295097088
1403638200345096960
1403638200395097088
1403638200445096960
1403638200495097088
1403638200545096960
1403638200595097088
1403638200645096960
1403638200695097088
1403638200745096960
1403638200795097088
1403638200845096960
1403638200895097088
1403638200945096960
1403638200995097088
1403638201045096960
1403638201095097088
1403638201145096960
1403638201195097088
1403638201245096960
1403638201295097088
1403638201345096960
1403638201395097088
1403638201445096960
1403638201495097088
1403638201545096960
1403638201595097088
1403638201645096960
1403638201695097088
1403638201745096960
1403638201795097088
1403638201845096960
1403638201895097088
1403638201945096960
1403638201995097088
1403638202045096960
1403638202095097088
1403638202145096960
1403638202195097088
1403638202245096960
1403638202295097088
1403638202345096960
1403638202395097088
1403638202445096960
1403638202495097088
1403638202545096960
1403638202595097088
1403638202645096960
1403638202695097088
1403638202745096960
1403638202795097088
1403638202845096960
1403638202895097088
1403638202945096960
1403638202995097088
1403638203045096960
1403638203095097088
1403638203145096960
1403638203195097088
1403638203245096960
1403638203295097088
1403638203345096960
1403638203395097088
1403638203445096960
1403638203495097088
1403638203545096960
1403638203595097088
1403638203645096960
1403638203695097088
1403638203745096960
1403638203795097088
1403638203845096960
1403638203895097088
1403638203945096960
1403638203995097088
1403638204045096960
1403638204095097088
1403638204145096960
1403638204195097088
1403638204245096960
1403638204295097088
1403638204345096960
1403638204395097088
1403638204445096960
1403638204495097088
1403638204545096960
1403638204595097088
1403638204645096960
1403638204695097088
1403638204745096960
1403638204795097088
1403638204845096960
1403638204895097088
1403638204945096960
1403638204995097088
1403638205045096960
1403638205095097088
1403638205145096960
1403638205195097088
1403638205245096960
1403638205295097088
1403638205345096960
1403638205395097088
1403638205445096960
1403638205495097088
1403638205545096960
1403638205595097088
1403638205645096960
1403638205695097088
1403638205745096960
1403638205795097088
1403638205845096960
1403638205895097088
1403638205945096960
1403638205995097088
1403638206045096960
1403638206095097088
1403638206145096960
1403638206195097088
1403638206245096960
1403638206295097088
1403638206345096960
1403638206395097088
1403638206445096960
1403638206495097088
1403638206545096960
1403638206595097088
1403638206645096960
1403638206695097088
1403638206745096960
1403638206795097088
1403638206845096960
1403638206895097088
1403638206945096960
1403638206995097088
1403638207045096960
1403638207095097088
1403638207145096960
1403638207195097088
1403638207245096960
1403638207295097088
1403638207345096960
1403638207395097088
1403638207445096960
1403638207495097088
1403638207545096960
1403638207595097088
1403638207645096960
1403638207695097088
1403638207745096960
1403638207795097088
1403638207845096960
1403638207895097088
1403638207945096960
1403638207995097088
1403638208045096960
1403638208095097088
1403638208145096960
1403638208195097088
1403638208245096960
1403638208295097088
1403638208345096960
1403638208395097088
1403638208445096960
1403638208495097088
1403638208545096960
1403638208595097088
1403638208645096960
1403638208695097088
1403638208745096960
1403638208795097088
1403638208845096960
1403638208895097088
1403638208945096960
1403638208995097088
1403638209045096960
1403638209095097088
1403638209145096960
1403638209195097088
1403638209245096960
1403638209295097088
1403638209345096960
1403638209395097088
1403638209445096960
1403638209495097088
1403638209545096960
1403638209595097088
1403638209645096960
1403638209695097088
1403638209745096960
1403638209795097088
1403638209845096960
1403638209895097088
1403638209945096960
1403638209995097088
1403638210045096960
1403638210095097088
1403638210145096960
1403638210195097088
1403638210245096960
1403638210295097088
1403638210345096960
1403638210395097088
1403638210445096960
1403638210495097088
1403638210545096960
1403638210595097088
1403638210645096960
1403638210695097088
1403638210745096960
1403638210795097088
1403638210845096960
1403638210895097088
1403638210945096960
1403638210995097088
1403638211045096960
1403638211095097088
1403638211145096960
1403638211195097088
1403638211245096960
1403638211295097088
1403638211345096960
1403638211395097088
1403638211445096960
1403638211495097088
1403638211545096960
1403638211595097088
1403638211645096960
1403638211695097088
1403638211745096960
1403638211795097088
1403638211845096960
1403638211895097088
1403638211945096960
1403638211995097088
1403638212045096960
1403638212095097088
1403638212145096960
1403638212195097088
