1403638192245096960
1403638192295097088
1403638192345096960
1403638192395097088
1403638192445096960
1403638192495097088
1403638192545096960
1403638192595097088
1403638192645096960
1403638192695097088
1403638192745096960
1403638192795097088
1403638192845096960
1403638192895097088
1403638192945096960
1403638192995097088
1403638193045096960
1403638193095097088
1403638193145096960
1403638193195097088
1403638193245096960
1403638193295097088
1403638193345096960
1403638193395097088
1403638193445096960
1403638193495097088
1403638193545096960
1403638193595097088
1403638193645096960
1403638193695097088
1403638193745096960
1403638193795097088
1403638193845096960
1403638193895097088
1403638193945096960
1403638193995097088
1403638194045096960
1403638194095097088
1403638194145096960
1403638194195097088
1403638194245096960
1403638194295097088
1403638194345096960
1403638194395097088
1403638194445096960
1403638194495097088
1403638194545096960
1403638194595097088
1403638194645096960
1403638194695097088
1403638194745096960
1403638194795097088
1403638194845096960
1403638194895097088
1403638194945096960
1403638194995097088
1403638195045096960
1403638195095097088
1403638195145096960
1403638195195097088
1403638195245096960
1403638195295097088
1403638195345096960
1403638195395097088
1403638195445096960
1403638195495097088
1403638195545096960
1403638195595097088
1403638195645096960
1403638195695097088
1403638195745096960
1403638195795097088
1403638195845096960
1403638195895097088
1403638195945096960
1403638195995097088
1403638196045096960
1403638196095097088
1403638196145096960
1403638196195097088
1403638196245096960
1403638196295097088
1403638196345096960
1403638196395097088
1403638196445096960
1403638196495097088
1403638196545096960
1403638196595097088
1403638196645096960
1403638196695097088
1403638196745096960
1403638196795097088
1403638196845096960
1403638196895097088
1403638196945096960
1403638196995097088
1403638197045096960
1403638197095097088
1403638197145096960
1403638197195097088
1403638197245096960
1403638197295097088
1403638197345096960
1403638197395097088
1403638197445096960
1403638197495097088
1403638197545096960
1403638197595097088
1403638197645096960
1403638197695097088
1403638197745096960
1403638197795097088
1403638197845096960
1403638197895097088
1403638197945096960
1403638197995097088
1403638198045096960
1403638198095097088
1403638198145096960
1403638198195097088
1403638198245096960
1403638198295097088
1403638198345096960
1403638198395097088
1403638198445096960
1403638198495097088
1403638198545096960
1403638198595097088
1403638198645096960
1403638198695097088
1403638198745096960
1403638198795097088
1403638198845096960
1403638198895097088
1403638198945096960
1403638198995097088
1403638199045096960
1403638199095097088
1403638199145096960
1403638199195097088
1403638199245096960
1403638199295097088
1403638199345096960
1403638199395097088
1403638199445096960
1403638199495097088
1403638199545096960
1403638199595097088
1403638199645096960
1403638199695097088
1403638199745096960
1403638199795097088
1403638199845096960
1403638199895097088
1403638199945096960
1403638199995097088
1403638200045096960
1403638200095097088
1403638200145096960
1403638200195097088
1403638200245096960
1403638200295097088
1403638200345096960
1403638200395097088
1403638200445096960
1403638200495097088
1403638200545096960
1403638200595097088
1403638200645096960
1403638200695097088
1403638200745096960
1403638200795097088
1403638200845096960
1403638200895097088
1403638200945096960
1403638200995097088
1403638201045096960
1403638201095097088
1403638201145096960
1403638201195097088
