1403638192245096960
1403638192295097088
1403638192345096960
1403638192395097088
1403638192445096960
1403638192495097088
1403638192545096960
1403638192595097088
1403638192645096960
1403638192695097088
1403638192745096960
1403638192795097088
1403638192845096960
1403638192895097088
1403638192945096960
1403638192995097088
1403638193045096960
1403638193095097088
1403638193145096960
1403638193195097088
1403638193245096960
1403638193295097088
1403638193345096960
1403638193395097088
1403638193445096960
1403638193495097088
1403638193545096960
1403638193595097088
1403638193645096960
1403638193695097088
1403638193745096960
1403638193795097088
1403638193845096960
1403638193895097088
1403638193945096960
1403638193995097088
1403638194045096960
1403638194095097088
1403638194145096960
1403638194195097088
