1403638192245096960, 1403638192245096960
1403638192245096960, 1403638193245096960
1403638192245096960, 1403638194245096960
1403638192245096960, 1403638195245096960
1403638192245096960, 1403638196245096960
1403638192245096960, 1403638197245096960
1403638192245096960, 1403638198245096960
1403638192245096960, 1403638199245096960
1403638192245096960, 1403638200245096960
1403638192245096960, 1403638201245096960
1403638192245096960, 1403638202245096960
1403638192245096960, 1403638203245096960
1403638192245096960, 1403638204245096960
1403638192245096960, 1403638205245096960
1403638192245096960, 1403638206245096960
1403638192245096960, 1403638207245096960
1403638192245096960, 1403638208245096960
1403638192245096960, 1403638209245096960
1403638192245096960, 1403638210245096960
1403638192245096960, 1403638211245096960
1403638192245096960, 1403638212245096960
1403638192245096960, 1403638213245096960
1403638192245096960, 1403638214245096960
1403638192245096960, 1403638215245096960
1403638192245096960, 1403638216245096960
1403638192245096960, 1403638217245096960
1403638192245096960, 1403638218245096960
1403638192245096960, 1403638219245096960
1403638192245096960, 1403638220245096960
1403638192245096960, 1403638221245096960
1403638192245096960, 1403638222245096960
1403638192245096960, 1403638223245096960
1403638192245096960, 1403638224245096960
1403638192245096960, 1403638225245096960
1403638192245096960, 1403638226245096960
1403638192245096960, 1403638227245096960
1403638192245096960, 1403638228245096960
