1403638628027829504
1403638627977829376
1403638627927829504
1403638627877829376
1403638627827829504
1403638627777829376
1403638627727829504
1403638627677829376
1403638627627829504
1403638627577829376
1403638627527829504
1403638627477829376
1403638627427829504
1403638627377829376
1403638627327829504
1403638627277829376
1403638627227829504
1403638627177829376
1403638627127829504
1403638627077829376
1403638627027829504
1403638626977829376
1403638626927829504
1403638626877829376
1403638626827829504
1403638626777829376
1403638626727829504
1403638626677829376
1403638626627829504
1403638626577829376
1403638626527829504
1403638626477829376
1403638626427829504
1403638626377829376
1403638626327829504
1403638626277829376
1403638626227829504
1403638626177829376
1403638626127829504
1403638626077829376
1403638626027829504
1403638625977829376
1403638625927829504
1403638625877829376
1403638625827829504
1403638625777829376
1403638625727829504
1403638625677829376
1403638625627829504
1403638625577829376
1403638625527829504
1403638625477829376
1403638625427829504
1403638625377829376
1403638625327829504
1403638625277829376
1403638625227829504
1403638625177829376
1403638625127829504
1403638625077829376
1403638625027829504
1403638624977829376
1403638624927829504
1403638624877829376
1403638624827829504
1403638624777829376
1403638624727829504
1403638624677829376
1403638624627829504
1403638624577829376
1403638624527829504
1403638624477829376
1403638624427829504
1403638624377829376
1403638624327829504
1403638624277829376
1403638624227829504
1403638624177829376
1403638624127829504
1403638624077829376
1403638624027829504
1403638623977829376
1403638623927829504
1403638623877829376
1403638623827829504
1403638623777829376
1403638623727829504
1403638623677829376
1403638623627829504
1403638623577829376
1403638623527829504
1403638623477829376
1403638623427829504
1403638623377829376
1403638623327829504
1403638623277829376
1403638623227829504
1403638623177829376
1403638623127829504
1403638623077829376
1403638623027829504
1403638622977829376
1403638622927829504
1403638622877829376
1403638622827829504
1403638622777829376
1403638622727829504
1403638622677829376
1403638622627829504
1403638622577829376
1403638622527829504
1403638622477829376
1403638622427829504
1403638622377829376
1403638622327829504
1403638622277829376
1403638622227829504
1403638622177829376
1403638622127829504
1403638622077829376
1403638622027829504
1403638621977829376
1403638621927829504
1403638621877829376
1403638621827829504
1403638621777829376
1403638621727829504
1403638621677829376
1403638621627829504
1403638621577829376
1403638621527829504
1403638621477829376
1403638621427829504
1403638621377829376
1403638621327829504
1403638621277829376
1403638621227829504
1403638621177829376
1403638621127829504
1403638621077829376
1403638621027829504
1403638620977829376
1403638620927829504
1403638620877829376
1403638620827829504
1403638620777829376
1403638620727829504
1403638620677829376
1403638620627829504
1403638620577829376
1403638620527829504
1403638620477829376
1403638620427829504
1403638620377829376
1403638620327829504
1403638620277829376
1403638620227829504
1403638620177829376
1403638620127829504
1403638620077829376
1403638620027829504
1403638619977829376
1403638619927829504
1403638619877829376
1403638619827829504
1403638619777829376
1403638619727829504
1403638619677829376
1403638619627829504
1403638619577829376
1403638619527829504
1403638619477829376
1403638619427829504
1403638619377829376
1403638619327829504
1403638619277829376
1403638619227829504
1403638619177829376
1403638619127829504
1403638619077829376
1403638619027829504
1403638618977829376
1403638618927829504
1403638618877829376
1403638618827829504
1403638618777829376
1403638618727829504
1403638618677829376
1403638618627829504
1403638618577829376
1403638618527829504
1403638618477829376
1403638618427829504
1403638618377829376
1403638618327829504
1403638618277829376
1403638618227829504
1403638618177829376
1403638618127829504
1403638618077829376
1403638618027829504
1403638617977829376
1403638617927829504
1403638617877829376
1403638617827829504
1403638617777829376
1403638617727829504
1403638617677829376
1403638617627829504
1403638617577829376
1403638617527829504
1403638617477829376
1403638617427829504
1403638617377829376
1403638617327829504
1403638617277829376
1403638617227829504
1403638617177829376
1403638617127829504
1403638617077829376
1403638617027829504
1403638616977829376
1403638616927829504
1403638616877829376
1403638616827829504
1403638616777829376
1403638616727829504
1403638616677829376
1403638616627829504
1403638616577829376
1403638616527829504
1403638616477829376
1403638616427829504
1403638616377829376
1403638616327829504
1403638616277829376
1403638616227829504
1403638616177829376
1403638616127829504
1403638616077829376
1403638616027829504
1403638615977829376
1403638615927829504
1403638615877829376
1403638615827829504
1403638615777829376
1403638615727829504
1403638615677829376
1403638615627829504
1403638615577829376
1403638615527829504
1403638615477829376
1403638615427829504
1403638615377829376
1403638615327829504
1403638615277829376
1403638615227829504
1403638615177829376
1403638615127829504
1403638615077829376
1403638615027829504
1403638614977829376
1403638614927829504
1403638614877829376
1403638614827829504
1403638614777829376
1403638614727829504
1403638614677829376
1403638614627829504
1403638614577829376
1403638614527829504
1403638614477829376
1403638614427829504
1403638614377829376
1403638614327829504
1403638614277829376
1403638614227829504
1403638614177829376
1403638614127829504
1403638614077829376
1403638614027829504
1403638613977829376
1403638613927829504
1403638613877829376
1403638613827829504
1403638613777829376
1403638613727829504
1403638613677829376
1403638613627829504
1403638613577829376
1403638613527829504
1403638613477829376
1403638613427829504
1403638613377829376
1403638613327829504
1403638613277829376
1403638613227829504
1403638613177829376
1403638613127829504
1403638613077829376
