1403638570577829376
1403638570627829504
1403638570677829376
1403638570727829504
1403638570777829376
1403638570827829504
1403638570877829376
1403638570927829504
1403638570977829376
1403638571027829504
1403638571077829376
1403638571127829504
1403638571177829376
1403638571227829504
1403638571277829376
1403638571327829504
1403638571377829376
1403638571427829504
1403638571477829376
1403638571527829504
1403638571577829376
1403638571627829504
1403638571677829376
1403638571727829504
1403638571777829376
1403638571827829504
1403638571877829376
1403638571927829504
1403638571977829376
1403638572027829504
1403638572077829376
1403638572127829504
1403638572177829376
1403638572227829504
1403638572277829376
1403638572327829504
1403638572377829376
1403638572427829504
1403638572477829376
1403638572527829504
1403638572577829376
1403638572627829504
1403638572677829376
1403638572727829504
1403638572777829376
1403638572827829504
1403638572877829376
1403638572927829504
1403638572977829376
1403638573027829504
1403638573077829376
1403638573127829504
1403638573177829376
1403638573227829504
1403638573277829376
1403638573327829504
1403638573377829376
1403638573427829504
1403638573477829376
1403638573527829504
1403638573577829376
1403638573627829504
1403638573677829376
1403638573727829504
1403638573777829376
1403638573827829504
1403638573877829376
1403638573927829504
1403638573977829376
1403638574027829504
1403638574077829376
1403638574127829504
1403638574177829376
1403638574227829504
1403638574277829376
1403638574327829504
1403638574377829376
1403638574427829504
1403638574477829376
1403638574527829504
1403638574577829376
1403638574627829504
1403638574677829376
1403638574727829504
1403638574777829376
1403638574827829504
1403638574877829376
1403638574927829504
1403638574977829376
1403638575027829504
1403638575077829376
1403638575127829504
1403638575177829376
1403638575227829504
1403638575277829376
1403638575327829504
1403638575377829376
1403638575427829504
1403638575477829376
1403638575527829504
