1403638570577829376
1403638570627829504
1403638570677829376
1403638570727829504
1403638570777829376
1403638570827829504
1403638570877829376
1403638570927829504
1403638570977829376
1403638571027829504
1403638571077829376
1403638571127829504
1403638571177829376
1403638571227829504
1403638571277829376
1403638571327829504
1403638571377829376
1403638571427829504
1403638571477829376
1403638571527829504
1403638571577829376
1403638571627829504
1403638571677829376
1403638571727829504
1403638571777829376
1403638571827829504
1403638571877829376
1403638571927829504
1403638571977829376
1403638572027829504
1403638572077829376
1403638572127829504
1403638572177829376
1403638572227829504
1403638572277829376
1403638572327829504
1403638572377829376
1403638572427829504
1403638572477829376
1403638572527829504
1403638572577829376
1403638572627829504
1403638572677829376
1403638572727829504
1403638572777829376
1403638572827829504
1403638572877829376
1403638572927829504
1403638572977829376
1403638573027829504
1403638573077829376
1403638573127829504
1403638573177829376
1403638573227829504
1403638573277829376
1403638573327829504
1403638573377829376
1403638573427829504
1403638573477829376
1403638573527829504
1403638573577829376
1403638573627829504
1403638573677829376
1403638573727829504
1403638573777829376
1403638573827829504
1403638573877829376
1403638573927829504
1403638573977829376
1403638574027829504
1403638574077829376
1403638574127829504
1403638574177829376
1403638574227829504
1403638574277829376
1403638574327829504
1403638574377829376
1403638574427829504
1403638574477829376
1403638574527829504
1403638574577829376
1403638574627829504
1403638574677829376
1403638574727829504
1403638574777829376
1403638574827829504
1403638574877829376
1403638574927829504
1403638574977829376
1403638575027829504
1403638575077829376
1403638575127829504
1403638575177829376
1403638575227829504
1403638575277829376
1403638575327829504
1403638575377829376
1403638575427829504
1403638575477829376
1403638575527829504
1403638575577829376
1403638575627829504
1403638575677829376
1403638575727829504
1403638575777829376
1403638575827829504
1403638575877829376
1403638575927829504
1403638575977829376
1403638576027829504
1403638576077829376
1403638576127829504
1403638576177829376
1403638576227829504
1403638576277829376
1403638576327829504
1403638576377829376
1403638576427829504
1403638576477829376
1403638576527829504
1403638576577829376
1403638576627829504
1403638576677829376
1403638576727829504
1403638576777829376
1403638576827829504
1403638576877829376
1403638576927829504
1403638576977829376
1403638577027829504
1403638577077829376
1403638577127829504
1403638577177829376
1403638577227829504
1403638577277829376
1403638577327829504
1403638577377829376
1403638577427829504
1403638577477829376
1403638577527829504
1403638577577829376
1403638577627829504
1403638577677829376
1403638577727829504
1403638577777829376
1403638577827829504
1403638577877829376
1403638577927829504
1403638577977829376
1403638578027829504
1403638578077829376
1403638578127829504
1403638578177829376
1403638578227829504
1403638578277829376
1403638578327829504
1403638578377829376
1403638578427829504
1403638578477829376
1403638578527829504
1403638578577829376
1403638578627829504
1403638578677829376
1403638578727829504
1403638578777829376
1403638578827829504
1403638578877829376
1403638578927829504
1403638578977829376
1403638579027829504
1403638579077829376
1403638579127829504
1403638579177829376
1403638579227829504
1403638579277829376
1403638579327829504
1403638579377829376
1403638579427829504
1403638579477829376
1403638579527829504
1403638579577829376
1403638579627829504
1403638579677829376
1403638579727829504
1403638579777829376
1403638579827829504
1403638579877829376
1403638579927829504
1403638579977829376
1403638580027829504
1403638580077829376
1403638580127829504
1403638580177829376
1403638580227829504
1403638580277829376
1403638580327829504
1403638580377829376
1403638580427829504
1403638580477829376
1403638580527829504
1403638580577829376
1403638580627829504
1403638580677829376
1403638580727829504
1403638580777829376
1403638580827829504
1403638580877829376
1403638580927829504
1403638580977829376
1403638581027829504
1403638581077829376
1403638581127829504
1403638581177829376
1403638581227829504
1403638581277829376
1403638581327829504
1403638581377829376
1403638581427829504
1403638581477829376
1403638581527829504
1403638581577829376
1403638581627829504
1403638581677829376
1403638581727829504
1403638581777829376
1403638581827829504
1403638581877829376
1403638581927829504
1403638581977829376
1403638582027829504
1403638582077829376
1403638582127829504
1403638582177829376
1403638582227829504
1403638582277829376
1403638582327829504
1403638582377829376
1403638582427829504
1403638582477829376
1403638582527829504
1403638582577829376
1403638582627829504
1403638582677829376
1403638582727829504
1403638582777829376
1403638582827829504
1403638582877829376
1403638582927829504
1403638582977829376
1403638583027829504
1403638583077829376
1403638583127829504
1403638583177829376
1403638583227829504
1403638583277829376
1403638583327829504
1403638583377829376
1403638583427829504
1403638583477829376
1403638583527829504
1403638583577829376
1403638583627829504
1403638583677829376
1403638583727829504
1403638583777829376
1403638583827829504
1403638583877829376
1403638583927829504
1403638583977829376
1403638584027829504
1403638584077829376
1403638584127829504
1403638584177829376
1403638584227829504
1403638584277829376
1403638584327829504
1403638584377829376
1403638584427829504
1403638584477829376
1403638584527829504
1403638584577829376
1403638584627829504
1403638584677829376
1403638584727829504
1403638584777829376
1403638584827829504
1403638584877829376
1403638584927829504
1403638584977829376
1403638585027829504
1403638585077829376
1403638585127829504
1403638585177829376
1403638585227829504
1403638585277829376
1403638585327829504
1403638585377829376
1403638585427829504
1403638585477829376
1403638585527829504
1403638585577829376
1403638585627829504
1403638585677829376
1403638585727829504
1403638585777829376
1403638585827829504
1403638585877829376
1403638585927829504
1403638585977829376
1403638586027829504
1403638586077829376
1403638586127829504
1403638586177829376
1403638586227829504
1403638586277829376
1403638586327829504
1403638586377829376
1403638586427829504
1403638586477829376
1403638586527829504
1403638586577829376
1403638586627829504
1403638586677829376
1403638586727829504
1403638586777829376
1403638586827829504
1403638586877829376
1403638586927829504
1403638586977829376
1403638587027829504
1403638587077829376
1403638587127829504
1403638587177829376
1403638587227829504
1403638587277829376
1403638587327829504
1403638587377829376
1403638587427829504
1403638587477829376
1403638587527829504
1403638587577829376
1403638587627829504
1403638587677829376
1403638587727829504
1403638587777829376
1403638587827829504
1403638587877829376
1403638587927829504
1403638587977829376
1403638588027829504
1403638588077829376
1403638588127829504
1403638588177829376
1403638588227829504
1403638588277829376
1403638588327829504
1403638588377829376
1403638588427829504
1403638588477829376
1403638588527829504
1403638588577829376
1403638588627829504
1403638588677829376
1403638588727829504
1403638588777829376
1403638588827829504
1403638588877829376
1403638588927829504
1403638588977829376
1403638589027829504
1403638589077829376
1403638589127829504
1403638589177829376
1403638589227829504
1403638589277829376
1403638589327829504
1403638589377829376
1403638589427829504
1403638589477829376
1403638589527829504
1403638589577829376
1403638589627829504
1403638589677829376
1403638589727829504
1403638589777829376
1403638589827829504
1403638589877829376
1403638589927829504
1403638589977829376
1403638590027829504
1403638590077829376
1403638590127829504
1403638590177829376
1403638590227829504
1403638590277829376
1403638590327829504
1403638590377829376
1403638590427829504
1403638590477829376
1403638590527829504
1403638590577829376
1403638590627829504
1403638590677829376
1403638590727829504
1403638590777829376
1403638590827829504
1403638590877829376
1403638590927829504
1403638590977829376
1403638591027829504
1403638591077829376
1403638591127829504
1403638591177829376
1403638591227829504
1403638591277829376
1403638591327829504
1403638591377829376
1403638591427829504
1403638591477829376
1403638591527829504
1403638591577829376
1403638591627829504
1403638591677829376
1403638591727829504
1403638591777829376
1403638591827829504
1403638591877829376
1403638591927829504
1403638591977829376
1403638592027829504
1403638592077829376
1403638592127829504
1403638592177829376
1403638592227829504
1403638592277829376
1403638592327829504
1403638592377829376
1403638592427829504
1403638592477829376
1403638592527829504
1403638592577829376
1403638592627829504
1403638592677829376
1403638592727829504
1403638592777829376
1403638592827829504
1403638592877829376
1403638592927829504
1403638592977829376
1403638593027829504
1403638593077829376
1403638593127829504
1403638593177829376
1403638593227829504
1403638593277829376
1403638593327829504
1403638593377829376
1403638593427829504
1403638593477829376
1403638593527829504
1403638593577829376
1403638593627829504
1403638593677829376
1403638593727829504
1403638593777829376
1403638593827829504
1403638593877829376
1403638593927829504
1403638593977829376
1403638594027829504
1403638594077829376
1403638594127829504
1403638594177829376
1403638594227829504
1403638594277829376
1403638594327829504
1403638594377829376
1403638594427829504
1403638594477829376
1403638594527829504
1403638594577829376
1403638594627829504
1403638594677829376
1403638594727829504
1403638594777829376
1403638594827829504
1403638594877829376
1403638594927829504
1403638594977829376
1403638595027829504
1403638595077829376
1403638595127829504
1403638595177829376
1403638595227829504
1403638595277829376
1403638595327829504
1403638595377829376
1403638595427829504
1403638595477829376
1403638595527829504
1403638595577829376
1403638595627829504
1403638595677829376
1403638595727829504
1403638595777829376
1403638595827829504
1403638595877829376
1403638595927829504
1403638595977829376
1403638596027829504
1403638596077829376
1403638596127829504
1403638596177829376
1403638596227829504
1403638596277829376
1403638596327829504
1403638596377829376
1403638596427829504
1403638596477829376
1403638596527829504
1403638596577829376
1403638596627829504
1403638596677829376
1403638596727829504
1403638596777829376
1403638596827829504
1403638596877829376
1403638596927829504
1403638596977829376
1403638597027829504
1403638597077829376
1403638597127829504
1403638597177829376
1403638597227829504
1403638597277829376
1403638597327829504
1403638597377829376
1403638597427829504
1403638597477829376
1403638597527829504
1403638597577829376
1403638597627829504
1403638597677829376
1403638597727829504
1403638597777829376
1403638597827829504
1403638597877829376
1403638597927829504
1403638597977829376
1403638598027829504
1403638598077829376
1403638598127829504
1403638598177829376
1403638598227829504
1403638598277829376
1403638598327829504
1403638598377829376
1403638598427829504
1403638598477829376
1403638598527829504
1403638598577829376
1403638598627829504
1403638598677829376
1403638598727829504
1403638598777829376
1403638598827829504
1403638598877829376
1403638598927829504
1403638598977829376
1403638599027829504
1403638599077829376
1403638599127829504
1403638599177829376
1403638599227829504
1403638599277829376
1403638599327829504
1403638599377829376
1403638599427829504
1403638599477829376
1403638599527829504
1403638599577829376
1403638599627829504
1403638599677829376
1403638599727829504
1403638599777829376
1403638599827829504
1403638599877829376
1403638599927829504
1403638599977829376
1403638600027829504
1403638600077829376
1403638600127829504
1403638600177829376
1403638600227829504
1403638600277829376
1403638600327829504
1403638600377829376
1403638600427829504
1403638600477829376
1403638600527829504
