1403638573077829376, 1403638598077829376
1403638573077829376, 1403638599077829376
1403638573077829376, 1403638600077829376
1403638573077829376, 1403638601077829376
1403638573077829376, 1403638602077829376
1403638573077829376, 1403638603077829376
1403638573077829376, 1403638604077829376
1403638573077829376, 1403638605077829376
1403638573077829376, 1403638606077829376
1403638573077829376, 1403638607077829376
1403638573077829376, 1403638608077829376
1403638573077829376, 1403638609077829376
1403638573077829376, 1403638610077829376
1403638573077829376, 1403638611077829376
1403638573077829376, 1403638612077829376
1403638573077829376, 1403638613077829376
1403638573077829376, 1403638614077829376
1403638573077829376, 1403638615077829376
1403638573077829376, 1403638616077829376
1403638573077829376, 1403638617077829376
