1403638518077829376
1403638518127829504
1403638518177829376
1403638518227829504
1403638518277829376
1403638518327829504
1403638518377829376
1403638518427829504
1403638518477829376
1403638518527829504
1403638518577829376
1403638518627829504
1403638518677829376
1403638518727829504
1403638518777829376
1403638518827829504
1403638518877829376
1403638518927829504
1403638518977829376
1403638519027829504
1403638519077829376
1403638519127829504
1403638519177829376
1403638519227829504
1403638519277829376
1403638519327829504
1403638519377829376
1403638519427829504
1403638519477829376
1403638519527829504
1403638519577829376
1403638519627829504
1403638519677829376
1403638519727829504
1403638519777829376
1403638519827829504
1403638519877829376
1403638519927829504
1403638519977829376
1403638520027829504
1403638520077829376
1403638520127829504
1403638520177829376
1403638520227829504
1403638520277829376
1403638520327829504
1403638520377829376
1403638520427829504
1403638520477829376
1403638520527829504
1403638520577829376
1403638520627829504
1403638520677829376
1403638520727829504
1403638520777829376
1403638520827829504
1403638520877829376
1403638520927829504
1403638520977829376
1403638521027829504
1403638521077829376
1403638521127829504
1403638521177829376
1403638521227829504
1403638521277829376
1403638521327829504
1403638521377829376
1403638521427829504
1403638521477829376
1403638521527829504
1403638521577829376
1403638521627829504
1403638521677829376
1403638521727829504
1403638521777829376
1403638521827829504
1403638521877829376
1403638521927829504
1403638521977829376
1403638522027829504
1403638522077829376
1403638522127829504
1403638522177829376
1403638522227829504
1403638522277829376
1403638522327829504
1403638522377829376
1403638522427829504
1403638522477829376
1403638522527829504
1403638522577829376
1403638522627829504
1403638522677829376
1403638522727829504
1403638522777829376
1403638522827829504
1403638522877829376
1403638522927829504
1403638522977829376
1403638523027829504
