1403638177245096960
1403638177295097088
1403638177345096960
1403638177395097088
1403638177445096960
1403638177495097088
1403638177545096960
1403638177595097088
1403638177645096960
1403638177695097088
1403638177745096960
1403638177795097088
1403638177845096960
1403638177895097088
1403638177945096960
1403638177995097088
1403638178045096960
1403638178095097088
1403638178145096960
1403638178195097088
1403638178245096960
1403638178295097088
1403638178345096960
1403638178395097088
1403638178445096960
1403638178495097088
1403638178545096960
1403638178595097088
1403638178645096960
1403638178695097088
1403638178745096960
1403638178795097088
1403638178845096960
1403638178895097088
1403638178945096960
1403638178995097088
1403638179045096960
1403638179095097088
1403638179145096960
1403638179195097088
1403638179245096960
1403638179295097088
1403638179345096960
1403638179395097088
1403638179445096960
1403638179495097088
1403638179545096960
1403638179595097088
1403638179645096960
1403638179695097088
1403638179745096960
1403638179795097088
1403638179845096960
1403638179895097088
1403638179945096960
1403638179995097088
1403638180045096960
1403638180095097088
1403638180145096960
1403638180195097088
1403638180245096960
1403638180295097088
1403638180345096960
1403638180395097088
1403638180445096960
1403638180495097088
1403638180545096960
1403638180595097088
1403638180645096960
1403638180695097088
1403638180745096960
1403638180795097088
1403638180845096960
1403638180895097088
1403638180945096960
1403638180995097088
1403638181045096960
1403638181095097088
1403638181145096960
1403638181195097088
1403638181245096960
1403638181295097088
1403638181345096960
1403638181395097088
1403638181445096960
1403638181495097088
1403638181545096960
1403638181595097088
1403638181645096960
1403638181695097088
1403638181745096960
1403638181795097088
1403638181845096960
1403638181895097088
1403638181945096960
1403638181995097088
1403638182045096960
1403638182095097088
1403638182145096960
1403638182195097088
