1403638129445096960.000000 0.000000000 0.000000000 0.000000000 0.000000000 0.000000000 0.000000000 1.000000000
1403638129595097088.000000 -0.010327475 -0.017205598 -0.008700751 0.032072056 -0.001946111 0.033870380 0.998909593
1403638129745096960.000000 -0.018014615 -0.065396510 -0.019615304 0.031768292 -0.003456387 0.050113555 0.998232186
1403638129845096960.000000 -0.030180391 -0.116268016 -0.033213496 0.039993398 -0.001858444 0.051037718 0.997893870
1403638129995097088.000000 -0.059019122 -0.240143493 -0.066592403 0.050111614 0.001104971 0.056814648 0.997125745
1403638130095097088.000000 -0.079539284 -0.367024302 -0.093412444 0.039214373 0.004206871 0.044558816 0.998227954
1403638130245096960.000000 -0.114379890 -0.549879014 -0.129220918 0.043508988 0.012180668 0.044830602 0.997972369
1403638131095097088.000000 -0.148520216 -0.817400277 -0.194650531 -0.018436145 0.028622277 0.001544238 0.999419093
1403638131445096960.000000 -0.127490491 -0.689809799 -0.174165040 0.012498990 0.023051294 0.034947898 0.999045074
1403638132145096960.000000 -0.019054508 -0.262424052 -0.125233218 0.027933246 0.013722562 0.098173015 0.994682610
1403638133145096960.000000 -0.134493947 -0.729298651 -0.196965054 -0.017376604 0.052402392 0.025611604 0.998146355
1403638133445096960.000000 0.015243737 -0.647269309 -0.176741377 -0.005486326 -0.001377523 0.037861366 0.999266982
1403638133695097088.000000 0.168827057 -0.590385675 -0.181524336 0.003434294 -0.042289332 0.009626833 0.999053121
1403638134045096960.000000 0.266175896 -0.533343673 -0.171007782 0.009887847 -0.087924212 0.010903436 0.996018410
1403638135195097088.000000 -0.265096098 -0.604114234 0.029478937 0.032151785 -0.069482148 0.005743349 0.997048378
1403638135595097088.000000 -0.189675838 -0.544270873 0.002397649 0.040901240 -0.088110231 0.020931499 0.995050550
1403638136045096960.000000 0.009720212 -0.545565844 -0.086526088 0.044188365 -0.119229443 0.026660556 0.991524577
1403638136445096960.000000 0.224075034 -0.548597574 -0.179664761 0.021662021 -0.145676792 0.018970393 0.988913119
1403638136795097088.000000 0.154392987 -0.579426050 -0.187589139 0.021133255 -0.126199812 -0.010071415 0.991728544
1403638137645096960.000000 -0.118133560 -0.081710197 0.023641342 0.040357526 -0.090972938 0.026662719 0.994677961
1403638137945096960.000000 -0.124296747 0.076827303 0.062076237 0.051595341 -0.106222473 0.036265276 0.992340446
1403638138245096960.000000 -0.125042170 0.111499853 0.074866563 0.040057618 -0.106508844 0.033056773 0.992954433
