1403638607827829504.000000 -18.131612778 -8.581634521 8.221057892 -0.007812866 0.465829819 0.182505265 0.865813732
1403638609227829504.000000 -19.912046432 -6.620796204 7.373525620 -0.013993156 0.462972313 0.166157663 0.870547175
1403638609877829376.000000 -20.170808792 -5.810044289 7.219334602 -0.014938816 0.459322602 0.173803538 0.870971799
1403638610577829376.000000 -20.098855972 -5.098065853 7.170876503 -0.040330186 0.463454485 0.159896180 0.870641470
1403638611227829504.000000 -19.528125763 -4.434595585 7.107330322 -0.032001648 0.467970133 0.159937337 0.868561983
1403638611927829504.000000 -18.486259460 -3.910296917 6.888123989 -0.019698266 0.459301054 0.176503062 0.870345414
1403638612627829504.000000 -17.365449905 -3.476068020 6.585008144 -0.022929093 0.453017116 0.178627595 0.873121917
1403638613327829504.000000 -16.224138260 -3.030799627 6.283033848 -0.024013042 0.446234375 0.177869767 0.876732945
1403638614127829504.000000 -14.845472336 -2.502817631 5.801249981 -0.034477897 0.394416213 0.144705385 0.906811714
1403638614877829376.000000 -13.292909622 -2.151290417 5.174835682 -0.000827195 0.300966889 0.094104566 0.948979735
1403638615627829504.000000 -11.486462593 -2.461820602 4.692860603 -0.022051886 0.084409878 0.036169145 0.995530248
1403638616127829504.000000 -10.285851479 -2.593173504 4.376322746 -0.021981936 0.016625160 0.006419789 0.999599516
1403638616977829376.000000 -8.242604256 -1.995988727 4.141656876 0.015791280 -0.082343861 -0.048349325 0.995305181
1403638129795097088.000000 0.385487944 -0.000517330 0.166938871 0.014231691 0.009253403 -0.005377790 0.999841452
1403638129945096960.000000 0.376919389 -0.066971384 0.141703621 0.029069006 0.013067995 0.004275751 0.999482810
1403638130045096960.000000 0.371213496 -0.141946524 0.119763426 0.016726077 0.015626069 -0.003013735 0.999733448
1403638130095097088.000000 0.369451642 -0.184260592 0.104635879 0.009013544 0.017445128 -0.008980063 0.999766886
1403638130195097088.000000 0.363512754 -0.265342474 0.076706052 0.005420354 0.023065157 -0.010238257 0.999666870
1403638130295097088.000000 0.358788460 -0.348144323 0.049174905 0.001188337 0.028666388 -0.011181780 0.999525785
1403638130395097088.000000 0.355491281 -0.434705168 0.023950689 -0.009689354 0.033364635 -0.026068931 0.999056220
1403638130595097088.000000 0.327290207 -0.574403346 -0.007841025 -0.007566968 0.038417686 -0.011864342 0.999162674
1403638131395097088.000000 0.343217164 -0.621657968 -0.039606608 -0.024877721 0.036016472 -0.017120160 0.998894811
1403638133995097088.000000 0.898289561 -0.350293666 -0.045265004 -0.018388124 -0.080427349 -0.048081357 0.995430291
1403638136495097088.000000 0.859484076 -0.335872948 -0.040343836 -0.001971006 -0.140368387 -0.040753279 0.989258289
1403638137445096960.000000 0.357585609 -0.136688069 0.146251291 0.002995922 -0.064177155 -0.056774847 0.996317685
1403638138345096960.000000 0.302739024 0.122372478 0.240901604 0.027720185 -0.090836801 -0.021842696 0.995240271
1403638140445096960.000000 0.301394135 0.122983173 0.240143046 0.022425663 -0.090871334 -0.022884589 0.995347083
1403638147995097088.000000 0.309469700 0.078011625 0.258761346 -0.006537578 -0.095664926 -0.025475588 0.995066047
1403638152545096960.000000 -2.262795925 -1.845719337 2.250800371 -0.007609082 0.138479427 0.093395568 0.985922337
1403638153595097088.000000 -4.086220264 -2.362261295 2.959059954 0.001521255 0.240781635 0.135058761 0.961135268
1403638154445096960.000000 -5.910109043 -2.726525068 3.617506266 -0.040722996 0.311061412 0.141565725 0.938904464
1403638155545096960.000000 -8.252384186 -2.890564919 3.614776134 -0.046669848 0.389670461 0.176486582 0.902680099
1403638156395097088.000000 -9.746787071 -2.565238714 2.947865009 0.003194382 0.546257973 0.225667298 0.806638896
1403638157295097088.000000 -11.427732468 -2.285520792 2.517511606 0.016493043 0.550995529 0.235603541 0.800389230
1403638158145096960.000000 -13.365862846 -2.309726954 2.237575293 -0.008350685 0.638403952 0.257290810 0.725377202
1403638158945096960.000000 -15.126870155 -2.184057236 2.024395704 0.000722361 0.646924913 0.261930496 0.716156423
1403638159745096960.000000 -16.996206284 -2.321352482 1.848920226 -0.005674313 0.665444016 0.196616486 0.720065236
1403638160795097088.000000 -18.507547379 -3.636559010 1.987378120 0.001320614 0.647192717 0.256382495 0.717919111
1403638162995097088.000000 -20.568073273 -6.024798393 4.023895741 0.000688423 0.498686075 0.177818611 0.848346770
1403638165195097088.000000 -20.289459229 -8.703514099 7.897821903 -0.029121015 0.400074571 0.132167518 0.906434834
1403638166095097088.000000 -18.993244171 -9.108908653 9.611301422 -0.020003831 0.373295903 0.150183156 0.915256798
1403638166945096960.000000 -17.676174164 -10.058204651 10.562181473 0.022382684 0.386756927 0.149219722 0.909753561
1403638167745096960.000000 -16.923902512 -10.987991333 11.873231888 0.009339563 0.379998535 0.138269320 0.914546609
1403638168345096960.000000 -16.411354065 -11.715185165 13.244172096 0.001869278 0.303298086 0.102258757 0.947391093
1403638169845096960.000000 -15.274015427 -13.356297493 17.238250732 -0.028671671 0.176924273 0.063567936 0.981750906
1403638170545096960.000000 -14.442502975 -14.027225494 18.689487457 -0.040189713 0.016040917 -0.013454217 0.998972714
1403638171195097088.000000 -13.378398895 -14.409889221 19.406272888 -0.054933447 -0.108856022 -0.067996420 0.990206659
1403638171845096960.000000 -11.931869507 -14.355931282 19.479057312 -0.074830398 -0.154644981 -0.103126802 0.979719460
1403638172345096960.000000 -10.559037209 -14.119551659 18.859260559 -0.079683535 -0.181862950 -0.098011322 0.975176990
1403638172845096960.000000 -9.083745956 -13.355545044 17.822328568 -0.088134155 -0.169961348 -0.104055725 0.975970268
1403638173445096960.000000 -7.056097984 -11.839960098 16.051723480 -0.054122511 -0.164808929 -0.082543567 0.981374204
1403638173945096960.000000 -5.337973595 -10.183897018 14.441033363 -0.045168068 -0.175930128 -0.065809168 0.981161356
1403638174545096960.000000 -3.389901876 -8.297816277 12.408328056 -0.014131476 -0.172220767 -0.068666764 0.982560515
1403638175195097088.000000 -1.424381733 -6.611845016 10.475543976 0.007422222 -0.178359106 -0.057382412 0.982262790
1403638175945096960.000000 0.652561903 -5.680498123 9.008686066 0.072092764 -0.181569800 -0.048296060 0.979542017
1403638176795097088.000000 2.498154640 -5.461022854 8.895855904 -0.004194731 -0.188835412 -0.029002206 0.981571436
1403638177895097088.000000 3.529185295 -5.484269142 9.455991745 -0.023974555 -0.182381943 -0.076887228 0.979923666
1403638178995097088.000000 4.486425400 -5.351280212 9.543668747 -0.014116528 -0.354692101 -0.153841406 0.922131777
1403638180245096960.000000 6.262072086 -4.720856190 9.254159927 -0.004184207 -0.528470516 -0.213684440 0.821608424
1403638181845096960.000000 9.642931938 -4.050110817 8.734917641 -0.036158893 -0.605982125 -0.231583491 0.760162652
1403638182645096960.000000 11.382353783 -3.859970331 7.808159351 0.013972234 -0.643753946 -0.263291210 0.718375504
1403638183395097088.000000 13.339911461 -3.780699730 6.920408726 0.011432962 -0.639903903 -0.244808882 0.728327453
1403638184145096960.000000 15.444146156 -3.688785553 6.376239300 0.009796579 -0.644943714 -0.233430535 0.727641284
1403638184895097088.000000 17.551635742 -3.823639393 6.209884644 0.005447979 -0.648577213 -0.232554808 0.724731803
1403638185695097088.000000 19.652097702 -4.156786442 6.407219887 0.003806836 -0.632435501 -0.197484687 0.749006391
1403638186595097088.000000 21.709007263 -4.595219612 7.005749226 0.002101128 -0.603302360 -0.217349350 0.767320693
1403638189295097088.000000 24.128261566 -6.411283970 9.433341980 -0.049559746 -0.418857038 -0.129166871 0.897451162
1403638190145096960.000000 23.003501892 -6.802196503 9.554891586 -0.000420656 -0.362159103 -0.133473903 0.922510326
1403638192095097088.000000 20.085781097 -7.330266476 10.653283119 0.003035888 -0.341612279 -0.096605010 0.934857905
1403638193045096960.000000 18.377950668 -8.244790077 11.284178734 -0.089888774 -0.331718743 -0.109934010 0.932629168
1403638193895097088.000000 16.391611099 -8.664672852 10.729019165 -0.026720049 -0.300851673 -0.096153632 0.948434889
1403638194795097088.000000 14.247277260 -8.537091255 9.805989265 -0.001782240 -0.303115249 -0.105729364 0.947068810
1403638196195097088.000000 12.008863449 -8.159155846 9.432002068 0.007057486 -0.302331835 -0.107887886 0.947051167
1403638197045096960.000000 11.452816010 -8.329110146 9.815611839 -0.000343111 -0.303565353 -0.109819986 0.946460545
1403638198095097088.000000 11.014184952 -9.024188995 10.478559494 -0.046098031 -0.309568554 -0.088093601 0.945664763
1403638198845096960.000000 10.309393883 -8.686682701 11.077725410 -0.019663889 -0.328555435 -0.031042757 0.943769574
1403638199695097088.000000 8.157168388 -9.072352409 11.734791756 -0.016106235 -0.317533493 -0.035787780 0.947434604
1403638200645096960.000000 4.449275970 -9.984968185 12.422358513 -0.032767359 -0.206885099 0.005193890 0.977802575
1403638201345096960.000000 0.999638796 -10.691930771 12.817723274 -0.025091358 -0.164196834 -0.015886649 0.985980451
1403638202095097088.000000 -2.848781347 -10.656569481 13.332859039 -0.029671501 -0.156376466 -0.019776676 0.987053633
1403638203845096960.000000 -10.510200500 -10.346261978 14.078066826 -0.026311785 -0.130601153 -0.035590902 0.990446508
1403638204545096960.000000 -12.766178131 -10.563183784 13.944807053 -0.002579325 -0.114597671 -0.073111333 0.990714610
1403638205295097088.000000 -14.395364761 -10.514105797 13.962118149 -0.017923722 0.051811695 0.049248286 0.997280777
1403638206095097088.000000 -16.263153076 -10.787900925 13.498374939 -0.052158259 0.256079346 0.154861107 0.952743888
1403638206945096960.000000 -18.430484772 -10.731775284 12.040016174 -0.053904839 0.370689780 0.148402318 0.915237725
1403638207595097088.000000 -19.526849747 -9.992246628 10.725893974 -0.061101269 0.432283908 0.162074447 0.884945810
1403638208295097088.000000 -20.024009705 -9.365184784 9.107803345 -0.030057574 0.462957948 0.171735540 0.869064689
1403638209195097088.000000 -20.099746704 -8.578886032 7.346897125 -0.021698508 0.504729331 0.192329645 0.841300666
1403638210245096960.000000 -19.610019684 -6.673299789 6.230355263 -0.047068894 0.508175611 0.178295553 0.841280460
1403638211245096960.000000 -18.004295349 -4.632972717 5.337407589 -0.022913711 0.506840706 0.181297109 0.842448115
1403638212295097088.000000 -15.399602890 -3.135244370 4.673221111 -0.017732460 0.319855660 0.101452604 0.941852033
1403638213445096960.000000 -11.777126312 -2.923768759 4.036910057 0.016224790 0.017928859 -0.041986845 0.998825490
1403638214545096960.000000 -7.548226357 -3.075421572 3.915818691 0.007093719 -0.060485657 -0.020542324 0.997932434
1403638215545096960.000000 -4.098642349 -2.850810766 4.255647659 -0.021252846 -0.053562272 0.003851302 0.998330891
1403638217295097088.000000 -0.080443382 -2.270072460 4.077525616 -0.024018954 -0.129032686 -0.032119900 0.990828931
1403638218995097088.000000 0.885149539 -2.092545748 3.281540632 -0.013333662 -0.153578088 -0.047304641 0.986913502
1403638224095097088.000000 0.054067522 -0.284782708 0.022137268 -0.003096367 -0.179564402 -0.042948138 0.982803404
1403638225195097088.000000 -0.037107620 -0.092499107 0.055005290 -0.017104434 -0.171632662 -0.058047928 0.983300626
1403638226295097088.000000 -0.240335554 0.117909953 0.150241598 0.003990545 -0.173135579 -0.059752256 0.983075678
1403638227145096960.000000 -0.173664749 0.121527523 0.230528682 0.010331435 -0.171861693 -0.047970697 0.983898163
