1403638567477829376.000000 -0.115172237 -0.385877460 0.703582585 -0.029237080 -0.103692643 0.002133802 0.994177282
1403638567727829504.000000 -0.083028823 -0.353241473 0.680291831 -0.014015877 -0.109766163 0.002870936 0.993854463
1403638567877829376.000000 -0.065090835 -0.336178184 0.666575789 -0.005560040 -0.111376837 0.000226378 0.993762672
1403638568127829504.000000 -0.039737910 -0.313624114 0.644500971 -0.005729263 -0.114834845 0.002983078 0.993363619
1403638568477829376.000000 -0.007358372 -0.290607393 0.616273999 -0.003736782 -0.117319256 0.004787098 0.993075669
1403638568777829376.000000 0.014975905 -0.269811273 0.598720670 0.004030329 -0.118244022 0.007263632 0.992949843
1403638569277829376.000000 0.041084304 -0.252532750 0.576242387 0.005640475 -0.120754689 0.011080157 0.992604494
1403638569877829376.000000 0.054484174 -0.241574734 0.567755997 -0.004805126 -0.122842692 0.014901026 0.992302656
1403638570977829376.000000 0.057276055 -0.219127253 0.578637123 -0.059831634 -0.214720160 -0.115969360 0.967918634
1403638571177829376.000000 0.067925498 -0.207846627 0.576158524 -0.047872983 -0.263389885 -0.121295065 0.955835462
1403638571377829376.000000 0.081999257 -0.199105173 0.567690730 -0.037358783 -0.296333134 -0.113781117 0.947546721
1403638571577829376.000000 0.097605139 -0.192159593 0.556676507 -0.041315999 -0.311207861 -0.113979682 0.942576945
1403638571777829376.000000 0.112708449 -0.183358684 0.544154406 -0.032698229 -0.335812211 -0.125100464 0.933011711
1403638572027829504.000000 0.134257838 -0.172098100 0.526924074 -0.030500630 -0.378145009 -0.152869910 0.912527740
1403638572227829504.000000 0.154245034 -0.166508421 0.509597659 -0.028717386 -0.417754292 -0.164854884 0.893017113
1403638572477829376.000000 0.181401446 -0.157667384 0.485643029 -0.014651746 -0.466016322 -0.180279553 0.866090894
1403638572727829504.000000 0.210904285 -0.147904366 0.462078393 -0.007160478 -0.490286291 -0.180680916 0.852597475
1403638572977829376.000000 0.242292330 -0.143400967 0.438883662 0.004400906 -0.495279312 -0.175224870 0.850867391
1403638573227829504.000000 0.274544656 -0.140290454 0.419096649 0.008478438 -0.491254687 -0.174070209 0.853402913
1403638573477829376.000000 0.309989870 -0.138120934 0.402085304 0.011500120 -0.491454661 -0.172267988 0.853618085
1403638573727829504.000000 0.346814096 -0.141818583 0.387519956 0.014607796 -0.498425812 -0.170603022 0.849854648
1403638573977829376.000000 0.386221707 -0.147799134 0.375918597 -0.008572720 -0.533543825 -0.170053706 0.828455925
1403638574227829504.000000 0.426731408 -0.151713967 0.367666811 -0.051305883 -0.576156259 -0.206902236 0.789052069
1403638574477829376.000000 0.464303374 -0.149723262 0.356968403 -0.050590567 -0.625167131 -0.230730861 0.743888378
1403638574777829376.000000 0.504969478 -0.148104712 0.340375870 -0.036250956 -0.663320839 -0.233176216 0.710155010
1403638575027829504.000000 0.536385238 -0.147919118 0.324908227 -0.021516073 -0.665410638 -0.244246587 0.705059826
1403638575377829376.000000 0.579956472 -0.142454550 0.304953635 -0.029524731 -0.655907929 -0.258836240 0.708460927
1403638575627829504.000000 0.612504005 -0.134956643 0.289348722 -0.012168841 -0.651551783 -0.254811615 0.714425087
1403638575877829376.000000 0.646807849 -0.131591380 0.271446794 0.006070246 -0.650181532 -0.247143269 0.718433917
1403638576127829504.000000 0.685921967 -0.134874761 0.252929926 0.005409481 -0.649655104 -0.245123535 0.719606459
1403638576427829504.000000 0.735957503 -0.140417084 0.232709080 0.010360520 -0.654494762 -0.233360603 0.719077229
1403638576677829376.000000 0.780899465 -0.142679036 0.221076220 0.023964640 -0.659017444 -0.222444981 0.718080699
1403638576977829376.000000 0.837325990 -0.145235941 0.215599075 -0.000761179 -0.661982417 -0.214957476 0.718033433
1403638577277829376.000000 0.891994834 -0.150503367 0.215315342 -0.011249334 -0.659566343 -0.222438887 0.717890382
1403638577577829376.000000 0.944261134 -0.161786303 0.216615140 0.000620483 -0.662894368 -0.213131294 0.717736542
1403638577877829376.000000 0.996279180 -0.170441777 0.224606514 -0.003415303 -0.659406245 -0.219508410 0.719018638
1403638578227829504.000000 1.054344177 -0.182966501 0.237500459 -0.017842885 -0.653900802 -0.227727085 0.721273720
1403638579027829504.000000 1.181694150 -0.206707239 0.269969165 -0.012316993 -0.658866048 -0.217268765 0.720095932
1403638579977829376.000000 1.307523251 -0.238688558 0.312705755 -0.030049589 -0.588903606 -0.179429382 0.787460864
1403638580427829504.000000 1.346589923 -0.241015315 0.337522924 -0.043769550 -0.429812759 -0.120807499 0.893728554
1403638580877829376.000000 1.371275425 -0.237769142 0.356940866 -0.018668845 -0.349267423 -0.104421832 0.930999398
1403638581327829504.000000 1.397268414 -0.247360423 0.367397189 -0.016619990 -0.345786810 -0.098429203 0.932988167
1403638584477829376.000000 1.393960238 -0.366443664 0.412858844 -0.056519106 -0.370433062 -0.076464765 0.923979461
1403638585077829376.000000 1.345749855 -0.374718964 0.418513179 -0.021531647 -0.363993526 -0.095785402 0.926212847
1403638585527829504.000000 1.305801630 -0.374295235 0.424954087 -0.026514148 -0.363823831 -0.095880292 0.926140487
1403638586527829504.000000 1.220228672 -0.395449847 0.435057193 -0.029144891 -0.371415108 -0.082749717 0.924312651
1403638587027829504.000000 1.175408840 -0.393042088 0.448505014 -0.031997677 -0.366421968 -0.093534321 0.925182343
1403638587577829376.000000 1.119618058 -0.391128391 0.461554170 -0.024245903 -0.364787817 -0.099106915 0.925483584
1403638588077829376.000000 1.069152832 -0.384829730 0.473659933 -0.026983913 -0.365280062 -0.100323431 0.925082445
1403638588527829504.000000 1.023419380 -0.375779748 0.486920208 -0.024300689 -0.368137598 -0.091858305 0.924903393
1403638588977829376.000000 0.972658992 -0.380256683 0.493840933 -0.029763680 -0.365509808 -0.100041181 0.924937010
1403638589477829376.000000 0.917346954 -0.373151332 0.504778564 -0.029961973 -0.366766721 -0.099323191 0.924510360
1403638590027829504.000000 0.854938686 -0.372272909 0.508408070 -0.025693674 -0.367434710 -0.102767989 0.923996925
1403638590577829376.000000 0.795107782 -0.361246377 0.514390171 -0.024871437 -0.368332893 -0.104633547 0.923452318
1403638591277829376.000000 0.722214341 -0.362303406 0.516987026 0.002500714 -0.366040766 -0.115902297 0.923349619
1403638591927829504.000000 0.680967689 -0.359608471 0.536059678 0.010119958 -0.363471568 -0.125017762 0.923123240
1403638592577829376.000000 0.669810176 -0.388023257 0.560924292 -0.022334719 -0.311322093 -0.104779802 0.944246233
1403638593027829504.000000 0.673256695 -0.416109234 0.570457399 0.005267150 -0.281874180 -0.092669614 0.954951048
1403638593477829376.000000 0.686545849 -0.445563644 0.586287975 -0.015023517 -0.293555349 -0.065922745 0.953547955
1403638593927829504.000000 0.697768450 -0.471308500 0.605570138 -0.050500896 -0.292643815 -0.060886025 0.952943921
1403638594277829376.000000 0.698394537 -0.490621626 0.615474045 -0.032589771 -0.274990201 -0.058577288 0.959107399
1403638595077829376.000000 0.683231533 -0.530630887 0.620543718 -0.029621033 -0.268409163 -0.064358339 0.960696161
1403638595527829504.000000 0.671617866 -0.534255266 0.621914268 -0.027364923 -0.269301236 -0.066010214 0.960401297
1403638595927829504.000000 0.660231352 -0.534107864 0.621843457 -0.024152044 -0.272729188 -0.056371037 0.960134268
1403638596327829504.000000 0.644150436 -0.526818097 0.625864029 -0.012239209 -0.288370430 -0.014327919 0.957333505
1403638596727829504.000000 0.610826135 -0.532893598 0.631019354 -0.006580574 -0.297182173 0.018165104 0.954625309
1403638597627829504.000000 0.431383133 -0.566670835 0.679216862 -0.042024061 -0.291978210 -0.007797163 0.955469489
1403638598027829504.000000 0.316436648 -0.568217933 0.712669373 -0.035083681 -0.282861203 0.017520249 0.958358884
1403638598477829376.000000 0.169885695 -0.574095309 0.743619561 -0.033631776 -0.246255308 -0.036425039 0.967936158
1403638598927829504.000000 0.023158640 -0.569837391 0.774182320 -0.028173625 -0.196477205 -0.017620180 0.979945123
1403638599377829376.000000 -0.119822130 -0.573740482 0.795735300 -0.021084316 -0.109241441 0.017724145 0.993633509
1403638600127829504.000000 -0.346993476 -0.579346299 0.829303563 -0.005266482 -0.074634738 0.001622866 0.997195721
1403638600577829376.000000 -0.462277740 -0.576688886 0.858189046 0.006297889 -0.067304023 -0.042656638 0.996800363
1403638601077829376.000000 -0.552872479 -0.590728998 0.893300235 0.027433733 -0.079664715 -0.000626265 0.996443927
1403638601477829376.000000 -0.614622951 -0.605335116 0.934666157 -0.002749579 -0.068919443 0.020134278 0.997415245
1403638601927829504.000000 -0.682378590 -0.631273866 0.980173051 -0.019197218 0.035618376 0.073617876 0.996465385
1403638603427829504.000000 -0.865125060 -0.688977361 1.007238746 -0.023417598 0.334073097 0.138081178 0.932083905
1403638603977829376.000000 -0.875584245 -0.675079107 0.979063690 -0.064977735 0.336069226 0.168781504 0.924309552
1403638605127829504.000000 -0.869763017 -0.622315168 0.849314213 0.009962451 0.335967153 0.163987607 0.927434564
1403638605727829504.000000 -0.870739698 -0.603157640 0.783257425 -0.034614883 0.323980033 0.201400295 0.923729777
1403638606327829504.000000 -0.895673692 -0.577479243 0.702373266 -0.030728223 0.315843046 0.211684957 0.924385428
1403638606927829504.000000 -0.944898725 -0.527872205 0.619437814 0.031811710 0.361966580 0.199545562 0.910027325
1403638607777829376.000000 -1.046139240 -0.473323613 0.543740988 -0.000885537 0.443350345 0.190496281 0.875871480
1403638609877829376.000000 -1.172594786 -0.303147674 0.487717450 -0.007078923 0.436225206 0.181422591 0.881330431
1403638610577829376.000000 -1.167415857 -0.261153519 0.485412121 -0.032662019 0.441205770 0.168138862 0.880908608
1403638611227829504.000000 -1.132861972 -0.222025320 0.480241567 -0.024831800 0.445949137 0.168000937 0.878799438
1403638611877829376.000000 -1.075147986 -0.195440978 0.466610968 -0.014844180 0.437076718 0.186913118 0.879663050
1403638612527829504.000000 -1.014288425 -0.170415357 0.446498156 -0.012641700 0.434250385 0.182190910 0.882084608
1403638613227829504.000000 -0.947573662 -0.143346637 0.424647033 -0.017896369 0.423803359 0.184878930 0.886504471
1403638613977829376.000000 -0.875485182 -0.121363394 0.392927349 -0.030512009 0.397842377 0.158590168 0.903127670
1403638614727829504.000000 -0.786966562 -0.092773117 0.357773393 -0.010938630 0.300168157 0.118956268 0.946376681
1403638615527829504.000000 -0.677694976 -0.112243488 0.317201555 -0.019396167 0.083545588 0.054214641 0.994839013
1403638616027829504.000000 -0.607820630 -0.121730275 0.295637459 -0.022039594 0.005671192 0.020308902 0.999534726
1403638616577829376.000000 -0.530441940 -0.109939657 0.278691590 -0.017596330 -0.092616461 -0.019935019 0.995346725
1403638617277829376.000000 -0.427462250 -0.085195094 0.269314289 0.005949705 -0.110865869 -0.018005541 0.993654430
1403638130295097088.000000 0.022642437 -0.003183469 0.006220015 0.001282351 0.002158881 -0.002075322 0.999994695
1403638130345096960.000000 0.022509225 -0.005701145 0.005395873 -0.005145067 0.004412462 -0.009987653 0.999927163
1403638130445096960.000000 0.022001741 -0.010005792 0.004076277 -0.011377282 0.010487665 -0.018645111 0.999706447
1403638130545096960.000000 0.021670667 -0.013914318 0.002290870 -0.007205431 0.013032810 -0.006373486 0.999868810
1403638134045096960.000000 0.054606952 -0.002156878 0.001119414 -0.020520177 -0.106967524 -0.036510233 0.993380010
1403638136545096960.000000 0.052252531 -0.003239991 -0.000618037 -0.001880519 -0.168287858 -0.037598293 0.985018790
1403638138595097088.000000 0.020711092 0.021642828 0.016279507 0.022376342 -0.117906518 -0.012907535 0.992688656
1403638139345096960.000000 0.020673905 0.021631612 0.016309340 0.022212533 -0.116970532 -0.014480715 0.992781341
1403638147795097088.000000 0.020732777 0.021369101 0.016521610 0.017055564 -0.116376013 -0.013916072 0.992961287
1403638149595097088.000000 0.015312809 -0.032833803 0.031316206 -0.017830085 -0.100409240 -0.001603000 0.994785130
1403638150695097088.000000 -0.007754485 -0.038524866 0.062214993 0.009658335 -0.056854267 0.019191571 0.998151302
1403638152895097088.000000 -0.157260343 -0.091788754 0.158888057 -0.005958779 0.136397526 0.094430625 0.986125290
1403638154195097088.000000 -0.303605467 -0.132995099 0.221256375 -0.016308086 0.285419375 0.154653534 0.945701897
1403638155445096960.000000 -0.462233424 -0.142915457 0.242333740 -0.038987275 0.353967845 0.184216350 0.916106462
1403638156445096960.000000 -0.570664406 -0.120675296 0.202701449 0.015558424 0.529527605 0.235337704 0.814846337
1403638157295097088.000000 -0.665934205 -0.102822214 0.184609920 0.026319480 0.529951692 0.242356822 0.812232494
1403638158245096960.000000 -0.794689536 -0.102299228 0.172930300 0.006794329 0.627506256 0.263061166 0.732795060
1403638159045096960.000000 -0.898320675 -0.093296736 0.165461481 0.020521706 0.625158608 0.272662610 0.731033981
1403638159945096960.000000 -1.020618677 -0.109070659 0.164717838 -0.014957166 0.641699791 0.220924094 0.734295726
1403638160745096960.000000 -1.082695484 -0.172822416 0.174333319 0.014010573 0.627207220 0.269482583 0.730612040
1403638162995097088.000000 -1.205639243 -0.314621150 0.300066590 0.008541484 0.476298481 0.184856206 0.859589994
1403638164045096960.000000 -1.220205545 -0.385694891 0.409421831 -0.002810214 0.398725092 0.159791097 0.903037786
1403638164995097088.000000 -1.192813039 -0.462807536 0.507297277 -0.031117752 0.384679884 0.159516826 0.908629417
1403638166045096960.000000 -1.104016781 -0.498594522 0.622424841 -0.017067209 0.351335436 0.153352737 0.923447371
1403638166745096960.000000 -1.036118507 -0.546478689 0.666742325 -0.005927145 0.357250631 0.169007242 0.918571413
1403638167445096960.000000 -0.984274864 -0.590955377 0.721431255 0.027481569 0.355656505 0.175191402 0.917638898
1403638168095097088.000000 -0.953254461 -0.636072338 0.797551155 0.012128239 0.316862702 0.113515511 0.941575885
1403638168845096960.000000 -0.903080225 -0.700673819 0.904368639 0.016040685 0.219350383 0.139418095 0.965500236
1403638169695097088.000000 -0.869777083 -0.746745229 1.042963624 -0.023380429 0.192927226 0.063580744 0.978871763
1403638170445096960.000000 -0.814088821 -0.793203652 1.139411569 -0.042291868 0.009081553 0.015388197 0.998945534
1403638171095097088.000000 -0.753180742 -0.818954587 1.184461713 -0.055697966 -0.121210277 -0.051493350 0.989724338
1403638171695097088.000000 -0.677865386 -0.823257506 1.192063570 -0.073348947 -0.167161629 -0.082440287 0.979734898
1403638172245096960.000000 -0.592063010 -0.811432540 1.157572031 -0.085231178 -0.204382405 -0.089270376 0.971078932
1403638172745096960.000000 -0.507944345 -0.774492502 1.095401764 -0.091710478 -0.197931573 -0.090858772 0.971677423
1403638173295097088.000000 -0.404369712 -0.699917078 0.999078453 -0.067460284 -0.180316344 -0.092960648 0.976879418
1403638173795097088.000000 -0.305682302 -0.606318831 0.898504555 -0.050603267 -0.199607357 -0.055267971 0.977006495
1403638174495097088.000000 -0.174404085 -0.474916726 0.754442334 -0.022617387 -0.198574901 -0.059075724 0.978042185
1403638175595097088.000000 0.008137569 -0.333969414 0.565185070 0.043020915 -0.210993424 -0.044075262 0.975545168
1403638176445096960.000000 0.132987723 -0.303472936 0.521493852 -0.012247163 -0.214627475 -0.018990055 0.976434529
1403638177545096960.000000 0.218582571 -0.313244790 0.532579124 -0.004179400 -0.216026872 -0.028620720 0.975958884
1403638178595097088.000000 0.267207712 -0.310444564 0.558793426 -0.041164979 -0.308105201 -0.106916405 0.944428682
1403638180145096960.000000 0.385430813 -0.268009722 0.531085610 -0.016983772 -0.545545518 -0.204544619 0.812559605
1403638181245096960.000000 0.509631157 -0.248997763 0.504849136 -0.014625296 -0.541094065 -0.205051050 0.815449178
1403638182245096960.000000 0.641745389 -0.225635514 0.457237512 -0.021807358 -0.661484957 -0.256303459 0.704464793
1403638183045096960.000000 0.751620054 -0.224484667 0.391175568 -0.014701200 -0.661381841 -0.244323358 0.708988011
1403638183895097088.000000 0.887504637 -0.212028861 0.338157356 -0.010927977 -0.667147338 -0.219403356 0.711798549
1403638184695097088.000000 1.019726872 -0.222722024 0.310902685 -0.007623508 -0.667848110 -0.226355508 0.709002078
1403638185495097088.000000 1.147678137 -0.240756333 0.309735090 -0.003648975 -0.668951452 -0.205491453 0.714327574
1403638186345096960.000000 1.266360521 -0.268065423 0.336079299 -0.013533135 -0.621643424 -0.215102777 0.753065169
1403638187145096960.000000 1.371175528 -0.296131939 0.368483901 -0.010738016 -0.582637548 -0.178690135 0.792772353
1403638188045096960.000000 1.460023403 -0.349004328 0.416439176 -0.021647688 -0.502092957 -0.122784108 0.855779231
1403638189745096960.000000 1.409452677 -0.402957678 0.481623590 -0.006696184 -0.388941497 -0.128524110 0.912228703
1403638192445096960.000000 1.178488970 -0.454188794 0.582971334 -0.025208879 -0.365387172 -0.091358177 0.926018596
1403638193495097088.000000 1.052066326 -0.510095656 0.600022197 -0.062494300 -0.336221486 -0.076606177 0.936579466
1403638194245096960.000000 0.941017389 -0.512668967 0.564202785 -0.043230791 -0.331572652 -0.082564935 0.938815057
1403638195095097088.000000 0.823362589 -0.498189241 0.521435261 0.003362028 -0.332045525 -0.097402185 0.938214958
1403638196395097088.000000 0.719568729 -0.483666033 0.522035837 -0.010434741 -0.330484748 -0.095194757 0.938940346
1403638197445096960.000000 0.692385018 -0.500372231 0.560660005 -0.018887933 -0.341288418 -0.073265985 0.936908484
1403638198395097088.000000 0.660411835 -0.523208439 0.600392222 -0.034201935 -0.335555196 -0.080729209 0.937931657
1403638199245096960.000000 0.588241756 -0.509520769 0.645072043 -0.025529301 -0.352147579 -0.032559190 0.935029507
1403638200045096960.000000 0.433591664 -0.547745645 0.687502563 -0.020876141 -0.305681646 -0.054982278 0.950315654
1403638200795097088.000000 0.251594663 -0.587439537 0.725725889 -0.027542425 -0.218228266 0.029729292 0.975055933
1403638201395097088.000000 0.076221675 -0.616531968 0.756764948 -0.027244790 -0.192121923 -0.004416015 0.980982840
1403638201995097088.000000 -0.101916850 -0.611917138 0.790796280 -0.032594018 -0.192071393 -0.006327777 0.980819106
1403638203545096960.000000 -0.517484367 -0.585654616 0.857879758 -0.031287257 -0.156883180 -0.025587013 0.986789763
1403638204195097088.000000 -0.654764473 -0.584499776 0.866051555 -0.021335552 -0.149848700 -0.032401860 0.987947524
1403638204845096960.000000 -0.758028984 -0.593793452 0.864241421 -0.009852094 -0.121752605 -0.030298663 0.992048979
1403638205595097088.000000 -0.852717400 -0.591727018 0.866979420 -0.035417054 0.134097889 0.121056341 0.982908309
1403638206395097088.000000 -0.976322412 -0.609201849 0.820700586 -0.045260631 0.297937602 0.165876865 0.938972592
1403638207245096960.000000 -1.094680548 -0.580058873 0.736534357 -0.053567428 0.359928638 0.155379951 0.918389320
1403638207995097088.000000 -1.149346352 -0.527472317 0.639553905 -0.012835963 0.439529717 0.186381534 0.878584504
1403638210245096960.000000 -1.142714858 -0.355227232 0.427780420 -0.038467962 0.486499101 0.186573401 0.852660060
1403638212095097088.000000 -0.927043557 -0.160058737 0.329996407 -0.007627896 0.345795631 0.121512912 0.930377245
1403638213345096960.000000 -0.703215539 -0.140413880 0.279861957 0.005779167 0.018211612 -0.011373426 0.999752760
1403638214345096960.000000 -0.477531284 -0.150629416 0.256068885 0.012025399 -0.092878014 -0.017846372 0.995444894
1403638215445096960.000000 -0.246110708 -0.146253169 0.264289469 -0.022685140 -0.078837588 0.012516736 0.996550739
1403638216645096960.000000 -0.061229810 -0.134734035 0.255713791 -0.029841246 -0.101805508 0.004664850 0.994345725
1403638217745096960.000000 0.042679500 -0.107216500 0.228518605 -0.016315803 -0.181096002 -0.008777359 0.983290911
1403638219245096960.000000 0.057175912 -0.102728307 0.187729880 -0.028032830 -0.188108191 -0.046109978 0.980664730
1403638220795097088.000000 0.036827348 -0.069228217 0.108453400 -0.020757273 -0.200060442 -0.032839593 0.979013026
1403638221995097088.000000 0.019524144 -0.038474858 0.053530201 -0.022389129 -0.201084897 -0.042948022 0.978375733
1403638223145096960.000000 0.007400166 -0.016799325 0.022091985 -0.023091052 -0.202065349 -0.039555512 0.978300452
1403638224145096960.000000 0.006512169 0.001618001 0.005184106 0.000172225 -0.204242870 -0.035206880 0.978286922
1403638225195097088.000000 0.002082796 0.010677537 0.007584073 -0.019696973 -0.196696490 -0.048522901 0.979064882
1403638226395097088.000000 -0.003722327 0.026675172 0.011505280 0.008310455 -0.195062116 -0.038098335 0.980015397
