1403638127245096960.000000 0.000000000 0.000000000 0.000000000 0.000000000 0.000000000 0.000000000 1.000000000
1403638129245096960.000000 -0.002231719 -0.029929804 -0.005488807 -0.004525187 0.000146849 -0.003013891 0.999985218
1403638129345096960.000000 0.006950138 -0.082774386 -0.020760398 -0.026186533 0.006899629 -0.038284045 0.998899877
1403638129445096960.000000 0.013220133 -0.126435265 -0.037514955 -0.031086495 0.011063923 -0.061160598 0.997582376
1403638129545096960.000000 0.008544525 -0.136245102 -0.043943223 -0.010241476 0.011271598 -0.042490337 0.998980820
1403638129695097088.000000 0.002997359 -0.171781525 -0.056766320 0.002174858 0.007701880 -0.009053499 0.999926984
1403638129795097088.000000 0.000058854 -0.224209920 -0.073603787 -0.000904038 0.008732917 -0.011242218 0.999898255
1403638129945096960.000000 -0.013567521 -0.333109081 -0.114837319 0.015785901 0.012267803 -0.001542686 0.999798954
1403638130095097088.000000 -0.023061452 -0.527801394 -0.176583141 -0.000559659 0.016608234 -0.014833556 0.999751866
1403638130845096960.000000 -0.054334387 -1.058773994 -0.374774754 -0.036229298 0.046963695 -0.048292063 0.997070551
1403638131995097088.000000 0.029825093 -0.451291472 -0.212278068 -0.023345903 0.019234778 0.014675693 0.999434650
1403638132645096960.000000 -0.018746348 -0.915414095 -0.356276840 -0.068995416 0.056584012 -0.035593554 0.995374799
1403638133145096960.000000 -0.035109438 -0.955319703 -0.376772791 -0.065355770 0.062118150 -0.031812996 0.995418429
1403638133895097088.000000 0.490711302 -0.632228374 -0.316949785 -0.027792268 -0.068551876 -0.053346347 0.995832503
1403638134795097088.000000 -0.023544597 -0.811095834 -0.015691914 -0.015951822 -0.056648891 -0.075514399 0.995406449
1403638135495097088.000000 -0.191636279 -0.747971892 -0.010130707 -0.005867527 -0.066850081 -0.046497598 0.996661723
1403638135795097088.000000 0.003468318 -0.707197309 -0.075268157 -0.007495166 -0.087373391 -0.059645157 0.994360209
1403638136045096960.000000 0.149554238 -0.682743907 -0.158927158 0.007946503 -0.105855092 -0.037688773 0.993635297
1403638136445096960.000000 0.442095637 -0.648104310 -0.301437318 -0.012329279 -0.135333195 -0.046671286 0.989623487
1403638136895097088.000000 0.284753740 -0.725682020 -0.309129447 -0.027966334 -0.094821684 -0.090689905 0.990960181
1403638137745096960.000000 -0.118273050 -0.163780406 0.009808963 0.008573968 -0.084023826 -0.036203433 0.995768964
1403638138245096960.000000 -0.140300080 -0.022923578 0.050911210 0.016402945 -0.091315173 -0.030168286 0.995229781
1403638138895097088.000000 -0.143342137 -0.021356497 0.047699574 0.003705131 -0.092479609 -0.032496907 0.995177269
