1403638151195097088.000000 -0.970977843 -2.360141754 1.913876653 -0.020280462 0.041862018 0.037905864 0.998198092
1403638152195097088.000000 -2.891803741 -3.198203325 2.852200508 -0.016714288 0.162896723 0.084831946 0.982847333
1403638152895097088.000000 -4.632535934 -3.569037676 3.594967604 -0.019055510 0.178359911 0.085037597 0.980098605
1403638153695097088.000000 -6.966979027 -4.388507366 4.363169670 -0.011244361 0.273816854 0.144758359 0.950759113
1403638154495097088.000000 -9.778777122 -4.858846664 5.222857475 -0.054470293 0.326474160 0.140040413 0.933186114
1403638155445096960.000000 -12.990415573 -5.159152508 5.113889694 -0.057354487 0.391619086 0.175780699 0.901357949
1403638156045096960.000000 -14.804054260 -4.737606049 4.464989185 -0.034400050 0.502132535 0.200064853 0.840626895
1403638156595097088.000000 -16.198745728 -4.532721519 3.636183262 -0.002846263 0.571124315 0.234853387 0.786544859
1403638157145096960.000000 -17.808736801 -4.190721512 3.214860201 0.003256890 0.565194607 0.238903880 0.789600790
1403638157745096960.000000 -19.937704086 -4.168424129 2.879837275 -0.028414531 0.591984630 0.250419676 0.765530407
1403638158345096960.000000 -22.095487595 -4.204790592 2.435647488 -0.017978719 0.659826696 0.263984770 0.703290462
1403638158945096960.000000 -24.172925949 -4.010590553 2.126060963 -0.011127434 0.657738864 0.265849560 0.704684138
1403638159545096960.000000 -26.440931320 -4.054918289 1.738217831 -0.020508280 0.664431870 0.231675133 0.710236847
1403638160045096960.000000 -28.025213242 -4.664024353 1.734045029 -0.042875446 0.668301046 0.226733431 0.707196832
1403638160645096960.000000 -29.223550797 -6.002508163 1.779187441 -0.008237259 0.654219031 0.271388650 0.705887973
1403638162195097088.000000 -31.903102875 -8.677350044 3.298860550 -0.007883871 0.522605360 0.192881748 0.830432475
1403638162995097088.000000 -32.906360626 -10.195037842 4.926660538 -0.011142181 0.513467968 0.180616051 0.838811278
1403638163595097088.000000 -33.393234253 -11.194054604 6.605766296 -0.026263796 0.447734714 0.164465711 0.878518581
1403638164195097088.000000 -33.527984619 -12.515596390 8.095287323 -0.019296179 0.441605389 0.146940827 0.884884596
1403638164795097088.000000 -33.195114136 -13.883333206 9.743658066 -0.028220050 0.437104762 0.142636210 0.887579858
