1403638127245096960.000000 0.000000000 0.000000000 0.000000000 0.000000000 0.000000000 0.000000000 1.000000000
1403638129245096960.000000 -0.002193511 -0.028275024 -0.005387038 -0.005616536 0.000215681 -0.003282826 0.999978840
1403638129345096960.000000 0.007071004 -0.081666872 -0.020954156 -0.026996586 0.006957875 -0.038419288 0.998872757
1403638129445096960.000000 0.013025478 -0.125459075 -0.038040858 -0.032114044 0.010996018 -0.061358348 0.997538447
1403638129545096960.000000 0.008429660 -0.135557190 -0.044487588 -0.011077295 0.011273602 -0.042566154 0.998968601
1403638129695097088.000000 0.003082567 -0.170206189 -0.057554420 0.000663088 0.007735682 -0.009360764 0.999926031
1403638129795097088.000000 0.000203832 -0.222050875 -0.074811772 -0.002884329 0.008760272 -0.011610770 0.999890029
1403638129945096960.000000 -0.013108039 -0.330122054 -0.117435247 0.012936954 0.012448384 -0.001991066 0.999836862
1403638130095097088.000000 -0.022343181 -0.523025513 -0.181640878 -0.004937583 0.016930887 -0.015307804 0.999727309
1403638130845096960.000000 -0.063449472 -1.053944588 -0.404292881 -0.044632141 0.047447123 -0.048304398 0.996706307
1403638131995097088.000000 0.030271316 -0.446627438 -0.217516005 -0.027183736 0.019056093 0.014184722 0.999348164
1403638132645096960.000000 -0.019098172 -0.908400476 -0.385498285 -0.076391906 0.056903660 -0.035737276 0.994811058
1403638133145096960.000000 -0.043119662 -0.946020246 -0.408846021 -0.073182233 0.062340882 -0.031780206 0.994860768
1403638135495097088.000000 -0.224088401 -0.750541747 0.042029195 -0.011604190 -0.066092648 -0.047301725 0.996624112
1403638135795097088.000000 -0.008634426 -0.701908112 -0.033261597 -0.013187041 -0.087250061 -0.060749419 0.994244933
1403638136045096960.000000 0.135730371 -0.677049220 -0.140166730 0.002405533 -0.106957749 -0.038951483 0.993497372
1403638136445096960.000000 0.452972472 -0.644342780 -0.310339332 -0.017525300 -0.137810558 -0.048437752 0.989118218
1403638137745096960.000000 -0.117676288 -0.162727848 0.009156844 0.007268471 -0.083268389 -0.036411982 0.995835185
1403638138245096960.000000 -0.139790505 -0.023117751 0.050376482 0.016492674 -0.090594441 -0.030088650 0.995296597
1403638138895097088.000000 -0.142561913 -0.021753566 0.047178097 0.003909753 -0.091601282 -0.032478787 0.995258272
1403638147895097088.000000 -0.134431109 -0.050775267 0.066771008 -0.013143416 -0.095092498 -0.032476537 0.994851708
1403638149645096960.000000 -0.177956432 -1.211884499 0.181681082 -0.030591741 -0.073313311 -0.017978398 0.996677518
1403638150245096960.000000 -0.314695358 -1.315894723 0.437842369 -0.029842602 -0.061413679 0.012404096 0.997589052
1403638150595097088.000000 -0.513442814 -1.288948894 0.621289253 -0.004635336 -0.038799919 0.002948174 0.999231875
1403638151095097088.000000 -0.899966836 -1.528692245 0.941181421 -0.022412620 0.004252876 0.023665622 0.999459624
1403638151595097088.000000 -1.400157213 -1.673191905 1.304069877 -0.024334576 0.112658784 0.063674636 0.991292775
1403638152095097088.000000 -2.025715351 -2.034871101 1.582716703 -0.022147736 0.143782392 0.080018744 0.986120224
1403638152695097088.000000 -2.872584105 -2.272680521 2.010305643 -0.019525357 0.139339998 0.083504431 0.986524284
1403638153145096960.000000 -3.648702145 -2.534968853 2.285497189 -0.018928794 0.192790389 0.092566334 0.976680636
1403638153595097088.000000 -4.473400116 -2.813051701 2.589557886 -0.014632432 0.238197565 0.131846026 0.962114573
1403638154195097088.000000 -5.761277199 -3.182252407 3.045222759 -0.037797224 0.306064934 0.143741563 0.940337181
1403638154645096960.000000 -6.774688244 -3.225125074 3.356862545 -0.054516010 0.311215401 0.136777118 0.938863695
1403638154995097088.000000 -7.510959625 -3.315107584 3.400768280 -0.043103267 0.330484957 0.161686882 0.928859055
1403638155295097088.000000 -8.170007706 -3.432974339 3.328165531 -0.052993860 0.360645115 0.168406382 0.915841699
1403638155695097088.000000 -9.033514023 -3.369744778 3.148729324 -0.065258257 0.413686752 0.171712264 0.891694725
1403638155945096960.000000 -9.517610550 -3.223555326 2.982206583 -0.052468058 0.463858306 0.185745105 0.864627838
1403638156245096960.000000 -10.025695801 -3.095049381 2.705439568 -0.024391701 0.522146344 0.217144176 0.824388623
1403638156395097088.000000 -10.276689529 -3.067080259 2.562897205 -0.013839814 0.541553259 0.228232011 0.808973849
1403638156745096960.000000 -10.882670403 -2.938676596 2.351278543 -0.008157156 0.556607783 0.235947654 0.796523690
1403638157145096960.000000 -11.660928726 -2.791329384 2.219556093 -0.002411968 0.548859954 0.238199949 0.801253796
