1403638518077829376.000000 0.000000000 0.000000000 0.000000000 0.000000000 0.000000000 0.000000000 1.000000000
1403638522127829504.000000 -0.013767527 -0.030444888 -0.007420076 0.004607713 0.004624330 0.002863106 0.999974608
1403638522277829376.000000 -0.027191555 -0.196709812 -0.070440069 -0.004808140 0.012960054 -0.001520270 0.999903321
1403638522327829504.000000 -0.030631138 -0.290353507 -0.101741083 -0.010607836 0.015544393 -0.002047892 0.999820828
1403638522427829504.000000 -0.030669658 -0.502061784 -0.182802081 -0.018085331 0.022939082 -0.003706207 0.999566376
1403638522477829376.000000 -0.032309894 -0.617543936 -0.232981533 -0.018835315 0.027123431 -0.005129368 0.999441445
1403638522577829376.000000 -0.040732164 -0.855442822 -0.333305657 -0.017323015 0.034133255 -0.011262929 0.999203682
1403638522677829376.000000 -0.042873934 -1.083450079 -0.433651924 -0.028199524 0.040323563 -0.008591846 0.998751700
1403638522727829504.000000 -0.053677365 -1.190668225 -0.472611248 -0.037461355 0.041742589 -0.004822392 0.998414218
1403638522827829504.000000 -0.066915140 -1.432092667 -0.577791274 -0.054301180 0.051129129 -0.004385070 0.997205079
1403638522877829376.000000 -0.068579704 -1.556732416 -0.638506830 -0.061841417 0.056526568 -0.008500971 0.996447742
1403638522927829504.000000 -0.056073878 -1.734100461 -0.684128046 -0.061953977 0.060827371 -0.015283930 0.996106505
1403638204245096960.000000 -0.644603968 -0.532539725 0.982020855 0.002012671 -0.165766314 -0.018303843 0.985993147
1403638204495097088.000000 -0.702199578 -0.538075209 0.982030451 0.014252502 -0.159208223 -0.045088649 0.986111879
1403638204795097088.000000 -0.758241296 -0.539579928 0.985142589 0.011540936 -0.146759912 -0.024270354 0.988807023
1403638205045096960.000000 -0.865056038 -0.569192588 0.908912003 0.025564371 -0.118281811 0.032807507 0.992108643
1403638205295097088.000000 -0.742159009 -0.525108337 1.000626087 0.002543093 0.053453021 0.067310818 0.996295929
1403638205445096960.000000 -0.828243375 -0.528838933 0.987538815 -0.000124898 0.089393772 0.098576576 0.991106153
1403638205595097088.000000 -0.868848324 -0.531533062 0.988714993 -0.008651620 0.124160737 0.134323686 0.983090222
1403638205795097088.000000 -0.900193214 -0.535439730 0.985657692 -0.025366066 0.156326279 0.162152350 0.973973930
1403638205995097088.000000 -0.944851577 -0.538650036 0.980494559 -0.020426720 0.195667505 0.171567321 0.965329826
1403638206195097088.000000 -0.981034219 -0.543380499 0.967240691 -0.019537004 0.245224908 0.179833084 0.952440619
1403638206645096960.000000 -1.063090682 -0.544072628 0.923892498 -0.019466501 0.310627460 0.165240109 0.935856462
1403638207695097088.000000 -1.192737937 -0.477624178 0.799758255 -0.010334017 0.411283374 0.183061510 0.892876089
1403638208595097088.000000 -1.231052876 -0.429092467 0.673294246 0.018495150 0.434165329 0.195508197 0.879167199
1403638209745096960.000000 -1.227543831 -0.357191175 0.550416887 0.017534733 0.474150389 0.197500095 0.857827306
1403638212045096960.000000 -0.982190430 -0.095225662 0.400929689 0.022711108 0.343826264 0.132240310 0.929397762
1403638213095097088.000000 -0.786543965 -0.080822706 0.347666174 0.009715826 0.068730794 0.050672039 0.996300161
1403638213945096960.000000 -0.592272401 -0.094122663 0.315515280 -0.001379760 -0.117511161 -0.001387892 0.993069649
1403638214795097088.000000 -0.392995715 -0.117490128 0.299318403 0.002642485 -0.097582035 0.015254767 0.995107055
1403638215895097088.000000 -0.170952439 -0.111651808 0.298980713 -0.003551193 -0.100597009 0.022893123 0.994657516
1403638216795097088.000000 -0.037691891 -0.105559632 0.281763971 -0.006032218 -0.121231355 0.029535867 0.992166400
1403638217595097088.000000 0.042841446 -0.084524684 0.257611156 0.002371101 -0.192198277 0.001986604 0.981351256
1403638218345096960.000000 0.078796230 -0.086303212 0.232456923 -0.011572930 -0.191151217 0.022367867 0.981237471
1403638220695097088.000000 0.045922555 -0.052781694 0.128948972 0.000081669 -0.217087612 -0.008219019 0.976117492
1403638221545096960.000000 0.031423479 -0.029002421 0.082524389 0.008637521 -0.218662828 -0.024840973 0.975445986
1403638222395097088.000000 0.019083915 -0.015869984 0.045150228 0.019320942 -0.220597982 -0.020766880 0.974952281
1403638223245096960.000000 0.009678100 0.004353430 0.026044145 0.014027620 -0.217880130 -0.026086362 0.975526035
1403638224045096960.000000 0.009114441 0.019371282 0.010945206 0.010389940 -0.224107862 -0.009445293 0.974463165
1403638224945096960.000000 0.005056838 0.033801261 0.011087322 0.007742923 -0.216739580 -0.028848708 0.975772381
1403638225795097088.000000 0.004429694 0.037343781 0.015544549 -0.017134955 -0.219028890 -0.010710525 0.975509107
1403638226645096960.000000 -0.000419145 0.047235712 0.020340087 0.027438419 -0.215161264 -0.018289419 0.976021647
