1403638127245096960.000000 0.000000000 0.000000000 0.000000000 0.000000000 0.000000000 0.000000000 1.000000000
1403638129245096960.000000 -0.002223603 -0.023233078 -0.003402408 -0.005536350 -0.000420557 -0.002119341 0.999982357
1403638129345096960.000000 0.004582151 -0.065696247 -0.016379535 -0.026581161 0.006176881 -0.036546811 0.998959243
1403638129495097088.000000 0.008422628 -0.105462104 -0.032975309 -0.022994312 0.010693508 -0.054553244 0.998188794
1403638129645096960.000000 0.001628379 -0.120886222 -0.041580215 0.002206218 0.008494842 -0.013254005 0.999873638
1403638129745096960.000000 0.001100358 -0.155406475 -0.052728165 -0.003160244 0.007294512 -0.009321789 0.999924958
1403638129845096960.000000 -0.003435536 -0.198931217 -0.068253592 0.003240939 0.009605676 -0.008084702 0.999915957
1403638129895097088.000000 -0.007746848 -0.226655349 -0.079521529 0.009943085 0.011080978 -0.004618835 0.999878526
1403638130095097088.000000 -0.019224131 -0.415352464 -0.144780248 -0.005039907 0.016322833 -0.013978910 0.999756336
1403638130995097088.000000 -0.053197023 -0.915424883 -0.362369835 -0.061533596 0.043672558 -0.053485975 0.995713592
1403638131895097088.000000 0.014460211 -0.447310090 -0.199009970 -0.028941598 0.020304102 0.006510625 0.999353647
1403638132145096960.000000 0.021956515 -0.317743629 -0.165695339 -0.014391138 0.021340365 0.039499640 0.998888016
1403638132345096960.000000 0.011834082 -0.530985832 -0.239571944 -0.032782521 0.031287007 0.021386731 0.998743713
1403638133795097088.000000 0.371195138 -0.557837307 -0.282796234 -0.037806958 -0.053841814 -0.055926580 0.996264994
1403638136045096960.000000 0.108868204 -0.565201879 -0.124988079 0.003073764 -0.107529372 -0.037552934 0.993487656
1403638136445096960.000000 0.363018334 -0.532505453 -0.259251893 -0.017155949 -0.138491437 -0.046795975 0.989108622
1403638138145096960.000000 -0.112770133 -0.023192814 0.037119634 0.025510082 -0.090655029 -0.022023821 0.995311916
1403638138595097088.000000 -0.111945555 -0.016966686 0.036740851 0.004172639 -0.092836298 -0.029222798 0.995243728
1403638147895097088.000000 -0.106876820 -0.041013610 0.051785871 -0.013415243 -0.095557541 -0.031309020 0.994840980
1403638150345096960.000000 -0.302483797 -1.074053645 0.386333406 -0.023472643 -0.061660148 0.013762093 0.997726262
1403638151545096960.000000 -1.109276175 -1.356274128 1.004556417 -0.023230780 0.102207616 0.061178159 0.992608249
1403638151945096960.000000 -1.483063936 -1.566314697 1.198039055 -0.021809733 0.141811624 0.079437509 0.986460090
1403638152245096960.000000 -1.788842678 -1.743517041 1.336026311 -0.021281203 0.142480642 0.083035767 0.986078799
1403638152645096960.000000 -2.265062094 -1.848071218 1.572277904 -0.019220091 0.136104926 0.086697116 0.986706436
1403638152995097088.000000 -2.744878531 -1.978491187 1.763067245 -0.025255125 0.173207015 0.085420422 0.980849028
1403638153345096960.000000 -3.244719028 -2.171276569 1.934191465 -0.012608331 0.208507895 0.103400931 0.972457588
1403638153845096960.000000 -4.019862652 -2.453486919 2.221163750 -0.018066820 0.280301452 0.146941021 0.948426604
1403638154195097088.000000 -4.647769928 -2.588415861 2.444045305 -0.035602976 0.305461586 0.145176277 0.940398574
1403638154545096960.000000 -5.271565437 -2.632623911 2.655410051 -0.056396406 0.307660550 0.137970775 0.939749181
1403638154895097088.000000 -5.867666721 -2.671643972 2.731850386 -0.039474383 0.323766261 0.155932859 0.932363749
1403638155145096960.000000 -6.306600571 -2.754066944 2.708081245 -0.044198263 0.346656263 0.169177443 0.921550274
1403638155395097088.000000 -6.750525475 -2.809166908 2.657678843 -0.055909071 0.369022310 0.172459677 0.911566973
1403638155645096960.000000 -7.177172661 -2.771049023 2.559185743 -0.060390141 0.403788775 0.173681647 0.896182120
1403638155945096960.000000 -7.641673088 -2.640191078 2.394627571 -0.048833609 0.463912517 0.186723366 0.864600956
1403638156095097088.000000 -7.846613884 -2.573810101 2.307081223 -0.029841019 0.495090187 0.206705704 0.843367040
1403638156295097088.000000 -8.115722656 -2.534326077 2.156272888 -0.016235873 0.530330181 0.222122520 0.818014562
1403638156545096960.000000 -8.446748734 -2.487944126 1.994467616 -0.004499009 0.552846253 0.233579025 0.799863517
1403638156795097088.000000 -8.804538727 -2.401780128 1.887289762 -0.003566802 0.556909621 0.236154914 0.796285033
1403638157045096960.000000 -9.192577362 -2.314156532 1.812761545 -0.001582168 0.551916182 0.236715391 0.799594820
1403638157245096960.000000 -9.523231506 -2.299083948 1.761193514 0.004485837 0.546687067 0.238647938 0.802595973
1403638157495097088.000000 -9.969686508 -2.312316418 1.703023553 -0.008340690 0.550737977 0.242833525 0.798529863
1403638157745096960.000000 -10.448582649 -2.294706821 1.654496789 -0.029527748 0.575977087 0.250445455 0.777595997
1403638157995097088.000000 -10.917299271 -2.316826582 1.564095140 -0.031322900 0.615977526 0.260700196 0.742715299
1403638158245096960.000000 -11.380876541 -2.328227758 1.482090712 -0.016750980 0.641675293 0.260705829 0.721113503
1403638158495097088.000000 -11.836608887 -2.304673195 1.438046575 -0.025692979 0.645229459 0.269591689 0.714380264
1403638158795097088.000000 -12.370801926 -2.246332169 1.382296205 -0.024276422 0.644163668 0.267259866 0.716265261
1403638159095097088.000000 -12.898620605 -2.241040707 1.292031646 0.001276003 0.637064159 0.274286658 0.720357180
1403638159395097088.000000 -13.473052979 -2.266328335 1.218693256 -0.001464172 0.637433887 0.265505672 0.723313630
1403638159745096960.000000 -14.156758308 -2.357705355 1.185606837 -0.018342802 0.661349773 0.201531723 0.722263813
1403638160095097088.000000 -14.642383575 -2.625505447 1.234722018 -0.043498095 0.652373135 0.231531352 0.720354378
1403638160445096960.000000 -14.992033005 -3.048738003 1.253840923 -0.012184251 0.640499115 0.269427240 0.719042003
1403638160745096960.000000 -15.317583084 -3.396494865 1.262814164 -0.009633794 0.640598834 0.267467231 0.719723284
1403638161095097088.000000 -15.697136879 -3.768710375 1.361685395 -0.027114345 0.626052260 0.220759049 0.747387946
1403638161395097088.000000 -15.942741394 -4.065199852 1.504826784 -0.021478217 0.566731870 0.214883476 0.795096695
1403638161745096960.000000 -16.204784393 -4.370878220 1.707499027 -0.004543452 0.529052913 0.211703122 0.821744561
1403638162145096960.000000 -16.487678528 -4.642344475 2.026047230 -0.011802681 0.506745517 0.194133982 0.839870036
1403638162495097088.000000 -16.707181931 -4.933448792 2.356346607 -0.004253746 0.503131747 0.184694782 0.844232321
1403638162895097088.000000 -16.932825089 -5.324217796 2.802302837 -0.007320342 0.497187048 0.190720335 0.846390724
1403638163295097088.000000 -17.119754791 -5.760633945 3.298440933 -0.023704613 0.471031547 0.170623109 0.865132987
1403638163645096960.000000 -17.198867798 -6.022138596 3.839692116 -0.028377805 0.425748944 0.163727507 0.889452517
1403638164145096960.000000 -17.237773895 -6.608009338 4.468826294 -0.021041177 0.421761364 0.149195492 0.894100308
1403638164545096960.000000 -17.138071060 -7.107524395 5.001412392 -0.023012962 0.432454526 0.139758930 0.890461087
1403638164995097088.000000 -16.882755280 -7.552256107 5.699462891 -0.051243067 0.405445695 0.152245194 0.899894059
1403638165395097088.000000 -16.522541046 -7.809806347 6.320462227 -0.018687505 0.387696534 0.130973563 0.912243426
1403638165845096960.000000 -16.022003174 -7.985784531 7.052784920 -0.060031984 0.375680864 0.133652240 0.915094078
1403638166095097088.000000 -15.660519600 -8.065334320 7.397632599 -0.033812974 0.371617258 0.150476471 0.915485740
1403638166495097088.000000 -15.114855766 -8.447731018 7.789991379 -0.029616749 0.373383701 0.167953819 0.911865652
1403638166895097088.000000 -14.661686897 -8.803237915 8.125288963 -0.000099603 0.385401398 0.149974182 0.910479784
1403638167095097088.000000 -14.448057175 -8.931291580 8.335197449 0.020548671 0.382905304 0.157516524 0.910027385
1403638167395097088.000000 -14.198507309 -9.204442978 8.700181961 0.007392598 0.377175659 0.168625489 0.910631239
1403638167595097088.000000 -14.086365700 -9.420491219 8.967918396 -0.003449532 0.379488826 0.156313181 0.911889553
1403638167795097088.000000 -13.998645782 -9.617525101 9.272655487 -0.005963609 0.373944670 0.130490512 0.918205917
1403638167945096960.000000 -13.914236069 -9.745993614 9.527964592 -0.006199194 0.357285440 0.114374660 0.926945031
1403638168195097088.000000 -13.697410583 -10.012889862 9.981344223 -0.009406271 0.325846434 0.099930733 0.940079510
1403638168395097088.000000 -13.545059204 -10.241172791 10.349292755 -0.015886199 0.291455299 0.096624449 0.951559305
1403638168595097088.000000 -13.211589813 -10.564688683 10.708834648 -0.009205334 0.264124215 0.113938764 0.957690775
1403638168795097088.000000 -13.160448074 -10.742995262 11.106683731 -0.004605318 0.242481858 0.126828372 0.961819053
1403638168945096960.000000 -13.043918610 -10.888009071 11.421819687 -0.001679328 0.240239352 0.130141109 0.961948812
1403638169145096960.000000 -12.945590973 -11.062030792 11.885644913 -0.015647897 0.249099746 0.121782541 0.960663021
1403638169395097088.000000 -12.866559982 -11.245377541 12.434262276 -0.027152624 0.260543108 0.077282980 0.961980939
1403638169645096960.000000 -12.686591148 -11.430331230 13.019389153 -0.040472705 0.229408190 0.049480941 0.971228838
1403638169845096960.000000 -12.471785545 -11.624282837 13.425363541 -0.041769169 0.177118346 0.059792373 0.981483221
1403638170095097088.000000 -12.287784576 -11.836380005 13.846000671 -0.066085935 0.108175181 0.055684596 0.990368605
1403638170295097088.000000 -12.085634232 -11.960130692 14.093515396 -0.066452295 0.066999912 0.022233175 0.995289266
1403638170495097088.000000 -11.873059273 -12.057092667 14.323584557 -0.055221934 0.025891960 -0.007843264 0.998107493
1403638170745096960.000000 -11.616273880 -12.229043961 14.689825058 -0.063568011 -0.024288729 -0.045334227 0.996651351
1403638170995097088.000000 -11.226137161 -12.363283157 14.910831451 -0.064725414 -0.076081723 -0.061793998 0.993077874
1403638171295097088.000000 -10.709690094 -12.428771019 15.087508202 -0.071791686 -0.114917912 -0.079958402 0.987545669
1403638171545096960.000000 -10.265922546 -12.439105988 15.158372879 -0.078537390 -0.129181817 -0.091494627 0.984262526
1403638171845096960.000000 -9.674530029 -12.357843399 15.109305382 -0.088996284 -0.151205525 -0.111531377 0.978149951
1403638172245096960.000000 -8.776217461 -12.217357635 14.732050896 -0.093842641 -0.176720873 -0.108965904 0.973698974
1403638172495097088.000000 -8.185739517 -12.001404762 14.396626472 -0.096112996 -0.177912071 -0.108031839 0.973364651
1403638172745096960.000000 -7.576570988 -11.642042160 13.985608101 -0.100651205 -0.170890287 -0.111048967 0.973824382
1403638172995097088.000000 -6.948528290 -11.196851730 13.489785194 -0.097244315 -0.159959897 -0.117660880 0.975249887
1403638173195097088.000000 -6.416991234 -10.777062416 13.036942482 -0.081603184 -0.152229726 -0.120914727 0.977520645
1403638173445096960.000000 -5.741903305 -10.198414803 12.444817543 -0.067078643 -0.164280728 -0.092092767 0.979811847
1403638173645096960.000000 -5.179219246 -9.643927574 11.977737427 -0.061229602 -0.172519058 -0.075345919 0.980209708
1403638173745096960.000000 -4.914758205 -9.386004448 11.740134239 -0.059547964 -0.173935831 -0.075046331 0.980085909
1403638173895097088.000000 -4.539259911 -8.980891228 11.366285324 -0.055586975 -0.176629603 -0.075798653 0.979778886
1403638174045096960.000000 -4.156437874 -8.598650932 10.975473404 -0.053721197 -0.177316189 -0.076834321 0.979678273
1403638174195097088.000000 -3.808393717 -8.259306908 10.578916550 -0.047523178 -0.178995997 -0.076397702 0.979727209
1403638174395097088.000000 -3.326720476 -7.731578350 10.036737442 -0.031470519 -0.177724406 -0.077178471 0.980544269
1403638174595097088.000000 -2.836083651 -7.190982342 9.521865845 -0.020603830 -0.176768765 -0.074018322 0.981248975
1403638174845096960.000000 -2.241659403 -6.596855640 8.890170097 -0.003269993 -0.177752659 -0.070473939 0.981543005
1403638175195097088.000000 -1.418365002 -5.928774834 8.090228081 -0.001392492 -0.182123750 -0.066620782 0.981015146
1403638175595097088.000000 -0.517020941 -5.416067123 7.331168652 0.039234985 -0.186876282 -0.061110333 0.979695559
1403638176045096960.000000 0.462192178 -5.088007450 6.867920399 0.055221025 -0.186940476 -0.046620335 0.979709387
1403638177045096960.000000 2.001638412 -4.992641926 6.855834007 -0.010432495 -0.191276744 -0.040977549 0.980624914
1403638177945096960.000000 2.597537279 -4.940688610 7.299473286 -0.038064074 -0.185975999 -0.086507671 0.977998197
1403638178395097088.000000 2.885429382 -4.934984207 7.441257000 -0.055542409 -0.241854891 -0.098314263 0.963719666
1403638178895097088.000000 3.248366356 -4.879907608 7.359288216 -0.030758167 -0.344205528 -0.157232180 0.925124049
1403638179195097088.000000 3.522221088 -4.742842674 7.285923004 -0.003515061 -0.375518858 -0.165258452 0.911955535
1403638179495097088.000000 3.839401245 -4.592540264 7.251585007 -0.007112693 -0.417233348 -0.173133790 0.892126918
1403638179845096960.000000 4.267602444 -4.420505524 7.216063499 -0.024340289 -0.487040907 -0.196166590 0.850715816
1403638180245096960.000000 4.750821590 -4.319603443 7.095895767 -0.009594505 -0.528603315 -0.224547371 0.818574965
1403638180595097088.000000 5.233324051 -4.189880371 7.006386757 -0.001365680 -0.534033656 -0.220703676 0.816147089
1403638180995097088.000000 5.852583885 -4.092380047 6.908862591 0.007134439 -0.523061872 -0.222499713 0.822708488
1403638181295097088.000000 6.382786751 -4.017598152 6.872031212 -0.015523662 -0.519428670 -0.224576727 0.824328899
1403638181645096960.000000 7.056656361 -3.853787184 6.799015522 -0.057495695 -0.566570103 -0.238774091 0.786561787
1403638181845096960.000000 7.422127247 -3.745870829 6.684834480 -0.040006373 -0.605969310 -0.242195070 0.756665230
1403638182095097088.000000 7.834011555 -3.672340393 6.480335712 -0.016215881 -0.635604560 -0.260473281 0.726565599
1403638182295097088.000000 8.158406258 -3.640334845 6.301879883 -0.010643293 -0.641215146 -0.278326362 0.715027452
1403638182595097088.000000 8.678826332 -3.573863029 6.006299496 0.008063324 -0.643243551 -0.275711089 0.714252174
1403638182845096960.000000 9.158676147 -3.580099106 5.740699768 0.009967228 -0.640334189 -0.270687401 0.718749642
1403638183195097088.000000 9.879763603 -3.546657324 5.403398514 -0.006330063 -0.643225431 -0.249898389 0.723720789
1403638183545096960.000000 10.612470627 -3.425785065 5.141452312 0.020777021 -0.636931837 -0.259433389 0.725658655
1403638183845096960.000000 11.289761543 -3.346625328 4.965658188 0.003314028 -0.645234287 -0.238923445 0.725656450
1403638184095097088.000000 11.832260132 -3.371915817 4.837515354 0.002658126 -0.645694613 -0.240750417 0.724645197
1403638184395097088.000000 12.479247093 -3.413196802 4.729954720 0.010275762 -0.643608093 -0.250240684 0.723216891
1403638184795097088.000000 13.365389824 -3.444722176 4.677610397 0.001122795 -0.647251248 -0.244142085 0.722121358
1403638185095097088.000000 14.009183884 -3.502836704 4.678009510 0.001822389 -0.648828626 -0.242673561 0.721198738
1403638185445096960.000000 14.745863914 -3.596049309 4.728701115 0.007693534 -0.650174081 -0.227683604 0.724827349
1403638185795097088.000000 15.426107407 -3.747708559 4.864038467 -0.007014088 -0.621605337 -0.213666096 0.753594339
1403638186145096960.000000 16.050727844 -3.872272968 5.070791245 -0.012532960 -0.598075032 -0.240247905 0.764480293
1403638186595097088.000000 16.847414017 -4.032971859 5.275447369 -0.000973594 -0.603428364 -0.228106990 0.764094532
1403638187545096960.000000 18.340377808 -4.638417721 5.969181061 -0.032973401 -0.486330926 -0.162123874 0.857969046
1403638188095097088.000000 18.971855164 -5.026860237 6.409488678 -0.015978752 -0.482211113 -0.137455910 0.865056634
1403638188545096960.000000 19.219341278 -5.226987362 6.856199265 -0.079189762 -0.489525259 -0.133831292 0.858011186
1403638189095097088.000000 18.948867798 -5.533653736 7.167918682 -0.051854968 -0.453856975 -0.142255679 0.878116310
1403638189495097088.000000 18.570217133 -5.490423203 7.151300430 -0.025552964 -0.387036771 -0.137310848 0.911424875
1403638190045096960.000000 17.937435150 -5.635359287 7.161604881 0.004515047 -0.359697759 -0.146455079 0.921492279
1403638190595097088.000000 17.516529083 -5.678428650 7.284179211 -0.029035456 -0.359324098 -0.085723892 0.928813517
1403638191095097088.000000 16.862293243 -5.712706566 7.424756050 -0.039872169 -0.332703680 -0.106026135 0.936203480
1403638191845096960.000000 15.786609650 -5.966968536 7.641019821 -0.004875449 -0.337612778 -0.104952537 0.935402989
1403638192445096960.000000 14.949435234 -6.209504128 7.945336342 -0.028688058 -0.334546119 -0.108385801 0.935686052
1403638192995097088.000000 14.127043724 -6.711013317 8.167917252 -0.093780980 -0.330649644 -0.114483699 0.932078004
1403638193495097088.000000 13.211337090 -6.986326218 7.985877037 -0.068601407 -0.304785311 -0.095278926 0.945156932
1403638194045096960.000000 12.101881027 -7.093787670 7.542009354 -0.032180853 -0.295833647 -0.105704866 0.948827326
1403638194445096960.000000 11.327548027 -7.015326500 7.226365089 -0.039882727 -0.298293531 -0.106646791 0.947658598
1403638194795097088.000000 10.656934738 -6.970178604 6.905652046 -0.012444178 -0.297956198 -0.113623083 0.947711468
1403638195245096960.000000 9.897102356 -6.860234261 6.612412930 0.012397110 -0.296568632 -0.119601376 0.947411656
1403638195795097088.000000 9.187028885 -6.666292667 6.557877541 -0.010703176 -0.298228800 -0.115902998 0.947370827
1403638196245096960.000000 8.781107903 -6.702253342 6.587241173 -0.008117010 -0.297540784 -0.114023551 0.947840810
1403638196645096960.000000 8.502658844 -6.810274601 6.681620121 -0.002011273 -0.297145128 -0.119091220 0.947374284
1403638197045096960.000000 8.341288567 -6.843338013 6.898771286 -0.009880650 -0.298713505 -0.117836945 0.946988404
1403638197445096960.000000 8.259107590 -7.018192291 7.118320465 -0.023858309 -0.309679657 -0.091321900 0.946144581
1403638197845096960.000000 8.109864235 -7.315118790 7.283819199 -0.031113816 -0.307682306 -0.093175158 0.946404755
1403638198145096960.000000 7.942180634 -7.433415890 7.458934307 -0.053937081 -0.304794282 -0.098659337 0.945757687
1403638198645096960.000000 7.581788063 -7.265403271 7.792778969 -0.026380090 -0.316262752 -0.067254029 0.945916951
1403638198995097088.000000 7.158675194 -7.170167923 8.040556908 -0.026885141 -0.325026900 -0.041481446 0.944411993
1403638199445096960.000000 6.259271622 -7.342683315 8.319970131 -0.033530615 -0.324973524 -0.046414230 0.943988144
1403638199995097088.000000 4.666740894 -7.807224751 8.622713089 -0.026042357 -0.280676991 -0.072337151 0.956718087
1403638200345096960.000000 3.509075642 -8.076702118 8.895701408 -0.044537187 -0.241672635 -0.041130476 0.968462229
1403638200595097088.000000 2.627981663 -8.307442665 9.043315887 -0.043285098 -0.214424074 -0.010094013 0.975728869
1403638200845096960.000000 1.673931599 -8.591687202 9.129252434 -0.032771192 -0.189207822 0.012236312 0.981313765
1403638201095097088.000000 0.670017958 -8.826018333 9.254885674 -0.035465889 -0.167419747 -0.014865644 0.985135436
1403638201295097088.000000 -0.180036068 -8.958405495 9.369404793 -0.037434045 -0.166150987 -0.024750385 0.985078633
1403638201495097088.000000 -1.021518469 -9.032259941 9.502326012 -0.038526397 -0.170897767 -0.024742337 0.984224319
1403638201695097088.000000 -1.863466978 -9.080238342 9.638630867 -0.042228557 -0.175577238 -0.024597121 0.983251929
1403638201845096960.000000 -2.497115850 -9.073972702 9.738623619 -0.043620206 -0.176784188 -0.027804166 0.982889414
1403638202045096960.000000 -3.338818789 -9.066616058 9.861135483 -0.040558498 -0.167052746 -0.026282275 0.984762728
1403638202345096960.000000 -4.596752644 -9.100092888 10.024258614 -0.026253182 -0.142213032 -0.043367930 0.988537014
1403638202495097088.000000 -5.226151943 -9.108930588 10.132534027 -0.023678115 -0.140522122 -0.042534132 0.988880038
1403638202795097088.000000 -6.386219978 -9.095464706 10.330364227 -0.020825177 -0.140285194 -0.047271479 0.988762736
1403638202945096960.000000 -6.941365242 -9.088047981 10.454789162 -0.022514233 -0.142749473 -0.047380079 0.988367736
1403638203245096960.000000 -7.932325363 -9.062111855 10.635873795 -0.032078631 -0.145657510 -0.043263245 0.987867951
1403638203545096960.000000 -8.819542885 -9.055438995 10.729124069 -0.037382290 -0.141082466 -0.048427671 0.988105774
1403638203745096960.000000 -9.398264885 -9.034141541 10.820297241 -0.036227077 -0.141264558 -0.051322997 0.987976670
1403638203945096960.000000 -9.926858902 -9.052760124 10.819887161 -0.035346866 -0.139404804 -0.048296493 0.988425195
1403638204145096960.000000 -10.425783157 -9.086696625 10.830180168 -0.030244889 -0.135020614 -0.051704317 0.989030480
1403638204345096960.000000 -10.901775360 -9.150842667 10.818317413 -0.019811776 -0.126960561 -0.072705165 0.989041209
1403638204495097088.000000 -11.212594986 -9.194686890 10.804831505 -0.013547127 -0.123781651 -0.083863929 0.988666475
1403638204795097088.000000 -11.735351562 -9.245816231 10.800749779 -0.017821437 -0.110907145 -0.063904531 0.991613925
1403638204995097088.000000 -12.043056488 -9.241309166 10.779778481 -0.022549665 -0.075073674 -0.017337352 0.996772230
1403638205145096960.000000 -12.228653908 -9.198203087 10.784542084 -0.025451412 -0.021892514 0.013051243 0.999351084
1403638205345096960.000000 -12.581665039 -9.202739716 10.790828705 -0.032698549 0.066666417 0.048916329 0.996038973
1403638205695097088.000000 -13.183523178 -9.255588531 10.577476501 -0.063767329 0.160544693 0.124432079 0.977075100
1403638205895097088.000000 -13.400524139 -9.315635681 10.480966568 -0.069372118 0.197908610 0.141001612 0.967542350
1403638206245096960.000000 -13.986105919 -9.434856415 10.077951431 -0.067881301 0.282475531 0.157031640 0.943896592
1403638206495097088.000000 -14.417672157 -9.513729095 9.955727577 -0.067050099 0.330538809 0.147850394 0.929725051
1403638206695097088.000000 -14.784202576 -9.489548683 9.703729630 -0.069309287 0.347768754 0.143425524 0.923949242
1403638207045096960.000000 -15.369986534 -9.309844017 9.207450867 -0.072914518 0.373425245 0.146090820 0.913178265
1403638207195097088.000000 -15.585042953 -9.196763039 8.988746643 -0.075572737 0.379615128 0.144461721 0.910665631
1403638207445096960.000000 -15.792989731 -8.964653015 8.629222870 -0.080537222 0.418719679 0.151488453 0.891761661
1403638207795097088.000000 -16.237073898 -8.595520020 7.919286728 -0.051455170 0.453433305 0.172214642 0.872979224
1403638208695097088.000000 -16.573554993 -7.915525913 6.333765030 -0.033106428 0.476518691 0.186777934 0.858456671
1403638209445096960.000000 -16.522050858 -7.374374390 5.268296719 -0.031450171 0.505542338 0.192579001 0.840447009
1403638210195097088.000000 -16.212650299 -6.108831406 4.725977898 -0.061099600 0.505364299 0.181521416 0.841382027
1403638210645096960.000000 -15.804723740 -5.286966324 4.429311752 -0.060899124 0.504807353 0.178209573 0.842438281
1403638211145096960.000000 -15.075570107 -4.429341316 4.077767849 -0.040839672 0.503714740 0.181676015 0.843562365
1403638211645096960.000000 -14.188444138 -3.792989016 3.718295574 -0.033091035 0.467188656 0.164398044 0.868108869
1403638212145096960.000000 -13.156278610 -3.185099125 3.526775360 -0.027000256 0.354712993 0.109859712 0.928105891
1403638212595097088.000000 -12.109760284 -2.908564568 3.340419769 -0.033370804 0.243862197 0.075400300 0.966298282
1403638213195097088.000000 -10.558680534 -2.871760607 3.078890800 -0.022967851 0.082744062 0.005211423 0.996292472
1403638213695097088.000000 -9.130837440 -2.826307058 2.936818600 -0.017047863 -0.046476390 -0.057782676 0.997101068
1403638214195097088.000000 -7.532554150 -2.883224249 2.834411383 -0.010635520 -0.074235693 -0.034750406 0.996578336
1403638215045096960.000000 -4.960422039 -2.898066282 2.977555990 -0.041284163 -0.050845172 -0.017701698 0.997695863
1403638216095097088.000000 -2.368025780 -2.611311913 3.174793482 -0.039370149 -0.066799060 -0.016557572 0.996851921
1403638216945096960.000000 -0.837745130 -2.404071331 3.075892210 -0.048337128 -0.090325065 -0.011231952 0.994675219
1403638217495097088.000000 -0.126622140 -2.134131432 2.930428028 -0.031280816 -0.144504994 -0.041268777 0.988148093
1403638218045096960.000000 0.351798534 -2.108239651 2.704568148 -0.028798914 -0.157504842 -0.014267479 0.986995101
1403638221195097088.000000 0.045143038 -1.315380931 0.928929925 -0.025421772 -0.177608997 -0.054270174 0.982274652
1403638222395097088.000000 -0.171973675 -1.007143974 0.215697736 -0.010306027 -0.177777871 -0.059303511 0.982228041
1403638223195097088.000000 -0.281704605 -0.739795983 -0.005556040 -0.023942994 -0.176586032 -0.060236093 0.982148528
1403638223895097088.000000 -0.301653326 -0.561003864 -0.180616036 -0.024143532 -0.180098981 -0.053523790 0.981894433
1403638224445096960.000000 -0.315568268 -0.399310946 -0.217704296 -0.023295788 -0.177208722 -0.060915265 0.982010007
1403638225045096960.000000 -0.368610203 -0.332810313 -0.187730312 -0.033712380 -0.170691490 -0.074135616 0.981953084
1403638225495097088.000000 -0.366112351 -0.362295628 -0.170896575 -0.032795481 -0.175913632 -0.055185292 0.982310236
1403638226145096960.000000 -0.423717082 -0.356554508 -0.165646315 0.000146027 -0.160433099 -0.082028635 0.983632326
1403638226745096960.000000 -0.447909832 -0.169366211 -0.058214143 -0.002270972 -0.171523854 -0.057494063 0.983498275
1403638228745096960.000000 -0.446339250 -0.169100687 -0.056276768 -0.002557746 -0.171783864 -0.056667253 0.983500183
