1403638177995097088.000000 6.763958931 -11.929133415 19.370632172 -0.042624090 -0.165215656 -0.082610197 0.981866837
1403638178745096960.000000 8.078578949 -11.923425674 19.613531113 -0.038210291 -0.294007808 -0.141214967 0.944541037
1403638180045096960.000000 11.674772263 -10.499561310 19.182249069 -0.011217334 -0.495251447 -0.211881161 0.842440844
1403638181745096960.000000 18.751695633 -9.144329071 18.491771698 -0.049429156 -0.568269670 -0.237581626 0.786245108
1403638182495097088.000000 22.076459885 -8.647531509 16.970235825 -0.000459327 -0.624625385 -0.280076087 0.728972077
1403638183295097088.000000 26.325180054 -8.487539291 15.110335350 0.002237754 -0.625414968 -0.245933920 0.740518510
1403638184095097088.000000 30.930629730 -8.162891388 14.071819305 0.003659883 -0.628906667 -0.237621993 0.740269423
1403638184895097088.000000 35.531257629 -8.439332008 13.840351105 0.003922363 -0.631341875 -0.240009636 0.737419426
1403638185595097088.000000 39.326145172 -8.996540070 14.251909256 0.005163387 -0.623576343 -0.210653067 0.752828777
1403638186345096960.000000 42.818511963 -9.708917618 15.415963173 -0.003340372 -0.581934631 -0.229232937 0.780252039
1403638187145096960.000000 46.240596771 -10.610857010 16.833271027 -0.003256931 -0.541349471 -0.192690849 0.818413317
1403638187995097088.000000 49.061691284 -12.221755981 18.531661987 -0.018355878 -0.454888076 -0.141715601 0.879008889
1403638188845096960.000000 49.802371979 -12.933745384 20.124555588 -0.070572406 -0.444589049 -0.136311337 0.882484734
1403638189645096960.000000 47.695079803 -13.822970390 20.176624298 -0.015644699 -0.345194161 -0.134726539 0.928679168
1403638190445096960.000000 45.925540924 -14.286904335 20.559925079 -0.033189710 -0.344690800 -0.087115124 0.934075832
1403638191345096960.000000 43.024780273 -14.715294838 21.313161850 -0.017790122 -0.306309491 -0.110665031 0.945310116
1403638192395097088.000000 39.373806000 -15.801002502 22.436859131 -0.025155310 -0.312940955 -0.103290871 0.943804085
1403638193645096960.000000 34.118988037 -18.046621323 22.176368713 -0.059212539 -0.278843135 -0.089618303 0.954310715
1403638194445096960.000000 30.194694519 -17.955636978 20.413278580 -0.036154371 -0.276594549 -0.101310745 0.954947352
1403638195395097088.000000 26.165769577 -17.333185196 18.560297012 0.027903842 -0.273151875 -0.117287435 0.954386234
1403638196545096960.000000 23.405765533 -17.309000015 18.625896454 -0.008481064 -0.276164979 -0.109404676 0.954825401
1403638198045096960.000000 21.903129578 -18.854084015 20.447769165 -0.053066224 -0.283720672 -0.090224139 0.953176856
1403638198745096960.000000 20.593002319 -18.264808655 21.538482666 -0.025198450 -0.300433874 -0.042715382 0.952512443
1403638199495097088.000000 17.171957016 -18.599948883 22.586246490 -0.029890731 -0.303689808 -0.039420914 0.951485693
1403638200245096960.000000 11.510610580 -20.098552704 23.416860580 -0.032541960 -0.231267765 -0.043624543 0.971366644
1403638200845096960.000000 6.088283062 -21.431663513 23.888559341 -0.033476099 -0.162755519 0.017917110 0.985935569
1403638201345096960.000000 0.946208000 -22.387783051 24.296583176 -0.034395393 -0.140050218 -0.018523721 0.989373446
1403638201845096960.000000 -4.280529022 -22.562892914 24.916919708 -0.041077763 -0.149786443 -0.021633761 0.987627745
1403638202345096960.000000 -9.600749969 -22.434225082 25.361532211 -0.025535142 -0.116275132 -0.035955947 0.992237508
1403638202845096960.000000 -14.509042740 -22.223260880 25.847654343 -0.022707649 -0.112918854 -0.038043376 0.992615938
1403638203645096960.000000 -21.238552094 -22.107563019 26.612255096 -0.033725411 -0.114851229 -0.042067438 0.991918385
1403638204545096960.000000 -27.193937302 -22.480163574 26.439447403 -0.012528488 -0.098231100 -0.078610368 0.991974831
1403638205445096960.000000 -31.165216446 -22.632665634 26.607158661 -0.039281130 0.133484185 0.073211618 0.987562180
1403638206145096960.000000 -34.502376556 -23.178098679 25.455690384 -0.066808775 0.281513274 0.155578062 0.944501102
1403638207245096960.000000 -39.697425842 -22.391239166 21.344841003 -0.074330226 0.396332741 0.145539060 0.903445482
1403638207945096960.000000 -41.257122040 -20.669704437 18.139293671 -0.036050860 0.474158496 0.178590775 0.861382246
1403638210195097088.000000 -40.651733398 -14.674606323 10.801158905 -0.061868753 0.519769192 0.180906519 0.832637429
1403638211845096960.000000 -34.392921448 -8.198153496 8.338324547 -0.027605942 0.443239182 0.139495403 0.885052502
1403638212845096960.000000 -28.522407532 -6.588019371 7.575975418 -0.031913809 0.199196011 0.053750884 0.977963865
1403638213795097088.000000 -21.687034607 -6.533814430 7.079785824 -0.027734056 -0.043208532 -0.044398434 0.997693658
1403638215095097088.000000 -11.677078247 -6.812605858 7.645953655 -0.038472261 -0.030814787 -0.013140857 0.998697996
1403638216095097088.000000 -5.504719257 -6.174925327 8.348488808 -0.036986150 -0.046817861 -0.013665905 0.998124897
1403638217395097088.000000 -0.089827657 -5.065276146 8.016828537 -0.031093430 -0.118529610 -0.038095810 0.991732121
1403638218345096960.000000 1.771108031 -4.861107349 7.196014404 -0.042038754 -0.129651770 -0.014026524 0.990568757
1403638220645096960.000000 1.074352026 -3.602350473 3.879730701 -0.027101738 -0.153549150 -0.044694852 0.986757576
1403638223295097088.000000 0.136336759 -1.443815351 0.357984483 -0.007986190 -0.153421760 -0.063797027 0.986066878
1403638224295097088.000000 0.191609934 -0.744684041 -0.090877496 -0.003588455 -0.158563584 -0.049819246 0.986084580
1403638225245096960.000000 0.024933591 -0.534944713 0.000875151 -0.020497475 -0.152419657 -0.059527181 0.986308575
1403638226195097088.000000 -0.540017843 -0.204274237 0.373075277 0.006253204 -0.144917712 -0.073375419 0.986699462
1403638226895097088.000000 -0.496840209 -0.014555772 0.355651677 -0.000656467 -0.153534323 -0.053097717 0.986715436
