1403638192645096960.000000 34.125488281 -17.838674545 19.858238220 -0.024462610 -0.347488582 -0.038749516 0.936563790
1403638192845096960.000000 33.152214050 -17.924903870 20.278684616 -0.053282470 -0.349882603 -0.042146679 0.934326947
1403638192945096960.000000 32.810810089 -17.916332245 20.387531281 -0.075220473 -0.345574677 -0.048030049 0.934137642
1403638193045096960.000000 32.413097382 -17.919496536 20.488731384 -0.091689825 -0.339275599 -0.055119820 0.934583783
1403638193245096960.000000 31.577146530 -18.062376022 20.465818405 -0.072585404 -0.325509876 -0.050719250 0.941383123
1403638193345096960.000000 31.157594681 -18.148418427 20.405963898 -0.061608326 -0.321571648 -0.043995276 0.943854094
1403638193445096960.000000 30.720190048 -18.257986069 20.257858276 -0.057847299 -0.319459289 -0.035201564 0.945177376
1403638193595097088.000000 30.055984497 -18.379896164 20.014055252 -0.056598276 -0.315555483 -0.031572152 0.946691394
1403638193745096960.000000 29.351875305 -18.452196121 19.758947372 -0.037687544 -0.311971307 -0.038002182 0.948582828
1403638193895097088.000000 28.654335022 -18.426830292 19.480264664 -0.024880528 -0.311041385 -0.041847877 0.949148536
1403638194095097088.000000 27.742088318 -18.342695236 19.141412735 -0.024184456 -0.312114835 -0.042340439 0.948792219
1403638194295097088.000000 26.870773315 -18.135473251 18.811100006 -0.039359458 -0.314001203 -0.038723905 0.947815657
1403638194495097088.000000 25.966869354 -17.965747833 18.458412170 -0.025896106 -0.313120544 -0.046780828 0.948206961
1403638194695097088.000000 25.087394714 -17.835023880 18.047069550 -0.009508543 -0.313686073 -0.051262822 0.948094249
1403638194945096960.000000 24.049228668 -17.674484253 17.593025208 0.005846464 -0.316241682 -0.052195072 0.947223663
1403638195195097088.000000 23.117958069 -17.405508041 17.266248703 0.014768800 -0.315721810 -0.056033041 0.947080731
1403638195445096960.000000 22.298324585 -17.108785629 17.117631912 0.027805103 -0.314368844 -0.062534988 0.946830750
1403638195695097088.000000 21.644287109 -16.838951111 17.100976944 -0.003839967 -0.315968841 -0.052612733 0.947301865
1403638195945096960.000000 21.069503784 -16.660863876 17.123384476 0.011964054 -0.313663572 -0.057380587 0.947723329
1403638196245096960.000000 20.473316193 -16.744010925 17.192012787 0.002364243 -0.314543635 -0.052672837 0.947777569
1403638196545096960.000000 19.983013153 -16.889459610 17.355346680 -0.001956984 -0.314702392 -0.054273445 0.947635472
1403638196845096960.000000 19.644647598 -16.859746933 17.641891479 0.017049804 -0.313735038 -0.062892415 0.947271943
1403638197145096960.000000 19.433155060 -16.944292068 18.073905945 -0.004217098 -0.316504687 -0.054268882 0.947027922
1403638197495097088.000000 19.262323380 -17.285232544 18.492141724 -0.015948843 -0.324490726 -0.028663035 0.945319951
1403638197845096960.000000 18.904703140 -17.831918716 18.886919022 -0.021412220 -0.322136015 -0.031160899 0.945938110
1403638198245096960.000000 18.387264252 -17.962297440 19.454174042 -0.038118426 -0.317712605 -0.038735278 0.946628392
1403638198645096960.000000 17.802558899 -17.524036407 20.055269241 -0.016821027 -0.329978734 -0.005356521 0.943823278
1403638199045096960.000000 16.727453232 -17.141757965 20.688611984 -0.017462960 -0.337176710 0.018877480 0.941090107
1403638199445096960.000000 14.904579163 -17.300708771 21.346025467 -0.023897601 -0.337359995 0.015985055 0.940936565
1403638199845096960.000000 12.384857178 -17.682958603 21.913114548 -0.015431795 -0.307201296 -0.001077108 0.951518834
1403638200245096960.000000 9.482791901 -18.025661469 22.477424622 -0.022556568 -0.265673727 0.011589405 0.963729382
1403638200645096960.000000 6.358336926 -18.377925873 23.024078369 -0.028300354 -0.214430615 0.058285147 0.974587858
1403638200995097088.000000 3.116413116 -18.791967392 23.435852051 -0.017648507 -0.181588948 0.058692038 0.981462777
1403638201245096960.000000 0.711341858 -18.891942978 23.795177460 -0.023616392 -0.172080874 0.038334072 0.984053314
1403638201595097088.000000 -2.662963867 -18.720830917 24.362270355 -0.026469326 -0.180445105 0.040251851 0.982404590
1403638201895097088.000000 -5.413633823 -18.394287109 24.803602219 -0.027792295 -0.180957034 0.036355939 0.982425749
1403638202095097088.000000 -7.348042488 -18.102273941 25.041885376 -0.025053835 -0.165271312 0.033481330 0.985361218
1403638202245096960.000000 -8.769735336 -17.931728363 25.198268890 -0.015712949 -0.151789650 0.023318518 0.988012791
1403638202495097088.000000 -11.132479668 -17.654634476 25.474739075 -0.008204235 -0.143173456 0.021503009 0.989429951
1403638202595097088.000000 -12.025217056 -17.546100616 25.585016251 -0.006835619 -0.140776619 0.017456530 0.989863873
1403638202745096960.000000 -13.314489365 -17.327941895 25.769992828 -0.004754883 -0.140558794 0.016662320 0.989920676
1403638202895097088.000000 -14.580951691 -17.124021530 25.966205597 -0.006866128 -0.142442107 0.019034306 0.989596307
1403638203045096960.000000 -15.824592590 -16.863021851 26.196231842 -0.009720900 -0.142919064 0.016670434 0.989546239
1403638203195097088.000000 -16.991817474 -16.682748795 26.372062683 -0.014233776 -0.144490525 0.020398457 0.989193499
1403638203395097088.000000 -18.486370087 -16.513542175 26.549903870 -0.021466712 -0.143337727 0.020289809 0.989232957
