1403638193495097088.000000 14.873815536 -8.834705353 9.086152077 -0.051842559 -0.322305262 -0.029406400 0.944757581
1403638193645096960.000000 14.537363052 -8.763414383 9.010117531 -0.049037054 -0.319020480 -0.028851047 0.946038544
1403638193695097088.000000 14.420184135 -8.806983948 8.951909065 -0.040615778 -0.317993701 -0.030952418 0.946716607
1403638193745096960.000000 14.327047348 -8.813067436 8.891294479 -0.034184217 -0.315829426 -0.034892075 0.947557807
1403638193945096960.000000 13.888698578 -8.769729614 8.706268311 -0.019478656 -0.314670056 -0.039590713 0.948175073
1403638194045096960.000000 13.676759720 -8.742045403 8.620948792 -0.018692432 -0.314234644 -0.041169871 0.948267996
1403638194395097088.000000 12.929292679 -8.608478546 8.340791702 -0.029483411 -0.316963613 -0.039180174 0.947169304
1403638194545096960.000000 12.611181259 -8.547868729 8.202390671 -0.019343570 -0.316795349 -0.043725125 0.947288036
1403638194745096960.000000 12.190475464 -8.466334343 8.004513741 -0.003486642 -0.317395419 -0.048990756 0.947020531
1403638194995097088.000000 11.690939903 -8.382849693 7.790874481 0.009287070 -0.319416702 -0.049958993 0.946250916
1403638195195097088.000000 11.338139534 -8.270545959 7.681895256 0.017023455 -0.319080263 -0.052808266 0.946102142
1403638195395097088.000000 11.010805130 -8.158817291 7.616250038 0.036138296 -0.317548335 -0.060453691 0.945622802
1403638195645096960.000000 10.693374634 -8.024887085 7.591892719 -0.001294816 -0.318939209 -0.049945470 0.946457386
1403638195845096960.000000 10.462175369 -7.940304756 7.608018875 0.005122700 -0.317865133 -0.052448031 0.946670353
1403638196095097088.000000 10.199513435 -7.909821033 7.634112358 0.018052412 -0.316916019 -0.054701999 0.946702719
1403638196345096960.000000 9.994351387 -7.977063179 7.670582294 -0.002263671 -0.318363696 -0.046112344 0.946843743
1403638196645096960.000000 9.777011871 -8.011428833 7.767416954 0.010114583 -0.317310274 -0.054848958 0.946680248
1403638196995097088.000000 9.615873337 -8.014283180 7.980739594 0.006287987 -0.318621159 -0.054423228 0.946297586
1403638197295097088.000000 9.544259071 -8.091616631 8.175317764 -0.006375786 -0.323220432 -0.039804913 0.945464671
1403638197945096960.000000 9.270597458 -8.509823799 8.545486450 -0.031251218 -0.322677940 -0.030089529 0.945514143
1403638198295097088.000000 9.055494308 -8.492122650 8.775831223 -0.033719577 -0.320334494 -0.035468042 0.946039557
1403638198645096960.000000 8.805234909 -8.301450729 9.037629128 -0.014834208 -0.332505167 -0.001950375 0.942982733
1403638198995097088.000000 8.378731728 -8.134933472 9.310468674 -0.015160508 -0.340244323 0.023819726 0.939913094
1403638199345096960.000000 7.662231445 -8.133801460 9.556979179 -0.025273623 -0.336873710 0.014173523 0.941103816
1403638199745096960.000000 6.516093254 -8.322898865 9.857700348 -0.013505048 -0.322924405 0.016314905 0.946187735
1403638200095097088.000000 5.320161343 -8.476756096 10.154012680 -0.011380970 -0.288034171 -0.003908595 0.957544506
1403638200495097088.000000 3.881149769 -8.644506454 10.472209930 -0.027381105 -0.235698894 0.043217096 0.970478535
1403638200845096960.000000 2.436919451 -8.862355232 10.684943199 -0.011329927 -0.199982554 0.077390060 0.976672590
1403638201145096960.000000 1.103696585 -8.958250999 10.876481056 -0.013227364 -0.176551953 0.047799088 0.983041048
1403638201345096960.000000 0.212926626 -8.953454971 11.029506683 -0.015638614 -0.176299974 0.041272897 0.983346462
1403638201695097088.000000 -1.350921154 -8.839000702 11.299446106 -0.021933978 -0.182317883 0.042050418 0.982095122
1403638201795097088.000000 -1.809741259 -8.785609245 11.364487648 -0.021303108 -0.184334457 0.042212307 0.981725574
1403638202145096960.000000 -3.393536091 -8.541352272 11.589380264 -0.015183146 -0.162313417 0.033575963 0.986050963
1403638202245096960.000000 -3.850910187 -8.478258133 11.647564888 -0.009453058 -0.154153332 0.026684619 0.987641275
1403638202545096960.000000 -5.183419228 -8.323173523 11.802812576 -0.000641286 -0.143717363 0.022286046 0.989367604
1403638202695097088.000000 -5.816853523 -8.211389542 11.896155357 0.001618293 -0.142900467 0.019772734 0.989538193
1403638202845096960.000000 -6.404381752 -8.101624489 11.980189323 0.000070790 -0.143386602 0.021539001 0.989432335
1403638202995097088.000000 -6.976528168 -7.987551689 12.088913918 -0.002091476 -0.143836454 0.020698311 0.989382803
1403638203195097088.000000 -7.728115082 -7.851123333 12.201328278 -0.008254088 -0.145472184 0.023990437 0.989036977
1403638203395097088.000000 -8.446046829 -7.766834736 12.281503677 -0.015359463 -0.144557104 0.023926288 0.989087880
1403638203545096960.000000 -8.976112366 -7.692110062 12.322694778 -0.014959230 -0.143396273 0.020647960 0.989336848
1403638203695097088.000000 -9.480009079 -7.605433464 12.366504669 -0.012727204 -0.142420352 0.017813439 0.989564121
1403638203845096960.000000 -9.970046043 -7.546482086 12.383661270 -0.013064714 -0.142730370 0.019635737 0.989480555
1403638203995097088.000000 -10.449570656 -7.510010242 12.388936996 -0.012473136 -0.141499326 0.019958893 0.989658535
1403638204195097088.000000 -11.073051453 -7.497995377 12.364622116 -0.004114151 -0.137532681 0.013187194 0.990400910
