1403638193795097088.000000 1.743929267 -0.833918631 0.915287137 -0.039856434 -0.322274446 -0.084731787 0.942003787
1403638193945096960.000000 1.705770254 -0.835814536 0.901315212 -0.030047998 -0.321665496 -0.088189505 0.942258477
1403638194045096960.000000 1.681140542 -0.832710683 0.893200219 -0.029625531 -0.321264774 -0.089856207 0.942251086
1403638194145096960.000000 1.656110764 -0.830137432 0.884997845 -0.037888099 -0.323412806 -0.087110490 0.941477776
1403638194245096960.000000 1.633034706 -0.827725410 0.877014995 -0.046180114 -0.324903190 -0.084273286 0.940852463
1403638194345096960.000000 1.607548237 -0.822237730 0.869188070 -0.044937309 -0.324829042 -0.086254857 0.940758646
1403638194445096960.000000 1.583573103 -0.817513287 0.859509289 -0.038405094 -0.323827475 -0.090495959 0.940994859
1403638194545096960.000000 1.558313847 -0.814347863 0.850144267 -0.031902820 -0.323903114 -0.092893019 0.940978169
1403638194695097088.000000 1.521619320 -0.810985684 0.835568786 -0.019341379 -0.323712558 -0.097056389 0.940965533
1403638194845096960.000000 1.486243486 -0.807962537 0.820236087 -0.008597097 -0.324414223 -0.099509306 0.940627158
1403638195195097088.000000 1.412405014 -0.794580698 0.796138525 0.005080684 -0.324477881 -0.102253616 0.940336347
1403638195445096960.000000 1.366035104 -0.782011688 0.789318800 0.018136172 -0.322549403 -0.108729064 0.940112174
1403638195695097088.000000 1.330465913 -0.770368695 0.789964437 -0.013472472 -0.325374812 -0.098662160 0.940327346
1403638195895097088.000000 1.303862810 -0.764601648 0.791683674 -0.001678370 -0.323447883 -0.102007814 0.940730095
1403638196195097088.000000 1.271343470 -0.767800212 0.795459986 -0.002418687 -0.323025614 -0.100632675 0.941021621
1403638196495097088.000000 1.246635556 -0.779405475 0.802333593 -0.013248094 -0.323886186 -0.098094419 0.940903664
1403638196795097088.000000 1.226341248 -0.781398535 0.818252563 0.007310092 -0.322201997 -0.108255655 0.940432429
1403638197095097088.000000 1.215762138 -0.785947978 0.840471506 -0.012117571 -0.324805230 -0.101276368 0.940264761
1403638197395097088.000000 1.209483743 -0.800089121 0.860663652 -0.021605000 -0.333113432 -0.078745350 0.939344347
1403638197695097088.000000 1.198141575 -0.826183677 0.878505886 -0.027853642 -0.334005713 -0.075006016 0.939169049
1403638198095097088.000000 1.174806237 -0.853667974 0.905171990 -0.055106342 -0.329903424 -0.079633869 0.939034343
1403638198445096960.000000 1.148278475 -0.841416955 0.933738232 -0.034380529 -0.329855025 -0.080178931 0.939992011
1403638198845096960.000000 1.108268261 -0.819106221 0.968239665 -0.027391292 -0.348869145 -0.023407901 0.936478555
1403638199345096960.000000 1.003940344 -0.827671587 1.015415907 -0.034750689 -0.345942885 -0.034876637 0.936962903
1403638199795097088.000000 0.860518932 -0.864764690 1.048469424 -0.024861282 -0.323161095 -0.041144639 0.945122182
1403638200145096960.000000 0.727996349 -0.893187881 1.081889510 -0.025610017 -0.289761454 -0.046052702 0.955647230
1403638200495097088.000000 0.587529302 -0.924021959 1.117371082 -0.043068111 -0.244714007 -0.004099267 0.968629658
1403638200795097088.000000 0.450339437 -0.959782362 1.137155294 -0.030323058 -0.213892952 0.028121551 0.975981295
1403638201145096960.000000 0.281716645 -0.989609480 1.167517066 -0.031670924 -0.186169356 0.000140574 0.982007086
1403638201395097088.000000 0.154005408 -1.002845883 1.190207243 -0.032966886 -0.188073009 -0.005326823 0.981587172
1403638201795097088.000000 -0.048876494 -1.002217650 1.230191946 -0.039286133 -0.195501447 -0.005659927 0.979899883
1403638201995097088.000000 -0.147718221 -0.994741201 1.246422291 -0.038550105 -0.187909365 -0.006214330 0.981409907
1403638202145096960.000000 -0.226378977 -0.989825904 1.258198500 -0.034912948 -0.172892600 -0.013792867 0.984225094
1403638202295097088.000000 -0.301511467 -0.988237441 1.268293381 -0.024821239 -0.160799563 -0.021201840 0.986447096
1403638202495097088.000000 -0.401775360 -0.986592233 1.281263471 -0.021509737 -0.154305995 -0.022237530 0.987538576
1403638202695097088.000000 -0.496037513 -0.982981503 1.296256542 -0.017882826 -0.151241779 -0.027529893 0.987951517
1403638202845096960.000000 -0.564495385 -0.975902677 1.307146311 -0.019594850 -0.152379707 -0.025904177 0.987788141
1403638203045096960.000000 -0.653407753 -0.968762577 1.325054884 -0.022560881 -0.153380871 -0.027619448 0.987523437
1403638203245096960.000000 -0.737160742 -0.963341951 1.338603973 -0.029554291 -0.156349495 -0.021386495 0.987027884
1403638203445096960.000000 -0.816928685 -0.961375356 1.349678397 -0.035371352 -0.153984308 -0.024583589 0.987133920
1403638203645096960.000000 -0.893814981 -0.955680192 1.358662844 -0.031461764 -0.152359873 -0.028463056 0.987414062
1403638203845096960.000000 -0.968557119 -0.952867031 1.363767862 -0.032395992 -0.152336702 -0.027744878 0.987407863
1403638204095097088.000000 -1.056131840 -0.954805374 1.365671158 -0.028334595 -0.148963571 -0.028403595 0.988028467
1403638204345096960.000000 -1.139119625 -0.964042902 1.362733722 -0.014852472 -0.139594361 -0.052381575 0.988710761
1403638204545096960.000000 -1.198548794 -0.971460342 1.360320807 -0.009246957 -0.137120679 -0.065501049 0.988343060
