1403638192245096960.000000 18.694679260 -7.276771545 9.455354691 0.001176421 -0.329649508 -0.107863724 0.937920690
1403638192445096960.000000 18.115913391 -7.346135616 9.723994255 -0.019865133 -0.334295034 -0.110744089 0.935728550
1403638192545096960.000000 17.999820709 -7.397070408 9.749838829 -0.026336329 -0.332889527 -0.111119948 0.936025262
1403638192645096960.000000 17.803585052 -7.461946011 9.851619720 -0.038974304 -0.335562915 -0.108742595 0.934908330
1403638192845096960.000000 17.430812836 -7.586751938 9.967853546 -0.064536855 -0.336322665 -0.110813305 0.932975054
1403638192945096960.000000 17.235197067 -7.653221130 10.022691727 -0.085644081 -0.333773047 -0.117179379 0.931412697
1403638193045096960.000000 17.030612946 -7.682369232 10.054667473 -0.102243885 -0.328289926 -0.124179795 0.930779934
1403638193195097088.000000 16.730630875 -7.772283554 10.038125992 -0.090388432 -0.316567808 -0.122458540 0.936279178
1403638193345096960.000000 16.437906265 -7.899044514 9.970740318 -0.072707161 -0.308805823 -0.112797156 0.941610038
1403638193495097088.000000 16.104091644 -8.032907486 9.863810539 -0.069279164 -0.306408137 -0.101465724 0.943938136
1403638193695097088.000000 15.664110184 -8.108909607 9.690215111 -0.056294296 -0.300933123 -0.102642171 0.946432650
1403638193945096960.000000 15.092853546 -8.186218262 9.450514793 -0.033197127 -0.297085166 -0.110596672 0.947843194
1403638194145096960.000000 14.656087875 -8.149514198 9.267498016 -0.040907279 -0.298419267 -0.109554298 0.947243571
1403638194395097088.000000 14.090072632 -8.077919006 9.064987183 -0.044434395 -0.300340891 -0.110525377 0.946364105
1403638194645096960.000000 13.536428452 -8.033639908 8.812044144 -0.026563164 -0.298838913 -0.117513843 0.946667969
1403638194845096960.000000 13.109888077 -8.005160332 8.609650612 -0.010701356 -0.299068063 -0.121081129 0.946458220
1403638195095097088.000000 12.616775513 -7.940280437 8.408424377 -0.003130053 -0.299941719 -0.120536268 0.946306586
1403638195345096960.000000 12.158733368 -7.831839561 8.291321754 0.021982158 -0.295831323 -0.130976453 0.945962906
1403638195645096960.000000 11.737142563 -7.720529079 8.257265091 -0.015514578 -0.300118089 -0.120599382 0.946120620
1403638195945096960.000000 11.362778664 -7.647476196 8.268514633 -0.000034547 -0.297167957 -0.124531217 0.946669519
1403638196295097088.000000 11.038115501 -7.735475540 8.298175812 -0.013791889 -0.298890859 -0.118908696 0.946749568
1403638196695097088.000000 10.741180420 -7.849713802 8.421853065 0.001246153 -0.296999484 -0.128366947 0.946209133
1403638196995097088.000000 10.602281570 -7.872128963 8.605689049 -0.008105238 -0.299336731 -0.124982238 0.945891798
1403638197295097088.000000 10.523830414 -7.984468937 8.809310913 -0.020244647 -0.305648416 -0.110661916 0.945475101
1403638197645096960.000000 10.427970886 -8.244473457 8.985765457 -0.030526418 -0.310490578 -0.096957870 0.945125878
1403638197995097088.000000 10.249623299 -8.529119492 9.179106712 -0.052914884 -0.307187229 -0.101309001 0.944760561
1403638198345096960.000000 10.008274078 -8.513856888 9.416034698 -0.044844463 -0.304781407 -0.106145665 0.945426047
1403638198745096960.000000 9.648590088 -8.320037842 9.732887268 -0.028032131 -0.323697716 -0.054212160 0.944190145
1403638199145096960.000000 8.987011909 -8.277774811 10.029449463 -0.029550159 -0.324245781 -0.053145438 0.944016397
1403638199645096960.000000 7.685587883 -8.646124840 10.350301743 -0.025356790 -0.321092814 -0.047676403 0.945506930
1403638200045096960.000000 6.307786465 -9.065893173 10.609511375 -0.028111707 -0.275995582 -0.078594461 0.957527578
1403638200445096960.000000 4.833081245 -9.417402267 10.956146240 -0.049121711 -0.228597090 -0.032951310 0.971722543
1403638200795097088.000000 3.361512661 -9.866107941 11.082464218 -0.037185304 -0.193063706 0.006431566 0.980460227
1403638201095097088.000000 2.002337933 -10.155114174 11.229240417 -0.039121073 -0.166249394 -0.017798427 0.985146642
1403638201395097088.000000 0.567322969 -10.383211136 11.416112900 -0.039230444 -0.166539162 -0.026500605 0.984897673
1403638201795097088.000000 -1.311911345 -10.455750465 11.683923721 -0.045463093 -0.173414961 -0.027180184 0.983423412
1403638202045096960.000000 -2.496175766 -10.445489883 11.841033936 -0.044426568 -0.161338076 -0.028890498 0.985475361
1403638202145096960.000000 -3.003062725 -10.440478325 11.901401520 -0.040715665 -0.151194900 -0.035430774 0.987029374
1403638202345096960.000000 -3.962838173 -10.460750580 11.982444763 -0.030594429 -0.136272743 -0.045215093 0.989165962
1403638202495097088.000000 -4.637059689 -10.475244522 12.030533791 -0.027491033 -0.131741136 -0.043783423 0.989935100
1403638202645096960.000000 -5.300316811 -10.477735519 12.089138031 -0.024102306 -0.128332242 -0.048029535 0.990274251
1403638202795097088.000000 -5.951878548 -10.435781479 12.177082062 -0.024800127 -0.129111603 -0.047456335 0.990183353
1403638202945096960.000000 -6.591044426 -10.412111282 12.275466919 -0.026530229 -0.130752563 -0.047036327 0.989943147
1403638203095097088.000000 -7.194975376 -10.387006760 12.364627838 -0.028640291 -0.130595863 -0.048386306 0.989839971
1403638203245096960.000000 -7.785701275 -10.370174408 12.429405212 -0.036028139 -0.133633196 -0.042589761 0.989459574
