1403638193245096960.000000 1.206208229 -0.488389492 0.594351411 -0.075318441 -0.340979010 -0.095202476 0.932200074
1403638193395097088.000000 1.183792591 -0.495919019 0.590588212 -0.061476395 -0.335380107 -0.084273018 0.936289966
1403638193445096960.000000 1.175928712 -0.498499274 0.588158965 -0.060025178 -0.334873974 -0.079938754 0.936945140
1403638193545096960.000000 1.160022259 -0.502679527 0.584173918 -0.061043061 -0.332819849 -0.076347463 0.937910318
1403638193745096960.000000 1.129044771 -0.507793725 0.571680188 -0.040878698 -0.326243401 -0.083278961 0.940722466
1403638193995097088.000000 1.089462042 -0.509741604 0.557119608 -0.023962963 -0.323875219 -0.089782186 0.941525221
1403638194145096960.000000 1.065494895 -0.507465482 0.549362183 -0.032179620 -0.326335579 -0.086753823 0.940714240
1403638194295097088.000000 1.042366624 -0.505356550 0.541794181 -0.041366093 -0.328369737 -0.083622999 0.939930499
1403638194495097088.000000 1.010412335 -0.500128388 0.530032158 -0.028857073 -0.326627225 -0.092046469 0.940217733
1403638194695097088.000000 0.978635073 -0.497357756 0.517306805 -0.012787201 -0.326842695 -0.096705899 0.940030992
1403638194895097088.000000 0.948680997 -0.495172381 0.505074143 0.000720730 -0.328280687 -0.098482072 0.939432025
1403638195095097088.000000 0.921838403 -0.489545494 0.495540589 0.005140629 -0.328373641 -0.098747358 0.939357936
1403638195295097088.000000 0.896555781 -0.483083934 0.489734650 0.025356092 -0.325098336 -0.108406775 0.939103901
1403638195495097088.000000 0.874661446 -0.477369189 0.487678349 0.014057437 -0.326387495 -0.105163284 0.939262629
1403638195745096960.000000 0.852337599 -0.470237970 0.488917887 -0.006709783 -0.327809274 -0.099359117 0.939480603
1403638195995097088.000000 0.831691980 -0.466850400 0.490880787 0.011729339 -0.325327307 -0.104252174 0.939763844
1403638196395097088.000000 0.807684302 -0.475709200 0.495595098 -0.007986869 -0.327166498 -0.096708946 0.939971089
1403638196695097088.000000 0.793309808 -0.478710324 0.503491044 0.009174101 -0.325129837 -0.106962398 0.939556003
1403638196995097088.000000 0.784616828 -0.479971349 0.516935825 0.000241805 -0.327134937 -0.103222519 0.939323068
1403638197295097088.000000 0.779733539 -0.486883193 0.531516194 -0.011714885 -0.333030343 -0.088612907 0.938669980
1403638197645096960.000000 0.773079097 -0.503670394 0.544836581 -0.022081992 -0.337451398 -0.074261867 0.938149333
1403638197995097088.000000 0.761041999 -0.522580147 0.559227705 -0.044404402 -0.333800882 -0.078127779 0.938350320
1403638198395097088.000000 0.742378533 -0.518358171 0.579839528 -0.032108072 -0.332249910 -0.082462616 0.939030886
1403638198745096960.000000 0.721417069 -0.505921662 0.599711418 -0.018132320 -0.350214809 -0.031537741 0.935962677
1403638199095097088.000000 0.684753776 -0.501524925 0.620718062 -0.017690109 -0.350687712 -0.028837243 0.935881197
1403638199495097088.000000 0.619698882 -0.514086187 0.643823981 -0.022732545 -0.352934629 -0.027946696 0.934954226
1403638199845096960.000000 0.542326272 -0.535143614 0.661883295 -0.017722337 -0.321207017 -0.046437610 0.945703745
1403638200195097088.000000 0.456818014 -0.552824676 0.685435891 -0.021661891 -0.289491177 -0.038445294 0.956162930
1403638200545096960.000000 0.366405070 -0.571425498 0.708658993 -0.035937205 -0.244911477 0.001720836 0.968877673
1403638200895097088.000000 0.262288779 -0.597961903 0.726713777 -0.020242738 -0.210386097 0.027129903 0.977032185
1403638201195097088.000000 0.167763919 -0.615275443 0.744266748 -0.025772100 -0.191068172 -0.003322877 0.981232762
1403638201545096960.000000 0.055202141 -0.622256994 0.766111076 -0.029233117 -0.196397021 -0.006284440 0.980068445
1403638201895097088.000000 -0.057880461 -0.618911982 0.790526152 -0.032268528 -0.200367138 -0.008299896 0.979154170
1403638202095097088.000000 -0.125158250 -0.615472853 0.800647199 -0.029863138 -0.185017332 -0.011019050 0.982219636
1403638202295097088.000000 -0.190913886 -0.612967610 0.812624216 -0.017688802 -0.168907866 -0.021888342 0.985230029
1403638202595097088.000000 -0.283565164 -0.611095428 0.826749146 -0.013045359 -0.159657300 -0.027256897 0.986709893
1403638202695097088.000000 -0.312492609 -0.609392345 0.831271648 -0.010796851 -0.158809051 -0.028499577 0.986838818
1403638202845096960.000000 -0.354866147 -0.605426788 0.839374185 -0.012318135 -0.159789950 -0.026611391 0.986715376
1403638202995097088.000000 -0.397005737 -0.601199389 0.848683119 -0.014577899 -0.160846904 -0.027409058 0.986491024
1403638203145096960.000000 -0.436875492 -0.597587287 0.856297433 -0.017523671 -0.161798134 -0.026574887 0.986310303
1403638203295097088.000000 -0.475675613 -0.596528411 0.862609744 -0.025395203 -0.162869856 -0.022631707 0.986061037
1403638203495097088.000000 -0.525285244 -0.594494343 0.869668126 -0.028004421 -0.160860375 -0.026244542 0.986230671
1403638203645096960.000000 -0.561839044 -0.591883898 0.874377012 -0.024937443 -0.159841985 -0.028821003 0.986406624
1403638203795097088.000000 -0.596624374 -0.590364158 0.877131283 -0.025373634 -0.159871385 -0.028041655 0.986413181
1403638203945096960.000000 -0.631404698 -0.590669394 0.878704667 -0.024945924 -0.159203216 -0.027092481 0.986558676
