1403638193795097088.000000 0.809701562 -0.527599096 0.549620688 -0.031724222 -0.304847538 -0.036251467 0.951182127
1403638193895097088.000000 0.792605877 -0.529831946 0.545710385 -0.023001328 -0.307249337 -0.038949136 0.950553417
1403638194095097088.000000 0.768447697 -0.526769698 0.535503030 -0.022681242 -0.307758063 -0.039183259 0.950386882
1403638194195097088.000000 0.756160021 -0.525543809 0.530569434 -0.031259790 -0.309149504 -0.036566820 0.949795902
1403638194295097088.000000 0.743895292 -0.523003101 0.526126504 -0.036508095 -0.309912413 -0.035572428 0.949397743
1403638194395097088.000000 0.731593490 -0.518715024 0.521226764 -0.030962704 -0.309391409 -0.039398305 0.949613631
1403638194545096960.000000 0.712901652 -0.515436292 0.512711406 -0.020481488 -0.309472233 -0.043748967 0.949680746
1403638194695097088.000000 0.694749117 -0.512165427 0.504577100 -0.008169465 -0.309671044 -0.047918357 0.949600399
1403638194845096960.000000 0.677452505 -0.509110570 0.496075094 0.002336520 -0.310744196 -0.050111808 0.949168801
1403638195245096960.000000 0.635783613 -0.498145759 0.480243385 0.023640208 -0.310748249 -0.055301134 0.948587596
1403638195445096960.000000 0.617504478 -0.492184728 0.477353215 0.029630406 -0.310438365 -0.058826547 0.948308766
1403638195695097088.000000 0.599777818 -0.484644532 0.476495683 -0.002134179 -0.311500907 -0.049078640 0.948975205
1403638195945096960.000000 0.583570719 -0.479209185 0.477037162 0.013593847 -0.309494168 -0.053855665 0.949277699
1403638196195097088.000000 0.569474638 -0.480489224 0.478556275 0.009072341 -0.309890687 -0.051054478 0.949357092
1403638196495097088.000000 0.556243956 -0.484773040 0.482422411 -0.002048518 -0.310251683 -0.048693299 0.949404359
1403638196745096960.000000 0.547078073 -0.484493285 0.487906694 0.017440969 -0.309039086 -0.058833964 0.949067593
1403638197045096960.000000 0.540266931 -0.484988838 0.499280244 0.001418268 -0.310834944 -0.053157624 0.948975205
1403638197395097088.000000 0.534669340 -0.492095798 0.512189507 -0.011182568 -0.319207788 -0.029358935 0.947163880
1403638197745096960.000000 0.526668966 -0.506500840 0.522209704 -0.016907470 -0.318855047 -0.025542893 0.947308362
1403638198095097088.000000 0.514261544 -0.516693771 0.535354614 -0.044521961 -0.314203560 -0.031025076 0.947803438
1403638198445096960.000000 0.500803471 -0.508773446 0.549526572 -0.023521340 -0.315057755 -0.030943582 0.948276222
1403638198795097088.000000 0.483799279 -0.496579230 0.564095557 -0.017513450 -0.332985014 0.023081146 0.942486882
1403638199195097088.000000 0.445896357 -0.490759104 0.581532419 -0.017914899 -0.330818743 0.016719073 0.943376124
1403638199545096960.000000 0.395539910 -0.496118128 0.594951451 -0.016932739 -0.333520740 0.022957694 0.942311049
1403638199895097088.000000 0.330684811 -0.506751180 0.609552979 -0.014140757 -0.296807408 -0.003093192 0.954827666
1403638200245096960.000000 0.260269344 -0.513437092 0.625666976 -0.022010427 -0.261810124 0.015120891 0.964749873
1403638200595097088.000000 0.185401917 -0.520456433 0.638101578 -0.028323188 -0.216000751 0.055278093 0.974415600
1403638200945096960.000000 0.100037172 -0.532948375 0.649357796 -0.014452550 -0.180845812 0.068696134 0.981002927
1403638201195097088.000000 0.035080165 -0.536263645 0.659572899 -0.019230237 -0.167591423 0.044944018 0.984643757
1403638201545096960.000000 -0.056047499 -0.532598853 0.672792435 -0.023002362 -0.172626480 0.042474430 0.983802259
1403638201795097088.000000 -0.121493250 -0.524830043 0.683611274 -0.026167246 -0.177152485 0.042370789 0.982922673
1403638202045096960.000000 -0.186598390 -0.513658762 0.692336261 -0.025000308 -0.165582389 0.040782247 0.985035181
1403638202145096960.000000 -0.213302478 -0.510077536 0.695519388 -0.020276837 -0.155535281 0.034154005 0.987031460
1403638202295097088.000000 -0.253247201 -0.504962981 0.699621499 -0.009892398 -0.144926026 0.026676795 0.989033341
1403638202445096960.000000 -0.292748123 -0.501033783 0.703426957 -0.006734360 -0.139906019 0.025207594 0.989820957
1403638202595097088.000000 -0.330054462 -0.495712370 0.707927108 -0.005107530 -0.137010515 0.021700786 0.990318716
1403638202745096960.000000 -0.365145802 -0.489384443 0.711977303 -0.003074544 -0.136421427 0.020845698 0.990426779
1403638202895097088.000000 -0.399838150 -0.483425945 0.717418075 -0.005144844 -0.138362110 0.023070326 0.990099609
1403638203045096960.000000 -0.433301508 -0.476377338 0.722775698 -0.007708587 -0.138234779 0.020734549 0.990152419
1403638203195097088.000000 -0.465659738 -0.470645487 0.727412224 -0.012722721 -0.140093267 0.024787553 0.989746213
1403638203395097088.000000 -0.506940544 -0.465754002 0.731426358 -0.019842889 -0.138940245 0.024650389 0.989795029
1403638203595097088.000000 -0.547142863 -0.459064752 0.734997988 -0.019707557 -0.137051806 0.019121950 0.990183175
1403638203795097088.000000 -0.585413873 -0.453048885 0.737583280 -0.017833602 -0.137453750 0.020615609 0.990133047
1403638203995097088.000000 -0.622550607 -0.450371951 0.736741722 -0.017095556 -0.135852352 0.020628197 0.990366757
1403638204195097088.000000 -0.658360124 -0.449402064 0.735517025 -0.008963639 -0.131770596 0.014173680 0.991138399

