1403638193695097088.000000 12.664586067 -6.011457443 6.918743134 -0.053668875 -0.309754372 -0.090795144 0.944948733
1403638193795097088.000000 12.481693268 -6.029506207 6.860238075 -0.042418323 -0.306804657 -0.096406430 0.945926726
1403638193895097088.000000 12.290939331 -6.049554348 6.800292015 -0.034933567 -0.306740135 -0.098392881 0.946049154
1403638193995097088.000000 12.126427650 -6.030469418 6.725147724 -0.031851068 -0.305378467 -0.101083703 0.946314752
1403638194345096960.000000 11.511592865 -5.982702255 6.489464283 -0.045869354 -0.309352696 -0.097342424 0.944839358
1403638194495097088.000000 11.242662430 -5.950006962 6.383885384 -0.035708889 -0.308311522 -0.103422500 0.944972336
1403638194645096960.000000 10.980781555 -5.924589634 6.264231205 -0.024786679 -0.308352768 -0.106020108 0.945020616
1403638194795097088.000000 10.722606659 -5.918539047 6.146725655 -0.011704207 -0.308796167 -0.108898938 0.944801033
1403638194995097088.000000 10.410202026 -5.873568058 6.009785652 -0.003170064 -0.309440792 -0.109576508 0.944578946
1403638195245096960.000000 10.044984818 -5.807914734 5.891387463 0.012819188 -0.307388991 -0.115226403 0.944494843
1403638195445096960.000000 9.790505409 -5.737895489 5.852329254 0.018479124 -0.306352645 -0.118553571 0.944326043
1403638195795097088.000000 9.435701370 -5.630981922 5.853497505 -0.010234209 -0.308340371 -0.110961579 0.944726944
1403638195995097088.000000 9.251111031 -5.613461494 5.865780830 0.006104883 -0.306305021 -0.114742421 0.944973111
1403638196295097088.000000 9.038284302 -5.678754330 5.893404484 -0.011098354 -0.308359563 -0.107877709 0.945068061
1403638196595097088.000000 8.869483948 -5.753168583 5.955720901 -0.007301144 -0.307422698 -0.112406455 0.944882393
1403638196845096960.000000 8.757912636 -5.753936291 6.050516605 0.007574004 -0.305971682 -0.119063854 0.944535732
1403638197095097088.000000 8.692751884 -5.790769100 6.192468643 -0.011805105 -0.309258074 -0.111746281 0.944316089
1403638197345096960.000000 8.652797699 -5.875515938 6.312304497 -0.019726235 -0.316346854 -0.093578942 0.943810642
1403638197945096960.000000 8.466791153 -6.237716198 6.564366817 -0.042537238 -0.315259546 -0.089912198 0.943778455
1403638198245096960.000000 8.311526299 -6.269392490 6.726727486 -0.047524191 -0.313099205 -0.095353834 0.943725586
1403638198595097088.000000 8.095933914 -6.154951096 6.941930771 -0.026398897 -0.321607411 -0.072473846 0.943726301
1403638198945096960.000000 7.776737213 -6.041663170 7.146653175 -0.027035644 -0.333883256 -0.034231219 0.941604614
1403638199295097088.000000 7.222768307 -6.107952595 7.365542889 -0.033847395 -0.330987066 -0.045261066 0.941941261
1403638199645096960.000000 6.468568325 -6.307005882 7.536171436 -0.022744521 -0.328653216 -0.036115315 0.943485796
1403638199995097088.000000 5.545264244 -6.562705040 7.722082138 -0.025750110 -0.288367867 -0.067228004 0.954809546
1403638200345096960.000000 4.526617527 -6.802892208 7.976106644 -0.042310916 -0.249016747 -0.034984671 0.966941833
1403638200695097088.000000 3.447853327 -7.081732750 8.135787010 -0.038499936 -0.209755480 0.011357743 0.976929605
1403638201045096960.000000 2.213057995 -7.367921829 8.265299797 -0.032531630 -0.175520003 -0.003568711 0.983931720
1403638201345096960.000000 1.096847296 -7.526345253 8.429091454 -0.034573782 -0.172023505 -0.016998928 0.984339178
1403638201695097088.000000 -0.196522951 -7.561392784 8.647362709 -0.041906767 -0.179318786 -0.016612699 0.982757628
1403638201995097088.000000 -1.310603142 -7.524830818 8.814787865 -0.040506408 -0.174511403 -0.017095076 0.983673096
1403638202195097088.000000 -2.079372883 -7.498009682 8.910202026 -0.034628801 -0.155142233 -0.027512113 0.986901641
1403638202345096960.000000 -2.634266853 -7.501182079 8.972784042 -0.026778651 -0.144980952 -0.033425786 0.988507032
1403638202545096960.000000 -3.343790054 -7.512542248 9.044064522 -0.022380250 -0.139464721 -0.034730896 0.989364684
1403638202695097088.000000 -3.864839792 -7.485518932 9.108449936 -0.020007571 -0.138131812 -0.037320014 0.989508212
1403638202845096960.000000 -4.365890026 -7.452877045 9.180683136 -0.021468649 -0.139492080 -0.035712119 0.989346087
1403638202995097088.000000 -4.852720261 -7.418177605 9.271763802 -0.023465782 -0.140641287 -0.036801860 0.989098072
1403638203145096960.000000 -5.331159115 -7.379523754 9.354903221 -0.026813343 -0.142362103 -0.035964727 0.988797545
1403638203295097088.000000 -5.784794807 -7.370580673 9.417474747 -0.035001859 -0.143832445 -0.032351870 0.988453567
1403638203495097088.000000 -6.360246658 -7.360531330 9.480373383 -0.037314311 -0.142049715 -0.035742141 0.988510013
1403638203645096960.000000 -6.775913715 -7.335085869 9.518777847 -0.034399919 -0.140524894 -0.038531549 0.988728821
1403638203845096960.000000 -7.307430267 -7.323889256 9.540771484 -0.035258383 -0.140309393 -0.037693240 0.988761544
1403638203995097088.000000 -7.693222046 -7.333601952 9.548224449 -0.034921210 -0.138978690 -0.037290193 0.988976657
1403638204195097088.000000 -8.188892365 -7.374456406 9.527753830 -0.026964225 -0.134161696 -0.044001237 0.989614785
1403638204395097088.000000 -8.652450562 -7.438909054 9.492246628 -0.013719863 -0.125504360 -0.067991294 0.989665389
