1403638193895097088.000000 17.885040283 -11.488720894 11.315343857 -0.021634834 -0.314893335 -0.037080362 0.948155642
1403638194045096960.000000 17.431632996 -11.395673752 11.179748535 -0.020781912 -0.315479934 -0.041117650 0.947813213
1403638194145096960.000000 17.170110703 -11.357870102 11.074910164 -0.028197106 -0.316732526 -0.037847333 0.947339952
1403638194245096960.000000 16.900295258 -11.298617363 10.980690002 -0.036915321 -0.317977577 -0.035258405 0.946722984
1403638194345096960.000000 16.625381470 -11.228212357 10.872413635 -0.035253521 -0.317789167 -0.037068840 0.946780384
1403638194445096960.000000 16.359560013 -11.138605118 10.749670029 -0.029197164 -0.317006588 -0.041149385 0.947080314
1403638194545096960.000000 16.079021454 -11.086805344 10.642387390 -0.022627624 -0.317506492 -0.043632757 0.946981430
1403638194695097088.000000 15.665098190 -11.016761780 10.464047432 -0.010111499 -0.317920744 -0.047900602 0.946852505
1403638194845096960.000000 15.281836510 -10.961885452 10.281261444 0.000720275 -0.318876535 -0.050032023 0.946474552
1403638194995097088.000000 14.898921967 -10.886659622 10.130015373 0.006366413 -0.320271909 -0.049940076 0.945986986
1403638195145096960.000000 14.541370392 -10.789104462 10.028676987 0.010503392 -0.320903480 -0.049979050 0.945733964
1403638195345096960.000000 14.129750252 -10.639312744 9.915646553 0.033860002 -0.317939013 -0.060910683 0.945546508
1403638195545096960.000000 13.775825500 -10.493281364 9.875636101 0.008408830 -0.318939775 -0.054403048 0.946174920
1403638195795097088.000000 13.386277199 -10.349120140 9.896776199 -0.000676568 -0.319133580 -0.051187526 0.946326137
1403638196045096960.000000 13.049547195 -10.277349472 9.912458420 0.016481826 -0.317313671 -0.055461913 0.946553946
1403638196295097088.000000 12.756313324 -10.352902412 9.964634895 -0.001420094 -0.318758488 -0.048077013 0.946614802
1403638196595097088.000000 12.474620819 -10.430275917 10.082832336 0.002107644 -0.318320334 -0.052675858 0.946516216
1403638197195097088.000000 12.168439865 -10.474974632 10.545588493 -0.004609630 -0.321117938 -0.048573963 0.945781469
1403638197495097088.000000 12.073056221 -10.663185120 10.772009850 -0.016000759 -0.328409076 -0.025119821 0.944065928
1403638197845096960.000000 11.862025261 -10.984318733 11.007612228 -0.022044305 -0.325542837 -0.027774297 0.944862187
1403638198195097088.000000 11.579968452 -11.103141785 11.328617096 -0.041491270 -0.321315080 -0.034651358 0.945428133
1403638198545096960.000000 11.279607773 -10.878473282 11.639425278 -0.019206630 -0.326142222 -0.021704433 0.944876313
1403638198895097088.000000 10.836471558 -10.608412743 11.962335587 -0.019498695 -0.341452360 0.027106388 0.939305782
1403638199245096960.000000 10.014554977 -10.564270020 12.328661919 -0.021774473 -0.338138402 0.015012695 0.940724671
1403638199645096960.000000 8.651798248 -10.758165359 12.668786049 -0.013529951 -0.335776776 0.024199205 0.941533506
1403638199995097088.000000 7.151656151 -10.989055634 13.039978981 -0.014169035 -0.296931386 -0.007070670 0.954767525
1403638200345096960.000000 5.565281868 -11.132454872 13.462939262 -0.029942248 -0.254735589 0.024779245 0.966229379
1403638200695097088.000000 3.819418430 -11.385276794 13.748880386 -0.022527887 -0.214352176 0.070456393 0.973951519
1403638201045096960.000000 1.825992823 -11.616302490 14.040983200 -0.014571817 -0.181771383 0.054902487 0.981698811
1403638201345096960.000000 0.054146290 -11.647266388 14.326563835 -0.017186169 -0.178224176 0.040932622 0.982987940
1403638201595097088.000000 -1.395875931 -11.538563728 14.581856728 -0.021833511 -0.183908165 0.043509401 0.981737256
1403638201845096960.000000 -2.839143753 -11.365057945 14.837360382 -0.025113611 -0.185114011 0.038736831 0.981632113
1403638201995097088.000000 -3.705385208 -11.230327606 14.977809906 -0.022035126 -0.179685205 0.040961403 0.982623935
1403638202145096960.000000 -4.570981979 -11.104331970 15.090520859 -0.017242867 -0.164271519 0.033550750 0.985693634
1403638202295097088.000000 -5.437676430 -10.997075081 15.198877335 -0.006914711 -0.153021604 0.025787549 0.987862110
1403638202445096960.000000 -6.315968513 -10.898465157 15.313987732 -0.004165508 -0.147963852 0.024354462 0.988684058
1403638202645096960.000000 -7.394736767 -10.757457733 15.438020706 0.000155408 -0.143928424 0.019979365 0.989386380
1403638202795097088.000000 -8.161365509 -10.608465195 15.551769257 -0.000373562 -0.144013852 0.020321604 0.989366949
1403638202945096960.000000 -8.924071312 -10.473433495 15.694528580 -0.002209208 -0.145263284 0.020746455 0.989173055
1403638203095097088.000000 -9.657368660 -10.337979317 15.821364403 -0.004444266 -0.145229295 0.019539328 0.989195108
1403638203245096960.000000 -10.359822273 -10.220884323 15.923486710 -0.011844696 -0.147202119 0.025389740 0.988709569
1403638203495097088.000000 -11.505431175 -10.070469856 16.042190552 -0.016698258 -0.144750401 0.021297967 0.989098012
1403638203745096960.000000 -12.591886520 -9.894018173 16.136882782 -0.014845245 -0.143455282 0.017582573 0.989389241
1403638203995097088.000000 -13.636146545 -9.803294182 16.145427704 -0.013958157 -0.142570049 0.019331619 0.989497483
1403638204295097088.000000 -14.822330475 -9.800582886 16.093353271 0.000335847 -0.135247678 0.002200653 0.990809321

