1403638192245096960.000000 20.850456238 -8.007349968 10.128063202 -0.000027484 -0.332606524 -0.106777623 0.937001288
1403638192445096960.000000 20.224012375 -8.081239700 10.423570633 -0.021083280 -0.337215871 -0.109595515 0.934788644
1403638192545096960.000000 20.039571762 -8.153354645 10.535422325 -0.027854422 -0.337732375 -0.110380091 0.934332490
1403638192645096960.000000 19.843219757 -8.213876724 10.615434647 -0.040537365 -0.339570820 -0.107954539 0.933484972
1403638192845096960.000000 19.425548553 -8.382054329 10.773234367 -0.065362915 -0.340786695 -0.109857515 0.931409359
1403638192945096960.000000 19.202430725 -8.454314232 10.845243454 -0.086161494 -0.338522613 -0.115952335 0.929803014
1403638193095097088.000000 18.859153748 -8.557955742 10.899818420 -0.102210343 -0.329586983 -0.123673052 0.930392623
1403638193245096960.000000 18.501424789 -8.668878555 10.876296043 -0.083890073 -0.319033295 -0.118474707 0.936559618
1403638193395097088.000000 18.179891586 -8.840554237 10.774455070 -0.069221355 -0.312754273 -0.106912762 0.941255987
1403638193595097088.000000 17.681550980 -8.987352371 10.614335060 -0.066816755 -0.308995098 -0.098837823 0.943551064
1403638193795097088.000000 17.175163269 -9.048785210 10.405512810 -0.043509204 -0.302733839 -0.107309744 0.946014702
1403638194045096960.000000 16.532779694 -9.073164940 10.150711060 -0.032169893 -0.301783592 -0.111346729 0.946305275
1403638194295097088.000000 15.916282654 -8.998130798 9.925274849 -0.050655410 -0.306213409 -0.106123276 0.944672048
1403638194645096960.000000 15.042869568 -8.909949303 9.545684814 -0.026552066 -0.303838521 -0.116746843 0.945170522
1403638194945096960.000000 14.338323593 -8.852093697 9.229678154 -0.006304272 -0.304958701 -0.119445436 0.944824457
1403638195245096960.000000 13.709033966 -8.752025604 9.004602432 0.010855461 -0.302377045 -0.125510767 0.944826603
1403638195595097088.000000 13.098509789 -8.600185394 8.932129860 -0.010649762 -0.304833770 -0.120782033 0.944655836
1403638195895097088.000000 12.676764488 -8.502281189 8.959543228 -0.003655846 -0.303052455 -0.122506849 0.945059717
1403638196345096960.000000 12.210115433 -8.634519577 9.011507034 -0.015789919 -0.304829448 -0.116135038 0.945167899
1403638196645096960.000000 11.969130516 -8.702495575 9.105186462 -0.003695949 -0.302525878 -0.124634020 0.944950163
1403638196995097088.000000 11.777273178 -8.748010635 9.349263191 -0.007532171 -0.304201692 -0.124135062 0.944454908
1403638197345096960.000000 11.685078621 -8.903006554 9.603978157 -0.021757320 -0.312655985 -0.103968389 0.943908572
1403638197745096960.000000 11.552949905 -9.262084007 9.821128845 -0.028763643 -0.314386696 -0.096044756 0.943985701
1403638198095097088.000000 11.324999809 -9.507417679 10.055356979 -0.056937095 -0.311180562 -0.101730242 0.943173230
1403638198445096960.000000 11.031703949 -9.404452324 10.350120544 -0.035833333 -0.311050236 -0.101473637 0.944281101
1403638198795097088.000000 10.657809258 -9.216500282 10.660445213 -0.029173266 -0.330552548 -0.048004970 0.942114353
1403638199145096960.000000 10.000787735 -9.202850342 10.961591721 -0.028231675 -0.328994244 -0.052212652 0.942464650
1403638199495097088.000000 9.062575340 -9.443278313 11.214336395 -0.032007840 -0.330675781 -0.050682761 0.941838741
1403638199895097088.000000 7.620481491 -9.886821747 11.511193275 -0.027786372 -0.293615550 -0.073799126 0.952665508
1403638200245096960.000000 6.256364822 -10.220704079 11.751723289 -0.037503924 -0.258545339 -0.055470828 0.963675618
1403638200595097088.000000 4.757730961 -10.634256363 12.011676788 -0.044699721 -0.215878755 -0.014114101 0.975294352
1403638200895097088.000000 3.333502054 -11.025060654 12.159154892 -0.033792842 -0.185502738 0.006780250 0.982039094
1403638201145096960.000000 2.066330910 -11.269427299 12.315026283 -0.038932271 -0.165984139 -0.019857086 0.985159516
1403638201345096960.000000 0.993263245 -11.412486076 12.459588051 -0.041059442 -0.166533083 -0.026548117 0.984822869
1403638201645096960.000000 -0.570232391 -11.504302025 12.692218781 -0.046763875 -0.172943532 -0.025132848 0.983499885
1403638201795097088.000000 -1.331727982 -11.505479813 12.805339813 -0.047142360 -0.174647540 -0.025453752 0.983172357
1403638202045096960.000000 -2.638738871 -11.497012138 12.976982117 -0.045576584 -0.162717164 -0.027062517 0.985247970
1403638202195097088.000000 -3.441747427 -11.485027313 13.058823586 -0.039940521 -0.147139534 -0.036940314 0.987618387
1403638202395097088.000000 -4.492846489 -11.519694328 13.161859512 -0.029713225 -0.136014894 -0.041836619 0.989376962
1403638202545096960.000000 -5.243465424 -11.538433075 13.212759972 -0.027505184 -0.131214976 -0.044467483 0.989974141
1403638202695097088.000000 -6.012343407 -11.513343811 13.300777435 -0.025275975 -0.130438238 -0.047058143 0.990016401
1403638202845096960.000000 -6.704799652 -11.487857819 13.393696785 -0.026567688 -0.131224006 -0.045638673 0.989945233
1403638202995097088.000000 -7.423542976 -11.443546295 13.524148941 -0.028832071 -0.132815272 -0.046497826 0.989629626
1403638203145096960.000000 -8.091206551 -11.412284851 13.606216431 -0.031634331 -0.133895367 -0.045659490 0.989437461
1403638203295097088.000000 -8.741648674 -11.413633347 13.676444054 -0.039814502 -0.135506034 -0.042177286 0.989077330

