1403638193495097088.000000 3.603393316 -1.926485181 2.164745331 -0.053669319 -0.318229228 -0.084074654 0.942751944
1403638193645096960.000000 3.531108141 -1.927178860 2.149796724 -0.050204903 -0.313925326 -0.083785221 0.944410086
1403638193695097088.000000 3.504798889 -1.931306481 2.136693478 -0.043119926 -0.312416375 -0.085999124 0.945061266
1403638193795097088.000000 3.457710028 -1.929284096 2.112755775 -0.032481633 -0.308683068 -0.091823868 0.946164966
1403638193895097088.000000 3.408794641 -1.927766085 2.087380886 -0.026049707 -0.307535768 -0.093715519 0.946551919
1403638193995097088.000000 3.360369921 -1.928478956 2.066170454 -0.022108436 -0.306632996 -0.096129745 0.946702957
1403638194195097088.000000 3.258691311 -1.922988176 2.028481483 -0.034148626 -0.310347080 -0.091412500 0.945601583
1403638194345096960.000000 3.185617447 -1.912940502 1.996598721 -0.036183342 -0.310300201 -0.092413589 0.945443928
1403638194495097088.000000 3.110485315 -1.898916245 1.960670829 -0.026528984 -0.308760911 -0.098382734 0.945665777
1403638194695097088.000000 3.011840105 -1.891677022 1.914686918 -0.010310759 -0.308402419 -0.102462627 0.945665419
1403638194895097088.000000 2.917985916 -1.881546021 1.868287802 0.002767775 -0.309479624 -0.103925459 0.945205927
1403638195395097088.000000 2.709197044 -1.843294382 1.808672547 0.033409916 -0.306544453 -0.114208668 0.944389045
1403638195695097088.000000 2.620448351 -1.817997336 1.805353165 -0.003949051 -0.310032904 -0.103690363 0.945046186
1403638195945096960.000000 2.553971767 -1.802706480 1.807361484 0.011619167 -0.306947857 -0.108412303 0.945460081
1403638196345096960.000000 2.472134113 -1.827248454 1.817884445 -0.004737388 -0.309242666 -0.100460172 0.945650220
1403638196695097088.000000 2.416030169 -1.842684984 1.845306158 0.012825371 -0.306633711 -0.112309553 0.945091426
1403638196945096960.000000 2.388491154 -1.844465375 1.879992485 0.008822205 -0.308143020 -0.110612117 0.944846570
1403638197295097088.000000 2.367710114 -1.869071484 1.932578683 -0.008600643 -0.314730257 -0.094244368 0.944451630
1403638197595097088.000000 2.348306179 -1.913571000 1.970890999 -0.018513020 -0.319553733 -0.080787152 0.943936467
1403638197945096960.000000 2.310701370 -1.978799343 2.016944408 -0.033217791 -0.316294909 -0.084649123 0.944292665
1403638198245096960.000000 2.267642021 -1.983782411 2.059540272 -0.038548693 -0.313684106 -0.090076111 0.944458842
1403638198545096960.000000 2.215356350 -1.955782294 2.110253096 -0.019303655 -0.318114042 -0.076742597 0.944744110
1403638198845096960.000000 2.145375252 -1.923395514 2.163137197 -0.018513577 -0.334461868 -0.028757539 0.941788495
1403638199195097088.000000 2.005925417 -1.922073841 2.223171949 -0.018696705 -0.331529200 -0.038613953 0.942469001
1403638199545096960.000000 1.806747675 -1.969332457 2.281024933 -0.016850300 -0.334904164 -0.031940088 0.941559911
1403638199895097088.000000 1.547416210 -2.040464401 2.335741520 -0.016757444 -0.297904313 -0.058147125 0.952675760
1403638200245096960.000000 1.272470355 -2.104638338 2.391497374 -0.024820620 -0.262654215 -0.039622180 0.963756621
1403638200595097088.000000 0.970513701 -2.175346136 2.447067261 -0.031648982 -0.219244808 0.000796031 0.975156128
1403638200945096960.000000 0.622789264 -2.263964653 2.491045475 -0.019189145 -0.184727803 0.015118364 0.982486069
1403638201195097088.000000 0.367107332 -2.302827358 2.532366991 -0.025424050 -0.170887485 -0.008459347 0.984926164
1403638201445096960.000000 0.101562083 -2.326246023 2.572674751 -0.026475780 -0.174489543 -0.011298288 0.984238148
1403638201745096960.000000 -0.220555604 -2.330056429 2.626510143 -0.031868737 -0.180824324 -0.012338706 0.982921541
1403638201995097088.000000 -0.478467643 -2.318646669 2.663820028 -0.030201709 -0.174175248 -0.012064194 0.984177470
1403638202145096960.000000 -0.646064162 -2.313450098 2.683139801 -0.025852727 -0.160064891 -0.019274775 0.986579597
1403638202295097088.000000 -0.806680799 -2.308619261 2.704564571 -0.016435726 -0.148569569 -0.026721476 0.988404214
1403638202545096960.000000 -1.062605619 -2.307099104 2.731549501 -0.012306974 -0.140235230 -0.030496895 0.989571929
1403638202695097088.000000 -1.210135937 -2.302804947 2.749684334 -0.009212138 -0.138859242 -0.033348270 0.989707589
1403638202845096960.000000 -1.348498344 -2.290751696 2.769554377 -0.010948433 -0.139573872 -0.031545456 0.989648521
1403638202995097088.000000 -1.487398744 -2.278175831 2.794808388 -0.013077711 -0.140712023 -0.032476723 0.989431322
1403638203145096960.000000 -1.619280100 -2.268190861 2.813108683 -0.015888520 -0.141421720 -0.031536076 0.989319444
1403638203295097088.000000 -1.750107050 -2.265679598 2.830299854 -0.023844784 -0.143107235 -0.027862443 0.989027500
1403638203495097088.000000 -1.913491964 -2.261400223 2.846445799 -0.026199136 -0.141038910 -0.031432793 0.989158034
1403638203695097088.000000 -2.071776390 -2.252420425 2.856234074 -0.023634614 -0.139155537 -0.034993019 0.989369810
1403638203845096960.000000 -2.184950352 -2.248589039 2.861340046 -0.024290958 -0.139364928 -0.032975260 0.989393771
1403638204045096960.000000 -2.331844091 -2.252903223 2.861320972 -0.021827504 -0.136877328 -0.033847220 0.989768922

