1403638192845096960.000000 6.190814495 -2.621148109 3.305899858 -0.057184312 -0.348250538 -0.098961100 0.930407524
1403638192945096960.000000 6.120100021 -2.654260397 3.346074104 -0.077913336 -0.346458882 -0.105348788 0.928868890
1403638193145096960.000000 5.984309673 -2.695461273 3.350498199 -0.087820262 -0.332157373 -0.112366356 0.932380259
1403638193295097088.000000 5.879036903 -2.720416069 3.326272488 -0.070170209 -0.321978152 -0.105798431 0.938196599
1403638193445096960.000000 5.772380352 -2.745435953 3.290006161 -0.061988465 -0.318249673 -0.092223987 0.941471875
1403638193595097088.000000 5.653059006 -2.773595572 3.254614830 -0.061237104 -0.314938366 -0.088230908 0.943015993
1403638193745096960.000000 5.533247948 -2.808177471 3.204591751 -0.041663188 -0.310070902 -0.094703853 0.945066869
1403638193945096960.000000 5.369591713 -2.811435699 3.141504765 -0.026386017 -0.308420420 -0.099342309 0.945680559
1403638194195097088.000000 5.172607422 -2.802579165 3.066610098 -0.037635725 -0.311331153 -0.096504867 0.944639206
1403638194395097088.000000 5.013787270 -2.778836727 3.007176876 -0.036806233 -0.311408848 -0.099098131 0.944377780
1403638194595097088.000000 4.855572701 -2.762511730 2.937078714 -0.023625683 -0.310255140 -0.105188578 0.944520473
1403638194845096960.000000 4.666656494 -2.749614954 2.855209827 -0.003338069 -0.310580134 -0.109977193 0.944157720
1403638195045096960.000000 4.525669575 -2.734854460 2.797051430 0.003887284 -0.311592221 -0.109596685 0.943866372
1403638195395097088.000000 4.306922913 -2.683464050 2.742675304 0.029662844 -0.307499111 -0.119844712 0.943504989
1403638195645096960.000000 4.182952404 -2.647090435 2.737541437 -0.007938462 -0.311619908 -0.109665520 0.943823874
1403638195895097088.000000 4.073474884 -2.621613503 2.742119074 0.003537400 -0.309547007 -0.112448394 0.944205225
1403638196345096960.000000 3.924700260 -2.660091639 2.760944366 -0.008703317 -0.311178923 -0.105831556 0.944400132
1403638196645096960.000000 3.847618580 -2.680777311 2.794417381 0.003384509 -0.309251010 -0.114281848 0.944082618
1403638196995097088.000000 3.789098501 -2.692355156 2.870203495 -0.000350892 -0.310557634 -0.113938756 0.943701148
1403638197345096960.000000 3.761445999 -2.738696575 2.950814724 -0.014544305 -0.318618119 -0.093403436 0.943157852
1403638197695097088.000000 3.724335194 -2.832940102 3.014900208 -0.022486389 -0.320690840 -0.085721441 0.943028927
1403638198045096960.000000 3.658755302 -2.919433355 3.086183548 -0.050512224 -0.317064166 -0.089957751 0.942775905
1403638198445096960.000000 3.555930138 -2.889193058 3.191908121 -0.028550463 -0.316743791 -0.090769432 0.943726182
1403638198845096960.000000 3.419376135 -2.820858717 3.303490400 -0.021988800 -0.336070001 -0.033825766 0.940972507
1403638199245096960.000000 3.158191204 -2.833921671 3.416960716 -0.024595631 -0.332841337 -0.045339782 0.941571057
1403638199645096960.000000 2.778891802 -2.929580927 3.509996653 -0.017573679 -0.330384433 -0.036243163 0.942986608
1403638200095097088.000000 2.238384485 -3.074011087 3.630292654 -0.019628389 -0.281632185 -0.062677339 0.957271934
1403638200445096960.000000 1.791009545 -3.170329094 3.734844208 -0.041099984 -0.236216009 -0.021729384 0.970587790
1403638200795097088.000000 1.268747807 -3.314263344 3.766735554 -0.028677497 -0.198378459 0.017680127 0.979546309
1403638201095097088.000000 0.799031734 -3.396484852 3.836191893 -0.031993289 -0.172467440 -0.006412466 0.984474599
1403638201545096960.000000 0.067926526 -3.456058502 3.943299055 -0.037438869 -0.174741521 -0.014915773 0.983789265
1403638201795097088.000000 -0.342134833 -3.454786777 4.018474579 -0.040634632 -0.179071218 -0.015037729 0.982881606
1403638202145096960.000000 -0.936973453 -3.423235655 4.092314720 -0.036299143 -0.157559991 -0.023004567 0.986573875
1403638202295097088.000000 -1.188817501 -3.420628548 4.120871544 -0.026508283 -0.146094158 -0.030459164 0.988446295
1403638202645096960.000000 -1.738679171 -3.415724754 4.178794861 -0.019886509 -0.136098087 -0.036304690 0.989830196
1403638202745096960.000000 -1.886470795 -3.405503988 4.201555729 -0.019982189 -0.135978565 -0.036435828 0.989839852
1403638202895097088.000000 -2.106664658 -3.392198324 4.237000465 -0.022211714 -0.138076961 -0.034072645 0.989585996
1403638203045096960.000000 -2.322205544 -3.374945879 4.274033546 -0.024667880 -0.138199285 -0.036824968 0.989412129
1403638203195097088.000000 -2.531274557 -3.364394188 4.305055618 -0.029295361 -0.140572682 -0.032983515 0.989087045
1403638203295097088.000000 -2.662767887 -3.364970207 4.316357136 -0.034106273 -0.140654892 -0.031801540 0.988959849
1403638203445096960.000000 -2.854861975 -3.360203981 4.336794376 -0.037712499 -0.139082938 -0.034317750 0.988967121
1403638203595097088.000000 -3.046793222 -3.349680662 4.354660988 -0.036454167 -0.137678683 -0.038506199 0.989056587
1403638203745096960.000000 -3.229582787 -3.340369463 4.369920731 -0.035212480 -0.137340203 -0.038969312 0.989130497
1403638203895097088.000000 -3.408018589 -3.340813160 4.374855042 -0.035347544 -0.137951896 -0.036118176 0.989148796
1403638204045096960.000000 -3.580871582 -3.348351717 4.372626305 -0.032583546 -0.135533124 -0.037878715 0.989512146
