1403638193945096960.000000 6.676289558 -3.468701363 3.582792759 -0.027055323 -0.312813818 -0.092232652 0.944938481
1403638194045096960.000000 6.583009243 -3.467039108 3.542418480 -0.025986733 -0.312171608 -0.093771875 0.945029318
1403638194245096960.000000 6.392465591 -3.449860096 3.474593163 -0.042369638 -0.315989375 -0.088402428 0.943684578
1403638194445096960.000000 6.197901726 -3.412794352 3.398280621 -0.034509253 -0.314905971 -0.094375484 0.943788469
1403638194595097088.000000 6.050654411 -3.394068480 3.340552807 -0.025081800 -0.314733028 -0.098080903 0.943765938
1403638194745096960.000000 5.909521580 -3.384126902 3.277885437 -0.011674132 -0.314787477 -0.101750270 0.943620384
1403638194895097088.000000 5.772070408 -3.376581430 3.219344378 -0.001794855 -0.316034228 -0.102461003 0.943197131
1403638195095097088.000000 5.604846001 -3.348188400 3.155146599 0.003237579 -0.316236138 -0.102587290 0.943111897
1403638195295097088.000000 5.452453613 -3.310009480 3.117997646 0.023672661 -0.312710673 -0.112021618 0.942922473
1403638195595097088.000000 5.260270119 -3.254405499 3.100212574 -0.004925887 -0.315771669 -0.104028992 0.943102300
1403638195995097088.000000 5.050812721 -3.212936401 3.112826347 0.010128260 -0.312962711 -0.108202346 0.943527400
1403638196245096960.000000 4.954465866 -3.240118027 3.126404524 -0.003320481 -0.314439267 -0.102375567 0.943735242
1403638196495097088.000000 4.870569229 -3.279369116 3.151703596 -0.008958246 -0.314893663 -0.101962298 0.943591774
1403638196795097088.000000 4.790705204 -3.289589405 3.210371017 0.012026998 -0.313040614 -0.111768052 0.943063557
1403638197095097088.000000 4.748548985 -3.306496382 3.296947002 -0.007536942 -0.315617770 -0.105116226 0.943015993
1403638197395097088.000000 4.722348213 -3.361397982 3.376255035 -0.017361809 -0.323944390 -0.082524732 0.942310095
1403638197695097088.000000 4.678680897 -3.460547924 3.442379236 -0.024019217 -0.324710310 -0.078761905 0.942222297
1403638198045096960.000000 4.596639633 -3.572107553 3.536426783 -0.051287211 -0.321269691 -0.082749568 0.941970229
1403638198445096960.000000 4.476848602 -3.524403095 3.662532330 -0.030261468 -0.320659280 -0.084060594 0.942971766
1403638198795097088.000000 4.341112137 -3.454723835 3.779690266 -0.022202412 -0.339268625 -0.030134736 0.939944565
1403638199145096960.000000 4.090458870 -3.442237616 3.905258894 -0.020921271 -0.338186026 -0.034544922 0.940212309
1403638199495097088.000000 3.729701996 -3.516267300 4.012162209 -0.025385860 -0.339957803 -0.032370213 0.939540505
1403638199845096960.000000 3.253766060 -3.644468546 4.109045506 -0.020838019 -0.308050334 -0.050776310 0.949785531
1403638200195097088.000000 2.728917837 -3.752578020 4.245448112 -0.025745379 -0.276048899 -0.042532284 0.959856868
1403638200595097088.000000 2.087008715 -3.893904448 4.361233234 -0.038680725 -0.224292323 0.002650751 0.973750353
1403638200945096960.000000 1.443692684 -4.060984612 4.441765308 -0.025758026 -0.187942728 0.017273672 0.981690228
1403638201245096960.000000 0.854703307 -4.160763741 4.521762848 -0.032450683 -0.172443420 -0.009966580 0.984434307
1403638201545096960.000000 0.267931342 -4.199053288 4.612075806 -0.033507917 -0.177423030 -0.009601226 0.983517230
1403638201945096960.000000 -0.534708977 -4.180950642 4.745680809 -0.035589978 -0.178848341 -0.011869327 0.983161092
1403638202145096960.000000 -0.945384145 -4.164068699 4.800442696 -0.030844860 -0.159948468 -0.017775696 0.986483216
1403638202295097088.000000 -1.244289398 -4.158801556 4.832441330 -0.020993600 -0.147841454 -0.025404077 0.988461852
1403638202495097088.000000 -1.646265149 -4.159263611 4.870802879 -0.017185768 -0.141601399 -0.026783288 0.989412129
1403638202695097088.000000 -2.021961689 -4.142796040 4.924461842 -0.014020155 -0.138914034 -0.031928673 0.989690304
1403638202795097088.000000 -2.199220419 -4.125890255 4.947743893 -0.014580202 -0.139201730 -0.030832868 0.989676535
1403638202945096960.000000 -2.461078167 -4.104937077 4.993036270 -0.016476383 -0.140224293 -0.030571530 0.989510536
1403638203095097088.000000 -2.718895674 -4.083857536 5.037672997 -0.018910384 -0.140479043 -0.031840298 0.989390850
1403638203245096960.000000 -2.965606213 -4.071828365 5.069830894 -0.025938712 -0.143186122 -0.026332596 0.989005327
1403638203395097088.000000 -3.209877491 -4.072271824 5.096188545 -0.030483712 -0.142127439 -0.028669219 0.988963425
1403638203545096960.000000 -3.443413258 -4.059796810 5.116361618 -0.030570755 -0.140632391 -0.032051686 0.989070594
1403638203745096960.000000 -3.743548632 -4.041100979 5.142589569 -0.029023567 -0.139676034 -0.034722634 0.989162564
1403638203945096960.000000 -4.036237717 -4.041125774 5.147579670 -0.028351573 -0.139845461 -0.032261904 0.989241421
1403638204145096960.000000 -4.309782982 -4.055385590 5.142137527 -0.022460949 -0.135848492 -0.035809781 0.989827454
1403638204345096960.000000 -4.571726322 -4.087529182 5.127969265 -0.011423944 -0.128142133 -0.057242528 0.990036547
1403638204595097088.000000 -4.826053619 -4.114353180 5.115727425 -0.009128648 -0.121516950 -0.069821112 0.990088522
1403638204845096960.000000 -5.049661636 -4.119752407 5.113909245 -0.010873669 -0.104204714 -0.036160745 0.993838787
