1403638194395097088.000000 5.294766903 -2.885041475 3.027888775 -0.047644142 -0.310788423 -0.106085785 0.943337917
1403638194495097088.000000 5.212696075 -2.877545118 2.990160942 -0.040724277 -0.309542090 -0.110634826 0.943549216
1403638194645096960.000000 5.091841221 -2.858282566 2.932897091 -0.030428130 -0.309208095 -0.113062300 0.943759203
1403638194845096960.000000 4.935231686 -2.850284815 2.864552259 -0.014432047 -0.309529305 -0.116924919 0.943563402
1403638194995097088.000000 4.824424744 -2.833804369 2.818419933 -0.009112046 -0.310281128 -0.116648637 0.943417013
1403638195195097088.000000 4.687845230 -2.812709570 2.774717093 -0.000395335 -0.309232861 -0.119386792 0.943462610
1403638195445096960.000000 4.530287743 -2.774108648 2.749096394 0.012706026 -0.307222813 -0.125741690 0.943208218
1403638195695097088.000000 4.405142784 -2.741833925 2.750478745 -0.018629793 -0.311061263 -0.115875848 0.943115413
1403638196145096960.000000 4.225301743 -2.732936621 2.760292292 -0.001760040 -0.307684928 -0.119578712 0.943942666
1403638196395097088.000000 4.149958611 -2.771800280 2.774291515 -0.019196747 -0.309550852 -0.114627413 0.943753302
1403638196645096960.000000 4.087882042 -2.784821987 2.803156853 -0.007180034 -0.307781994 -0.121324465 0.943662584
1403638196895097088.000000 4.040220261 -2.794388294 2.856836796 -0.001773889 -0.308039755 -0.123917304 0.943267107
1403638197195097088.000000 4.006760120 -2.822729111 2.932455063 -0.019290330 -0.312119454 -0.115288168 0.942824483
1403638197845096960.000000 3.934137344 -2.989175320 3.056380510 -0.036905047 -0.318214476 -0.095068201 0.942517698
1403638198145096960.000000 3.868356466 -3.041512966 3.125944853 -0.059226379 -0.315210938 -0.100049183 0.941872835
1403638198495097088.000000 3.773233175 -3.003555059 3.225093365 -0.037180662 -0.317266434 -0.094534144 0.942880094
1403638198845096960.000000 3.645164251 -2.942065001 3.326544285 -0.033140473 -0.335914701 -0.041433617 0.940396845
1403638199195097088.000000 3.419703484 -2.947682381 3.422940493 -0.033241753 -0.332630485 -0.051102556 0.941084743
1403638199595097088.000000 3.045322895 -3.047678947 3.523746729 -0.029454939 -0.333850056 -0.043722734 0.941150784
1403638199945096960.000000 2.619913101 -3.167244911 3.607062817 -0.032137599 -0.293859273 -0.073142767 0.952504098
1403638200295097088.000000 2.166635752 -3.267935038 3.706752300 -0.046671037 -0.256575227 -0.045154072 0.964340210
1403638200645096960.000000 1.675438046 -3.394084930 3.788974524 -0.050094899 -0.215371057 -0.003075130 0.975241721
1403638200995097088.000000 1.104525328 -3.537727118 3.856961250 -0.040704068 -0.182212621 -0.001130517 0.982415617
1403638201195097088.000000 0.762754738 -3.601546288 3.910043240 -0.044423912 -0.173202142 -0.018219547 0.983715177
1403638201545096960.000000 0.162314773 -3.657177925 3.998898983 -0.047453415 -0.178669006 -0.020999471 0.982539833
1403638201845096960.000000 -0.350835085 -3.657506704 4.089005470 -0.052133676 -0.182004809 -0.024003796 0.981621206
1403638201995097088.000000 -0.606900930 -3.649675369 4.126908302 -0.049516767 -0.176074073 -0.021980768 0.982884943
1403638202195097088.000000 -0.972702384 -3.644304991 4.171875477 -0.043511856 -0.157286182 -0.032361310 0.986063123
1403638202295097088.000000 -1.140507340 -3.643610477 4.189206600 -0.035911221 -0.149678439 -0.036307957 0.987415075
1403638202395097088.000000 -1.314147115 -3.646974325 4.209392071 -0.033754140 -0.145945132 -0.037159350 0.988018155
1403638202595097088.000000 -1.647511482 -3.643785954 4.251642227 -0.031787131 -0.141090438 -0.041285273 0.988624573
1403638202745096960.000000 -1.881929398 -3.630900860 4.285826683 -0.029998476 -0.140503675 -0.042176329 0.988726437
1403638202895097088.000000 -2.111935139 -3.620471001 4.324374676 -0.032131802 -0.142512903 -0.039795198 0.988470495
1403638203045096960.000000 -2.336169243 -3.604518175 4.364400864 -0.034502018 -0.142663851 -0.042296916 0.988264978
1403638203195097088.000000 -2.547688007 -3.595897198 4.396149635 -0.039091878 -0.144483119 -0.038330935 0.987991512
1403638203395097088.000000 -2.816433668 -3.596046448 4.426544666 -0.046415344 -0.143546551 -0.038544957 0.987802744
1403638203595097088.000000 -3.082375526 -3.586193323 4.453756332 -0.046245188 -0.141469106 -0.043729138 0.987894535
1403638203795097088.000000 -3.333263397 -3.576562881 4.474613667 -0.044521704 -0.141851082 -0.042353138 0.987978876
1403638203995097088.000000 -3.576318741 -3.587823391 4.471094131 -0.043872766 -0.139944673 -0.042340383 0.988280296
1403638204195097088.000000 -3.809354782 -3.607896328 4.461718559 -0.035982288 -0.135272771 -0.048582517 0.988962233
1403638204395097088.000000 -4.025468826 -3.639016390 4.445824623 -0.022784902 -0.126248121 -0.072592087 0.989076674
1403638204595097088.000000 -4.216100693 -3.668337584 4.432502747 -0.023578659 -0.124477468 -0.080030598 0.988708496
1403638204795097088.000000 -4.378487587 -3.676630974 4.431607723 -0.024163209 -0.113107920 -0.057746343 0.991608858
1403638205045096960.000000 -4.553454876 -3.662849665 4.443542480 -0.030504217 -0.065106913 -0.000730525 0.997411668
1403638205295097088.000000 -4.708672523 -3.644825459 4.450552464 -0.036649734 0.040167999 0.046609536 0.997432172
