1403638210995097088.000000 -7.861795902 -2.209297657 2.318198204 -0.038375095 0.498484105 0.183618054 0.846360087
1403638211595097088.000000 -7.335041523 -1.817525387 2.076018333 -0.022821879 0.468596011 0.174696773 0.865666211
1403638212245096960.000000 -6.638819695 -1.444551110 1.927449703 -0.020874234 0.321863443 0.110606275 0.940071523
1403638212895097088.000000 -5.831452370 -1.339182973 1.792858720 -0.023456281 0.160827264 0.052976478 0.985280633
1403638213445096960.000000 -5.072555065 -1.342723846 1.631609082 0.008125843 0.008791892 -0.037941132 0.999208272
1403638213895097088.000000 -4.345936298 -1.348127723 1.600141525 -0.029100442 -0.079460606 -0.031787578 0.995905995
1403638214595097088.000000 -3.228717804 -1.438254476 1.531746626 -0.004467812 -0.068784267 -0.015590263 0.997499704
1403638215495097088.000000 -1.921799898 -1.352089882 1.648624301 -0.027818458 -0.062621437 0.006506809 0.997628391
1403638216295097088.000000 -1.001695156 -1.278487325 1.664107323 -0.034852248 -0.078979567 -0.006910479 0.996242821
1403638217045096960.000000 -0.343801677 -1.185813427 1.583368421 -0.040926896 -0.106104121 -0.012238134 0.993437052
