1403638174695097088.000000 -0.304341346 -0.862711489 1.169821143 -0.009205562 -0.188327625 -0.073258676 0.979326904
1403638175045096960.000000 -0.196377635 -0.767536581 1.061049819 0.001930657 -0.189244181 -0.067304917 0.979618788
1403638175445096960.000000 -0.080992430 -0.682634652 0.952961922 0.019019175 -0.195798516 -0.062416293 0.978470981
1403638175845096960.000000 0.024168089 -0.642539799 0.879196703 0.065052599 -0.195057377 -0.063203089 0.976589024
1403638176545096960.000000 0.194321439 -0.607384026 0.850704908 -0.013239545 -0.202867761 -0.036036905 0.978453219
1403638176995097088.000000 0.265730590 -0.616061926 0.850731313 -0.008539810 -0.202053607 -0.041581273 0.978454113
1403638177995097088.000000 0.351524711 -0.608108521 0.910289109 -0.039668933 -0.198689610 -0.085778251 0.975495219
1403638178445096960.000000 0.390244693 -0.611172140 0.922472775 -0.051390368 -0.263059378 -0.103797585 0.957802117
1403638178895097088.000000 0.431816816 -0.602997422 0.910423636 -0.028209174 -0.354755789 -0.155941769 0.921430826
1403638179295097088.000000 0.478388429 -0.576372981 0.901113987 0.005542426 -0.397187859 -0.164236322 0.902905047
