1403638197745096960.000000 5.281126976 -5.179632664 5.223263264 -0.016198225 -0.330934048 -0.030016519 0.943037271
1403638198295097088.000000 5.084462166 -5.248250008 5.441957951 -0.033822358 -0.325317085 -0.039748780 0.944163561
1403638198795097088.000000 4.853173733 -5.069861889 5.651959419 -0.017091326 -0.344496727 0.018166292 0.938456118
1403638199345096960.000000 4.262671471 -5.037147999 5.916359901 -0.025475122 -0.341768742 0.009761659 0.939388037
1403638199895097088.000000 3.276425838 -5.208072662 6.184695244 -0.013297359 -0.310341686 -0.007614166 0.950501561
1403638200445096960.000000 2.104820251 -5.363846302 6.443190575 -0.028369578 -0.245258138 0.031510212 0.968530178
1403638200845096960.000000 1.116423965 -5.548448563 6.602248192 -0.010171012 -0.204866275 0.071695313 0.976107657
1403638201295097088.000000 -0.161382914 -5.696533680 6.895525932 -0.015627090 -0.184985086 0.031985842 0.982096314
1403638201645096960.000000 -1.149099588 -5.649974823 7.083163261 -0.020740189 -0.192019656 0.033804044 0.980589390
1403638201995097088.000000 -2.106752634 -5.522577286 7.251789093 -0.019921759 -0.186131671 0.032705031 0.981778264
