1403638154845096960.000000 -1.117997289 -0.430232227 0.596439838 -0.036541253 0.308025211 0.161365137 0.936881244
1403638155195097088.000000 -1.236406326 -0.448125422 0.593213797 -0.041157335 0.338728309 0.178292871 0.922919750
1403638155495097088.000000 -1.341338158 -0.450840741 0.578595757 -0.056272641 0.364861518 0.187197953 0.910311162
1403638155745096960.000000 -1.425401211 -0.435446709 0.557847738 -0.057971243 0.410242200 0.181999087 0.891749382
1403638155945096960.000000 -1.483541727 -0.418173611 0.538971722 -0.043724868 0.451065421 0.195414796 0.869736254
1403638156195097088.000000 -1.549407005 -0.400269270 0.505702853 -0.016980290 0.501491487 0.221697569 0.836102962
1403638156395097088.000000 -1.601703644 -0.392427504 0.479911864 -0.003611382 0.529801071 0.236618906 0.814437985
1403638156645096960.000000 -1.669729590 -0.378728539 0.453061104 0.002525547 0.543381453 0.243141502 0.803500116
1403638156845096960.000000 -1.726498246 -0.363842368 0.440485418 0.003360107 0.543547034 0.244517043 0.802967429
1403638157095097088.000000 -1.802174091 -0.348440081 0.430139482 0.006618724 0.538186908 0.245193720 0.806344271

