1403638215095097088.000000 -0.470048815 -0.266029179 0.316375226 -0.054524709 -0.061714910 -0.015235046 0.996486962
1403638216045096960.000000 -0.237414584 -0.241879240 0.328067601 -0.052948467 -0.075662404 -0.016922120 0.995582879
1403638216745096960.000000 -0.105776377 -0.228246182 0.318104237 -0.052593332 -0.089963675 -0.008180293 0.994521797
1403638217445096960.000000 -0.008778103 -0.194605321 0.300860971 -0.046347842 -0.151988760 -0.042323902 0.986387312
1403638218495097088.000000 0.057138249 -0.185650811 0.260551244 -0.058334455 -0.155355722 -0.023923913 0.985844493
1403638220095097088.000000 0.022741340 -0.152163491 0.184825495 -0.053439479 -0.165662691 -0.087249316 0.980860651
1403638221245096960.000000 0.008783605 -0.105603710 0.095539473 -0.037587177 -0.187636003 -0.055714931 0.979936600
1403638222445096960.000000 -0.014104169 -0.073024698 0.026694544 -0.021200728 -0.187606215 -0.060594559 0.980144262
1403638223245096960.000000 -0.025850438 -0.046393741 0.005587079 -0.029133208 -0.184935048 -0.066125229 0.980090678
1403638223995097088.000000 -0.027204487 -0.025751136 -0.012294710 -0.036404524 -0.192007288 -0.049911909 0.979447126
