1403638189545096960.000000 1.509558320 -0.452245086 0.543991089 -0.024867903 -0.394512475 -0.122880049 0.910297751
1403638190095097088.000000 1.463186383 -0.466517150 0.551777005 -0.004630128 -0.375944436 -0.129631296 0.917518437
1403638190645096960.000000 1.428517103 -0.467550039 0.572712481 -0.032227054 -0.372404665 -0.071118481 0.924780130
1403638191145096960.000000 1.376421452 -0.473262131 0.593228698 -0.041220721 -0.350754589 -0.092041612 0.931021154
1403638191645096960.000000 1.320626378 -0.489515662 0.607007325 -0.012257440 -0.351850092 -0.100301407 0.930586338
1403638192145096960.000000 1.267948985 -0.498345375 0.631419599 -0.008490045 -0.357083142 -0.090086147 0.929679513
1403638192645096960.000000 1.213611603 -0.530925572 0.656504273 -0.042289622 -0.355911940 -0.088079512 0.929397821
1403638193195097088.000000 1.142830014 -0.558432341 0.673231483 -0.088516019 -0.335440695 -0.099349655 0.932616830
1403638193745096960.000000 1.059786081 -0.579212546 0.648785472 -0.047833186 -0.318279833 -0.083518654 0.943098366
1403638194395097088.000000 0.956374884 -0.568483233 0.614637136 -0.044809673 -0.320352912 -0.088413358 0.942098260
