1403638169645096960.000000 -0.933874607 -0.775757730 1.045089602 -0.029438099 0.209130213 0.061794970 0.975489259
1403638169895097088.000000 -0.915244937 -0.793771029 1.083915591 -0.033472572 0.141422108 0.076367900 0.986431599
1403638170145096960.000000 -0.895670414 -0.813315392 1.118654609 -0.056832079 0.079179227 0.061889715 0.993312836
1403638170445096960.000000 -0.873590946 -0.827476382 1.153789401 -0.048448164 0.013904880 0.014482317 0.998623908
1403638170695097088.000000 -0.852314770 -0.837335646 1.177941203 -0.056870583 -0.033818744 -0.025854375 0.997473598
1403638170995097088.000000 -0.822285533 -0.850865245 1.195920944 -0.059092756 -0.097391658 -0.046627913 0.992395461
1403638171245096960.000000 -0.792714000 -0.856669307 1.206531286 -0.065752506 -0.133487105 -0.062826395 0.986869097
1403638171495097088.000000 -0.761684775 -0.859533489 1.210717797 -0.071543619 -0.150379002 -0.072082788 0.983398080
1403638171745096960.000000 -0.725734591 -0.857325494 1.208549976 -0.080725439 -0.166677281 -0.088311590 0.978725255
1403638171995097088.000000 -0.687208533 -0.853617430 1.196329355 -0.091236316 -0.187276080 -0.096903235 0.973248899
