1403638183845096960.000000 0.785065532 -0.221066535 0.320673555 -0.007907932 -0.648384392 -0.236679465 0.723545432
1403638184145096960.000000 0.830422223 -0.224291593 0.309647918 -0.003597106 -0.647794843 -0.241484091 0.722519398
1403638184445096960.000000 0.875568509 -0.227597833 0.302357286 -0.002418227 -0.647920430 -0.245759502 0.720968485
1403638184745096960.000000 0.922219396 -0.229670435 0.299268186 -0.009105784 -0.650583386 -0.241939351 0.719808102
1403638185045096960.000000 0.966789842 -0.233954132 0.298330843 -0.010385869 -0.651943088 -0.240416318 0.719070435
1403638185345096960.000000 1.011069536 -0.240071684 0.299848199 -0.001429893 -0.654163241 -0.233071685 0.719545662
1403638185695097088.000000 1.060295105 -0.249785408 0.307660758 -0.009124342 -0.636243105 -0.205022141 0.743691742
1403638186095097088.000000 1.110514522 -0.261681825 0.322593063 -0.026145699 -0.601059496 -0.239957318 0.761882126
1403638186445096960.000000 1.153086424 -0.269680440 0.333637625 -0.013467461 -0.604714155 -0.227611467 0.763107121
1403638186845096960.000000 1.202113032 -0.281007618 0.347620308 -0.000572740 -0.608803988 -0.207214102 0.765780449
