1403638136145096960.000000 0.051445883 -0.114229769 -0.027304012 -0.016869826 -0.124759331 -0.042948630 0.991113484
1403638136495097088.000000 0.106656127 -0.095866583 -0.051174458 -0.019282725 -0.147339687 -0.043936118 0.987921476
1403638137595097088.000000 -0.018211028 0.001501509 0.013653883 -0.000670731 -0.084379800 -0.035140373 0.995813608
1403638137895097088.000000 -0.024852365 0.042164471 0.028416710 0.007552878 -0.100447439 -0.027956314 0.994520843
1403638138245096960.000000 -0.026545199 0.055027768 0.033794280 0.004861294 -0.102414995 -0.025764462 0.994396150
1403638138745096960.000000 -0.026638780 0.055563640 0.033145264 -0.007775471 -0.103713587 -0.026711818 0.994218051
1403638147645096960.000000 -0.026983092 0.055348787 0.033289321 -0.008791728 -0.102611616 -0.027113784 0.994313061
1403638148045096960.000000 -0.022942774 0.031587902 0.040663444 -0.039795607 -0.109130554 -0.027753906 0.992842674
1403638148345096960.000000 -0.022511553 -0.056994453 0.011524933 -0.042342484 -0.103204958 -0.022732440 0.993498385
1403638149445096960.000000 -0.025636140 -0.193851858 0.031568129 -0.030183624 -0.086044788 -0.017160229 0.995686054
