1403638127245096960.000000 -0.303865731 0.204986528 0.128870413 0.001752486 -0.000564516 -0.001714565 0.999996841
1403638129245096960.000000 -0.306931615 0.157732695 0.121055864 -0.003322882 -0.000514176 -0.005057554 0.999981582
1403638129345096960.000000 -0.291932225 0.070357583 0.095639452 -0.024624566 0.006327610 -0.040644109 0.998850167
1403638129445096960.000000 -0.281799912 0.000851610 0.069425806 -0.029648036 0.010349775 -0.063243032 0.997503996
1403638129595097088.000000 -0.294670820 -0.022912763 0.054674182 0.000296480 0.009707141 -0.028421856 0.999548852
1403638129695097088.000000 -0.297758877 -0.071927063 0.038465884 0.003652137 0.007094901 -0.011081751 0.999906778
1403638129795097088.000000 -0.302354515 -0.155787811 0.011638433 0.000444962 0.008186840 -0.013447411 0.999875963
1403638129895097088.000000 -0.316318482 -0.260272712 -0.028661076 0.013881184 0.010960725 -0.007825348 0.999812961
1403638129995097088.000000 -0.329752088 -0.423912108 -0.084230430 0.014281939 0.013012107 -0.005034086 0.999800682
1403638130095097088.000000 -0.336104691 -0.648266315 -0.153129011 0.000690317 0.016118230 -0.017286444 0.999720395
1403638130795097088.000000 -0.347386241 -1.555761933 -0.461403310 -0.032566771 0.044436086 -0.048290618 0.997312844
1403638131095097088.000000 -0.344015628 -1.609230638 -0.493760347 -0.063187301 0.039054193 -0.059557647 0.995457172
1403638131895097088.000000 -0.265098900 -0.714065850 -0.263405919 -0.022837982 0.020577192 0.003161397 0.999522388
1403638132195097088.000000 -0.253703177 -0.510806382 -0.221628979 -0.010296770 0.023591407 0.036200631 0.999013007
1403638132495097088.000000 -0.301226974 -1.128235936 -0.388234675 -0.041086368 0.046752058 -0.009990286 0.998011172
1403638132995097088.000000 -0.373614520 -1.521139026 -0.517728806 -0.073202290 0.063684814 -0.056872282 0.993655503
1403638133745096960.000000 0.436009884 -0.940965176 -0.372804046 -0.032341395 -0.040539820 -0.057552006 0.996994615
1403638134095097088.000000 0.568297446 -0.831803322 -0.290676653 -0.021729309 -0.076446265 -0.050438356 0.995560050
1403638134445096960.000000 0.196102798 -0.999567389 -0.032289702 -0.029273616 -0.071259379 -0.065457344 0.994877100
1403638134795097088.000000 -0.313906193 -1.141178370 0.119443730 -0.013899848 -0.056908112 -0.077993564 0.995231271
1403638135695097088.000000 -0.387716830 -1.001976490 0.053534947 -0.001118284 -0.082912527 -0.049944945 0.995303869
1403638136145096960.000000 0.121689007 -0.967575967 -0.203612000 -0.006395790 -0.114220209 -0.048590016 0.992245853
1403638136495097088.000000 0.510706663 -0.855049431 -0.354191512 -0.008062719 -0.137446478 -0.049499057 0.989238739
1403638138095097088.000000 -0.536427915 0.163063541 0.206262082 0.036034040 -0.090430856 -0.020260917 0.995044351
1403638138595097088.000000 -0.532290518 0.172858477 0.206227809 0.005595248 -0.093897179 -0.031615086 0.995064080
1403638139295097088.000000 -0.533729672 0.172389805 0.207320347 0.005429092 -0.093509123 -0.032518163 0.995072424
1403638518077829376.000000 -0.706222773 0.580758750 0.022636550 -0.017561687 -0.014873598 -0.009018249 0.999694467
1403638522177829376.000000 -0.744420171 0.453331560 -0.009020340 -0.004765737 -0.010472426 -0.007731917 0.999903917
1403638522327829504.000000 -0.761999726 0.131641105 -0.117578603 -0.014604558 -0.002826666 -0.007893520 0.999858201
1403638522427829504.000000 -0.760575235 -0.193333060 -0.220905244 -0.013643129 0.004668802 -0.010079562 0.999845207
1403638522527829504.000000 -0.756641090 -0.556043804 -0.334623903 -0.002478719 0.013001071 -0.015770314 0.999788046
1403638523027829504.000000 -0.763677061 -1.348807573 -0.501962006 -0.030007582 0.044534858 -0.035348814 0.997931182
1403638524677829376.000000 -0.636773765 -1.264735460 -0.536858320 -0.021516258 0.029001357 0.004844318 0.999336064
1403638524877829376.000000 -0.651945412 -1.477257729 -0.573161960 -0.030394679 0.010331781 0.007474689 0.999456644
1403638525427829504.000000 -0.672003329 -1.014744043 -0.396691829 -0.009474785 0.028337695 0.021200927 0.999328613
1403638525577829376.000000 -0.679915428 -0.791839302 -0.335943520 0.017532554 0.038267493 0.015105273 0.998999536
1403638525827829504.000000 -0.678907812 -0.548200905 -0.246013463 0.015146083 0.027605960 0.008836221 0.999465048
1403638526027829504.000000 -0.624290705 -0.472005546 -0.229414091 0.009333665 0.013484080 0.014957833 0.999753654
1403638526227829504.000000 -0.441386729 -0.502584159 -0.266480446 0.015559414 0.001175336 0.004473088 0.999868214
1403638526427829504.000000 -0.183388472 -0.567622662 -0.341819167 0.001929268 -0.012823802 -0.007563199 0.999887288
1403638526577829376.000000 0.052872278 -0.592695653 -0.400564164 -0.011356887 -0.022766475 -0.020943597 0.999456882
1403638526827829504.000000 0.529567480 -0.576830268 -0.485332847 -0.026201719 -0.044945132 -0.023099033 0.998378575
1403638527577829376.000000 1.276080370 -0.593299925 -0.550008953 -0.020369612 -0.131953314 -0.040550478 0.990216672
1403638528677829376.000000 -0.100016087 -0.850404501 0.110782735 -0.015765481 -0.061705749 -0.039211545 0.997199237
1403638529327829504.000000 -0.334542096 -0.908542275 -0.061420433 -0.007924536 -0.089314476 -0.029040350 0.995548487
1403638529777829376.000000 -0.533539295 -0.497339576 -0.165442795 0.032760836 -0.082928956 -0.020836495 0.995798826
1403638530177829376.000000 -0.573992610 -0.361188412 -0.041115217 0.020826163 -0.087367259 -0.025625277 0.995628715
1403638530527829504.000000 -0.531905293 -0.329696506 0.126062125 0.019238962 -0.100420713 -0.037585612 0.994048715
1403638530827829504.000000 -0.501699388 -0.294912159 0.182449043 0.032748602 -0.104495622 -0.041401032 0.993123412
1403638531227829504.000000 -0.507020354 -0.275404185 0.201547921 0.018358538 -0.102594696 -0.036224850 0.993893862
