1403638129445096960.000000 0.029522769 0.022386065 0.000101816 -0.000937222 0.000913368 0.000109220 0.999999166
1403638129645096960.000000 0.016736994 -0.002223767 -0.010374776 0.034843888 -0.001894030 0.046458431 0.998310506
1403638129745096960.000000 0.011822697 -0.039881233 -0.020311847 0.028673941 -0.002482598 0.050679024 0.998300195
1403638129845096960.000000 0.000213977 -0.088462703 -0.034488458 0.035242766 -0.000533732 0.051703542 0.998040259
1403638129895097088.000000 -0.008204403 -0.119275391 -0.045212984 0.042013112 0.000647043 0.055007543 0.997601449
1403638130395097088.000000 -0.108395576 -0.673958778 -0.195693225 0.011137443 0.022905184 0.028235175 0.999276757
1403638130645096960.000000 -0.148987174 -0.851230323 -0.251118809 0.008659925 0.028282652 0.041547470 0.998698592
1403638130945096960.000000 -0.150575548 -1.031513453 -0.324026734 -0.016143188 0.039573085 0.007450761 0.999058485
1403638131795097088.000000 -0.042809159 -0.498578727 -0.193247408 0.001914104 0.017941860 0.057375968 0.998189569
1403638131995097088.000000 0.005292321 -0.269677311 -0.140686870 0.005046522 0.010803954 0.074998088 0.997112393
1403638132195097088.000000 0.004916607 -0.261738122 -0.144985780 0.017279519 0.015558129 0.098756365 0.994839966
1403638132495097088.000000 -0.080113560 -0.687810719 -0.266073167 -0.013974122 0.039762516 0.052426118 0.997735023
1403638132945096960.000000 -0.160114005 -0.958662271 -0.350500554 -0.043249983 0.054597504 0.004994722 0.997558832
1403638133945096960.000000 0.537670910 -0.576125443 -0.256367475 -0.005122593 -0.085009344 0.008342897 0.996332049
1403638134395097088.000000 0.317486972 -0.633722663 -0.027424496 -0.012437296 -0.083042994 0.002963988 0.996463954
1403638136845096960.000000 0.310555875 -0.667450607 -0.258220911 0.000497002 -0.115529954 -0.018517096 0.993131280
1403638137645096960.000000 -0.085432410 -0.055491898 0.025313849 0.036965564 -0.087321334 0.027146593 0.995123923
1403638137995097088.000000 -0.093428239 0.113459118 0.066959627 0.060067195 -0.101818256 0.041108076 0.992136657
1403638138295097088.000000 -0.091877148 0.133305803 0.075921953 0.038782295 -0.102559812 0.032787535 0.993429601
1403638147945096960.000000 -0.088647738 0.090894572 0.099073537 0.006002357 -0.105759233 0.031241173 0.993882775
1403638149495097088.000000 -0.249385804 -1.004453301 0.244933486 -0.001901663 -0.083908014 0.042627975 0.995559454
1403638149995097088.000000 -0.354948610 -1.179006696 0.438288808 -0.000245924 -0.065357611 0.053449702 0.996429324
1403638150395097088.000000 -0.486806452 -1.110564947 0.643944800 0.009765771 -0.066593103 0.072779134 0.995074451
1403638150745096960.000000 -0.736180425 -1.137083411 0.834950387 0.027194371 -0.037557185 0.066014342 0.996740699
1403638151195097088.000000 -1.137062669 -1.312754035 1.159374714 0.010477776 0.013712859 0.092641391 0.995549977
1403638151595097088.000000 -1.583528280 -1.339851022 1.473781586 0.017122932 0.104480624 0.119804814 0.987135947
1403638151995097088.000000 -2.114087582 -1.562842846 1.707246304 0.020912567 0.135267928 0.133628681 0.981533825
1403638518077829376.000000 -0.358730316 0.192256048 -0.158858731 0.023754189 -0.028556008 0.056966778 0.997684836
1403638522077829376.000000 -0.364371389 0.186448261 -0.157609433 0.026598100 -0.025367280 0.059587136 0.997546196
1403638522227829504.000000 -0.379020125 0.132897139 -0.174764007 0.026237808 -0.019900497 0.057516318 0.997801304
1403638522327829504.000000 -0.392385811 0.051162478 -0.197225913 0.016820949 -0.012696650 0.055348080 0.998244703
1403638522377829376.000000 -0.399029583 0.000065808 -0.211739659 0.014243694 -0.009402498 0.054298319 0.998378873
1403638522477829376.000000 -0.413771898 -0.115406565 -0.244317427 0.017450513 -0.000650584 0.049628597 0.998615086
1403638522577829376.000000 -0.430183709 -0.235101610 -0.276140124 0.024949519 0.006816072 0.042124536 0.998777568
1403638522677829376.000000 -0.445839077 -0.357245982 -0.306651264 0.022094293 0.012706461 0.042330574 0.998778522
1403638522827829504.000000 -0.473194838 -0.543061197 -0.341638446 0.009110609 0.025762757 0.043913446 0.998661518
1403638523327829504.000000 -0.458603978 -0.782727122 -0.385403991 -0.015467642 0.024890838 0.035027571 0.998956561
1403638523877829376.000000 -0.353029519 -0.169579759 -0.266288459 0.027553763 0.009820119 0.062244795 0.997632146
1403638524077829376.000000 -0.324518114 -0.044179797 -0.256289452 0.032640900 0.004587828 0.083060145 0.995999277
1403638524227829504.000000 -0.335018992 -0.117411032 -0.290499687 0.044263605 0.010106785 0.085857645 0.995272338
1403638524727829504.000000 -0.421941876 -0.766362131 -0.412851214 -0.000771671 0.014041986 0.068834275 0.997528970
1403638525027829504.000000 -0.465390027 -0.883714139 -0.421309263 -0.010936146 0.009344187 0.070273824 0.997424006
1403638525727829504.000000 -0.378762633 -0.220896006 -0.237988025 0.046979409 0.023144634 0.072064638 0.996024072
1403638525977829376.000000 -0.343476892 -0.107082792 -0.209394097 0.032985602 0.004893069 0.075059608 0.996621311
1403638526327829504.000000 -0.087709628 -0.188175097 -0.270436764 0.033373274 -0.017158870 0.061619740 0.997394025
1403638526577829376.000000 0.200817510 -0.272439986 -0.354300320 0.010352219 -0.033045851 0.042368304 0.998501718
1403638528427829504.000000 0.123484999 -0.404675752 -0.121033780 -0.001804605 -0.063787110 0.033388775 0.997403204
1403638529227829504.000000 -0.099684678 -0.495175540 0.004816641 0.003327728 -0.096204147 0.027152754 0.994985640
1403638529977829376.000000 -0.273314267 -0.044197429 -0.138271302 0.033476543 -0.094903693 0.041621521 0.994052470
1403638530327829504.000000 -0.252899677 0.000396980 -0.002187632 0.037015356 -0.107048765 0.032615751 0.993028998
1403638530627829504.000000 -0.214808553 0.019870276 0.083456837 0.038313266 -0.115466081 0.025722135 0.992238939
1403638530927829504.000000 -0.196152240 0.046769999 0.114984512 0.047443908 -0.115552008 0.022521246 0.991912067
1403638531327829504.000000 -0.203893647 0.058147214 0.123697549 0.028291916 -0.115340427 0.028756367 0.992506504
1403638538927829504.000000 -0.205065548 0.051228546 0.128600746 0.021264857 -0.113587320 0.030304575 0.992838025
1403638539227829504.000000 -0.205657750 -0.008969626 0.168640658 -0.006776562 -0.113386303 0.029788757 0.993081212
1403638540127829504.000000 -0.267058074 -0.489110738 0.175491989 0.032229137 -0.107650869 0.030733718 0.993190825
1403638540477829376.000000 -0.245257407 -0.644947529 0.400206000 0.012014522 -0.099378109 0.038807955 0.994220078
1403638540827829504.000000 -0.265645593 -0.803143263 0.672853172 0.012513321 -0.038561624 0.077116802 0.996197462
1403638541177829376.000000 -0.371248841 -0.909890592 1.012958169 0.013634693 0.038370315 0.111421309 0.992938638
1403638541627829504.000000 -0.676865220 -1.115922093 1.452479243 0.012003430 0.054655731 0.118497238 0.991376340
1403638542177829376.000000 -1.312990189 -1.538982511 1.865146279 0.020512134 0.147097766 0.133662239 0.979834616
1403638542477829376.000000 -1.695395470 -1.666822314 2.118736029 0.007608719 0.214033917 0.166015074 0.962585390
1403638542777829376.000000 -2.126646757 -1.746195793 2.309139729 0.000408865 0.234327808 0.184380859 0.954512477
