1403638177245096960
1403638177295097088
1403638177345096960
1403638177395097088
1403638177445096960
1403638177495097088
1403638177545096960
1403638177595097088
1403638177645096960
1403638177695097088
1403638177745096960
1403638177795097088
1403638177845096960
1403638177895097088
1403638177945096960
1403638177995097088
1403638178045096960
1403638178095097088
1403638178145096960
1403638178195097088
1403638178245096960
1403638178295097088
1403638178345096960
1403638178395097088
1403638178445096960
1403638178495097088
1403638178545096960
1403638178595097088
1403638178645096960
1403638178695097088
1403638178745096960
1403638178795097088
1403638178845096960
1403638178895097088
1403638178945096960
1403638178995097088
1403638179045096960
1403638179095097088
1403638179145096960
1403638179195097088
1403638179245096960
1403638179295097088
1403638179345096960
1403638179395097088
1403638179445096960
1403638179495097088
1403638179545096960
1403638179595097088
1403638179645096960
1403638179695097088
1403638179745096960
1403638179795097088
1403638179845096960
1403638179895097088
1403638179945096960
1403638179995097088
1403638180045096960
1403638180095097088
1403638180145096960
1403638180195097088
1403638180245096960
1403638180295097088
1403638180345096960
1403638180395097088
1403638180445096960
1403638180495097088
1403638180545096960
1403638180595097088
1403638180645096960
1403638180695097088
1403638180745096960
1403638180795097088
1403638180845096960
1403638180895097088
1403638180945096960
1403638180995097088
1403638181045096960
1403638181095097088
1403638181145096960
1403638181195097088
1403638181245096960
1403638181295097088
1403638181345096960
1403638181395097088
1403638181445096960
1403638181495097088
1403638181545096960
1403638181595097088
1403638181645096960
1403638181695097088
1403638181745096960
1403638181795097088
1403638181845096960
1403638181895097088
1403638181945096960
1403638181995097088
1403638182045096960
1403638182095097088
1403638182145096960
1403638182195097088
1403638182245096960
1403638182295097088
1403638182345096960
1403638182395097088
1403638182445096960
1403638182495097088
1403638182545096960
1403638182595097088
1403638182645096960
1403638182695097088
1403638182745096960
1403638182795097088
1403638182845096960
1403638182895097088
1403638182945096960
1403638182995097088
1403638183045096960
1403638183095097088
1403638183145096960
1403638183195097088
1403638183245096960
1403638183295097088
1403638183345096960
1403638183395097088
1403638183445096960
1403638183495097088
1403638183545096960
1403638183595097088
1403638183645096960
1403638183695097088
1403638183745096960
1403638183795097088
1403638183845096960
1403638183895097088
1403638183945096960
1403638183995097088
1403638184045096960
1403638184095097088
1403638184145096960
1403638184195097088
1403638184245096960
1403638184295097088
1403638184345096960
1403638184395097088
1403638184445096960
1403638184495097088
1403638184545096960
1403638184595097088
1403638184645096960
1403638184695097088
1403638184745096960
1403638184795097088
1403638184845096960
1403638184895097088
1403638184945096960
1403638184995097088
1403638185045096960
1403638185095097088
1403638185145096960
1403638185195097088
1403638185245096960
1403638185295097088
1403638185345096960
1403638185395097088
1403638185445096960
1403638185495097088
1403638185545096960
1403638185595097088
1403638185645096960
1403638185695097088
1403638185745096960
1403638185795097088
1403638185845096960
1403638185895097088
1403638185945096960
1403638185995097088
1403638186045096960
1403638186095097088
1403638186145096960
1403638186195097088
1403638186245096960
1403638186295097088
1403638186345096960
1403638186395097088
1403638186445096960
1403638186495097088
1403638186545096960
1403638186595097088
1403638186645096960
1403638186695097088
1403638186745096960
1403638186795097088
1403638186845096960
1403638186895097088
1403638186945096960
1403638186995097088
1403638187045096960
1403638187095097088
1403638187145096960
1403638187195097088
1403638187245096960
1403638187295097088
1403638187345096960
1403638187395097088
1403638187445096960
1403638187495097088
1403638187545096960
1403638187595097088
1403638187645096960
1403638187695097088
1403638187745096960
1403638187795097088
1403638187845096960
1403638187895097088
1403638187945096960
1403638187995097088
1403638188045096960
1403638188095097088
1403638188145096960
1403638188195097088
1403638188245096960
1403638188295097088
1403638188345096960
1403638188395097088
1403638188445096960
1403638188495097088
1403638188545096960
1403638188595097088
1403638188645096960
1403638188695097088
1403638188745096960
1403638188795097088
1403638188845096960
1403638188895097088
1403638188945096960
1403638188995097088
1403638189045096960
1403638189095097088
1403638189145096960
1403638189195097088
1403638189245096960
1403638189295097088
1403638189345096960
1403638189395097088
1403638189445096960
1403638189495097088
1403638189545096960
1403638189595097088
1403638189645096960
1403638189695097088
1403638189745096960
1403638189795097088
1403638189845096960
1403638189895097088
1403638189945096960
1403638189995097088
1403638190045096960
1403638190095097088
1403638190145096960
1403638190195097088
1403638190245096960
1403638190295097088
1403638190345096960
1403638190395097088
1403638190445096960
1403638190495097088
1403638190545096960
1403638190595097088
1403638190645096960
1403638190695097088
1403638190745096960
1403638190795097088
1403638190845096960
1403638190895097088
1403638190945096960
1403638190995097088
1403638191045096960
1403638191095097088
1403638191145096960
1403638191195097088
1403638191245096960
1403638191295097088
1403638191345096960
1403638191395097088
1403638191445096960
1403638191495097088
1403638191545096960
1403638191595097088
1403638191645096960
1403638191695097088
1403638191745096960
1403638191795097088
1403638191845096960
1403638191895097088
1403638191945096960
1403638191995097088
1403638192045096960
1403638192095097088
1403638192145096960
1403638192195097088
1403638192245096960
1403638192295097088
1403638192345096960
1403638192395097088
1403638192445096960
1403638192495097088
1403638192545096960
1403638192595097088
1403638192645096960
1403638192695097088
1403638192745096960
1403638192795097088
1403638192845096960
1403638192895097088
1403638192945096960
1403638192995097088
1403638193045096960
1403638193095097088
1403638193145096960
1403638193195097088
1403638193245096960
1403638193295097088
1403638193345096960
1403638193395097088
1403638193445096960
1403638193495097088
1403638193545096960
1403638193595097088
1403638193645096960
1403638193695097088
1403638193745096960
1403638193795097088
1403638193845096960
1403638193895097088
1403638193945096960
1403638193995097088
1403638194045096960
1403638194095097088
1403638194145096960
1403638194195097088
1403638194245096960
1403638194295097088
1403638194345096960
1403638194395097088
1403638194445096960
1403638194495097088
1403638194545096960
1403638194595097088
1403638194645096960
1403638194695097088
1403638194745096960
1403638194795097088
1403638194845096960
1403638194895097088
1403638194945096960
1403638194995097088
1403638195045096960
1403638195095097088
1403638195145096960
1403638195195097088
1403638195245096960
1403638195295097088
1403638195345096960
1403638195395097088
1403638195445096960
1403638195495097088
1403638195545096960
1403638195595097088
1403638195645096960
1403638195695097088
1403638195745096960
1403638195795097088
1403638195845096960
1403638195895097088
1403638195945096960
1403638195995097088
1403638196045096960
1403638196095097088
1403638196145096960
1403638196195097088
1403638196245096960
1403638196295097088
1403638196345096960
1403638196395097088
1403638196445096960
1403638196495097088
1403638196545096960
1403638196595097088
1403638196645096960
1403638196695097088
1403638196745096960
1403638196795097088
1403638196845096960
1403638196895097088
1403638196945096960
1403638196995097088
1403638197045096960
1403638197095097088
1403638197145096960
1403638197195097088
1403638197245096960
1403638197295097088
1403638197345096960
1403638197395097088
1403638197445096960
1403638197495097088
1403638197545096960
1403638197595097088
1403638197645096960
1403638197695097088
1403638197745096960
1403638197795097088
1403638197845096960
1403638197895097088
1403638197945096960
1403638197995097088
1403638198045096960
1403638198095097088
1403638198145096960
1403638198195097088
1403638198245096960
1403638198295097088
1403638198345096960
1403638198395097088
1403638198445096960
1403638198495097088
1403638198545096960
1403638198595097088
1403638198645096960
1403638198695097088
1403638198745096960
1403638198795097088
1403638198845096960
1403638198895097088
1403638198945096960
1403638198995097088
1403638199045096960
1403638199095097088
1403638199145096960
1403638199195097088
1403638199245096960
1403638199295097088
1403638199345096960
1403638199395097088
1403638199445096960
1403638199495097088
1403638199545096960
1403638199595097088
1403638199645096960
1403638199695097088
1403638199745096960
1403638199795097088
1403638199845096960
1403638199895097088
1403638199945096960
1403638199995097088
1403638200045096960
1403638200095097088
1403638200145096960
1403638200195097088
1403638200245096960
1403638200295097088
1403638200345096960
1403638200395097088
1403638200445096960
1403638200495097088
1403638200545096960
1403638200595097088
1403638200645096960
1403638200695097088
1403638200745096960
1403638200795097088
1403638200845096960
1403638200895097088
1403638200945096960
1403638200995097088
1403638201045096960
1403638201095097088
1403638201145096960
1403638201195097088
1403638201245096960
1403638201295097088
1403638201345096960
1403638201395097088
1403638201445096960
1403638201495097088
1403638201545096960
1403638201595097088
1403638201645096960
1403638201695097088
1403638201745096960
1403638201795097088
1403638201845096960
1403638201895097088
1403638201945096960
1403638201995097088
1403638202045096960
1403638202095097088
1403638202145096960
1403638202195097088
