1403638518077829376
1403638518127829504
1403638518177829376
1403638518227829504
1403638518277829376
1403638518327829504
1403638518377829376
1403638518427829504
1403638518477829376
1403638518527829504
1403638518577829376
1403638518627829504
1403638518677829376
1403638518727829504
1403638518777829376
1403638518827829504
1403638518877829376
1403638518927829504
1403638518977829376
1403638519027829504
1403638519077829376
1403638519127829504
1403638519177829376
1403638519227829504
1403638519277829376
1403638519327829504
1403638519377829376
1403638519427829504
1403638519477829376
1403638519527829504
1403638519577829376
1403638519627829504
1403638519677829376
1403638519727829504
1403638519777829376
1403638519827829504
1403638519877829376
1403638519927829504
1403638519977829376
1403638520027829504
1403638520077829376
1403638520127829504
1403638520177829376
1403638520227829504
1403638520277829376
1403638520327829504
1403638520377829376
1403638520427829504
1403638520477829376
1403638520527829504
1403638520577829376
1403638520627829504
1403638520677829376
1403638520727829504
1403638520777829376
1403638520827829504
1403638520877829376
1403638520927829504
1403638520977829376
1403638521027829504
1403638521077829376
1403638521127829504
1403638521177829376
1403638521227829504
1403638521277829376
1403638521327829504
1403638521377829376
1403638521427829504
1403638521477829376
1403638521527829504
1403638521577829376
1403638521627829504
1403638521677829376
1403638521727829504
1403638521777829376
1403638521827829504
1403638521877829376
1403638521927829504
1403638521977829376
1403638522027829504
1403638522077829376
1403638522127829504
1403638522177829376
1403638522227829504
1403638522277829376
1403638522327829504
1403638522377829376
1403638522427829504
1403638522477829376
1403638522527829504
1403638522577829376
1403638522627829504
1403638522677829376
1403638522727829504
1403638522777829376
1403638522827829504
1403638522877829376
1403638522927829504
1403638522977829376
1403638523027829504
1403638523077829376
1403638523127829504
1403638523177829376
1403638523227829504
1403638523277829376
1403638523327829504
1403638523377829376
1403638523427829504
1403638523477829376
1403638523527829504
1403638523577829376
1403638523627829504
1403638523677829376
1403638523727829504
1403638523777829376
1403638523827829504
1403638523877829376
1403638523927829504
1403638523977829376
1403638524027829504
1403638524077829376
1403638524127829504
1403638524177829376
1403638524227829504
1403638524277829376
1403638524327829504
1403638524377829376
1403638524427829504
1403638524477829376
1403638524527829504
1403638524577829376
1403638524627829504
1403638524677829376
1403638524727829504
1403638524777829376
1403638524827829504
1403638524877829376
1403638524927829504
1403638524977829376
1403638525027829504
1403638525077829376
1403638525127829504
1403638525177829376
1403638525227829504
1403638525277829376
1403638525327829504
1403638525377829376
1403638525427829504
1403638525477829376
1403638525527829504
1403638525577829376
1403638525627829504
1403638525677829376
1403638525727829504
1403638525777829376
1403638525827829504
1403638525877829376
1403638525927829504
1403638525977829376
1403638526027829504
1403638526077829376
1403638526127829504
1403638526177829376
1403638526227829504
1403638526277829376
1403638526327829504
1403638526377829376
1403638526427829504
1403638526477829376
1403638526527829504
1403638526577829376
1403638526627829504
1403638526677829376
1403638526727829504
1403638526777829376
1403638526827829504
1403638526877829376
1403638526927829504
1403638526977829376
1403638527027829504
1403638527077829376
1403638527127829504
1403638527177829376
1403638527227829504
1403638527277829376
1403638527327829504
1403638527377829376
1403638527427829504
1403638527477829376
1403638527527829504
1403638527577829376
1403638527627829504
1403638527677829376
1403638527727829504
1403638527777829376
1403638527827829504
1403638527877829376
1403638527927829504
1403638527977829376
1403638528027829504
