1403638608027829504
1403638607977829376
1403638607927829504
1403638607877829376
1403638607827829504
1403638607777829376
1403638607727829504
1403638607677829376
1403638607627829504
1403638607577829376
1403638607527829504
1403638607477829376
1403638607427829504
1403638607377829376
1403638607327829504
1403638607277829376
1403638607227829504
1403638607177829376
1403638607127829504
1403638607077829376
1403638607027829504
1403638606977829376
1403638606927829504
1403638606877829376
1403638606827829504
1403638606777829376
1403638606727829504
1403638606677829376
1403638606627829504
1403638606577829376
1403638606527829504
1403638606477829376
1403638606427829504
1403638606377829376
1403638606327829504
1403638606277829376
1403638606227829504
1403638606177829376
1403638606127829504
1403638606077829376
1403638606027829504
1403638605977829376
1403638605927829504
1403638605877829376
1403638605827829504
1403638605777829376
1403638605727829504
1403638605677829376
1403638605627829504
1403638605577829376
1403638605527829504
1403638605477829376
1403638605427829504
1403638605377829376
1403638605327829504
1403638605277829376
1403638605227829504
1403638605177829376
1403638605127829504
1403638605077829376
1403638605027829504
1403638604977829376
1403638604927829504
1403638604877829376
1403638604827829504
1403638604777829376
1403638604727829504
1403638604677829376
1403638604627829504
1403638604577829376
1403638604527829504
1403638604477829376
1403638604427829504
1403638604377829376
1403638604327829504
1403638604277829376
1403638604227829504
1403638604177829376
1403638604127829504
1403638604077829376
1403638604027829504
1403638603977829376
1403638603927829504
1403638603877829376
1403638603827829504
1403638603777829376
1403638603727829504
1403638603677829376
1403638603627829504
1403638603577829376
1403638603527829504
1403638603477829376
1403638603427829504
1403638603377829376
1403638603327829504
1403638603277829376
1403638603227829504
1403638603177829376
1403638603127829504
1403638603077829376
1403638603027829504
1403638602977829376
1403638602927829504
1403638602877829376
1403638602827829504
1403638602777829376
1403638602727829504
1403638602677829376
1403638602627829504
1403638602577829376
1403638602527829504
1403638602477829376
1403638602427829504
1403638602377829376
1403638602327829504
1403638602277829376
1403638602227829504
1403638602177829376
1403638602127829504
1403638602077829376
1403638602027829504
1403638601977829376
1403638601927829504
1403638601877829376
1403638601827829504
1403638601777829376
1403638601727829504
1403638601677829376
1403638601627829504
1403638601577829376
1403638601527829504
1403638601477829376
1403638601427829504
1403638601377829376
1403638601327829504
1403638601277829376
1403638601227829504
1403638601177829376
1403638601127829504
1403638601077829376
1403638601027829504
1403638600977829376
1403638600927829504
1403638600877829376
1403638600827829504
1403638600777829376
1403638600727829504
1403638600677829376
1403638600627829504
1403638600577829376
1403638600527829504
1403638600477829376
1403638600427829504
1403638600377829376
1403638600327829504
1403638600277829376
1403638600227829504
1403638600177829376
1403638600127829504
1403638600077829376
1403638600027829504
1403638599977829376
1403638599927829504
1403638599877829376
1403638599827829504
1403638599777829376
1403638599727829504
1403638599677829376
1403638599627829504
1403638599577829376
1403638599527829504
1403638599477829376
1403638599427829504
1403638599377829376
1403638599327829504
1403638599277829376
1403638599227829504
1403638599177829376
1403638599127829504
1403638599077829376
1403638599027829504
1403638598977829376
1403638598927829504
1403638598877829376
1403638598827829504
1403638598777829376
1403638598727829504
1403638598677829376
1403638598627829504
1403638598577829376
1403638598527829504
1403638598477829376
1403638598427829504
1403638598377829376
1403638598327829504
1403638598277829376
1403638598227829504
1403638598177829376
1403638598127829504
1403638598077829376
1403638598027829504
1403638597977829376
1403638597927829504
1403638597877829376
1403638597827829504
1403638597777829376
1403638597727829504
1403638597677829376
1403638597627829504
1403638597577829376
1403638597527829504
1403638597477829376
1403638597427829504
1403638597377829376
1403638597327829504
1403638597277829376
1403638597227829504
1403638597177829376
1403638597127829504
1403638597077829376
1403638597027829504
1403638596977829376
1403638596927829504
1403638596877829376
1403638596827829504
1403638596777829376
1403638596727829504
1403638596677829376
1403638596627829504
1403638596577829376
1403638596527829504
1403638596477829376
1403638596427829504
1403638596377829376
1403638596327829504
1403638596277829376
1403638596227829504
1403638596177829376
1403638596127829504
1403638596077829376
1403638596027829504
1403638595977829376
1403638595927829504
1403638595877829376
1403638595827829504
1403638595777829376
1403638595727829504
1403638595677829376
1403638595627829504
1403638595577829376
1403638595527829504
1403638595477829376
1403638595427829504
1403638595377829376
1403638595327829504
1403638595277829376
1403638595227829504
1403638595177829376
1403638595127829504
1403638595077829376
1403638595027829504
1403638594977829376
1403638594927829504
1403638594877829376
1403638594827829504
1403638594777829376
1403638594727829504
1403638594677829376
1403638594627829504
1403638594577829376
1403638594527829504
1403638594477829376
1403638594427829504
1403638594377829376
1403638594327829504
1403638594277829376
1403638594227829504
1403638594177829376
1403638594127829504
1403638594077829376
1403638594027829504
1403638593977829376
1403638593927829504
1403638593877829376
1403638593827829504
1403638593777829376
1403638593727829504
1403638593677829376
1403638593627829504
1403638593577829376
1403638593527829504
1403638593477829376
1403638593427829504
1403638593377829376
1403638593327829504
1403638593277829376
1403638593227829504
1403638593177829376
1403638593127829504
1403638593077829376
1403638593027829504
1403638592977829376
1403638592927829504
1403638592877829376
1403638592827829504
1403638592777829376
1403638592727829504
1403638592677829376
1403638592627829504
1403638592577829376
1403638592527829504
1403638592477829376
1403638592427829504
1403638592377829376
1403638592327829504
1403638592277829376
1403638592227829504
1403638592177829376
1403638592127829504
1403638592077829376
1403638592027829504
1403638591977829376
1403638591927829504
1403638591877829376
1403638591827829504
1403638591777829376
1403638591727829504
1403638591677829376
1403638591627829504
1403638591577829376
1403638591527829504
1403638591477829376
1403638591427829504
1403638591377829376
1403638591327829504
1403638591277829376
1403638591227829504
1403638591177829376
1403638591127829504
1403638591077829376
1403638591027829504
1403638590977829376
1403638590927829504
1403638590877829376
1403638590827829504
1403638590777829376
1403638590727829504
1403638590677829376
1403638590627829504
1403638590577829376
1403638590527829504
1403638590477829376
1403638590427829504
1403638590377829376
1403638590327829504
1403638590277829376
1403638590227829504
1403638590177829376
1403638590127829504
1403638590077829376
1403638590027829504
1403638589977829376
1403638589927829504
1403638589877829376
1403638589827829504
1403638589777829376
1403638589727829504
1403638589677829376
1403638589627829504
1403638589577829376
1403638589527829504
1403638589477829376
1403638589427829504
1403638589377829376
1403638589327829504
1403638589277829376
1403638589227829504
1403638589177829376
1403638589127829504
1403638589077829376
1403638589027829504
1403638588977829376
1403638588927829504
1403638588877829376
1403638588827829504
1403638588777829376
1403638588727829504
1403638588677829376
1403638588627829504
1403638588577829376
1403638588527829504
1403638588477829376
1403638588427829504
1403638588377829376
1403638588327829504
1403638588277829376
1403638588227829504
1403638588177829376
1403638588127829504
1403638588077829376
1403638588027829504
1403638587977829376
1403638587927829504
1403638587877829376
1403638587827829504
1403638587777829376
1403638587727829504
1403638587677829376
1403638587627829504
1403638587577829376
1403638587527829504
1403638587477829376
1403638587427829504
1403638587377829376
1403638587327829504
1403638587277829376
1403638587227829504
1403638587177829376
1403638587127829504
1403638587077829376
1403638587027829504
1403638586977829376
1403638586927829504
1403638586877829376
1403638586827829504
1403638586777829376
1403638586727829504
1403638586677829376
1403638586627829504
1403638586577829376
1403638586527829504
1403638586477829376
1403638586427829504
1403638586377829376
1403638586327829504
1403638586277829376
1403638586227829504
1403638586177829376
1403638586127829504
1403638586077829376
1403638586027829504
1403638585977829376
1403638585927829504
1403638585877829376
1403638585827829504
1403638585777829376
1403638585727829504
1403638585677829376
1403638585627829504
1403638585577829376
1403638585527829504
1403638585477829376
1403638585427829504
1403638585377829376
1403638585327829504
1403638585277829376
1403638585227829504
1403638585177829376
1403638585127829504
1403638585077829376
1403638585027829504
1403638584977829376
1403638584927829504
1403638584877829376
1403638584827829504
1403638584777829376
1403638584727829504
1403638584677829376
1403638584627829504
1403638584577829376
1403638584527829504
1403638584477829376
1403638584427829504
1403638584377829376
1403638584327829504
1403638584277829376
1403638584227829504
1403638584177829376
1403638584127829504
1403638584077829376
1403638584027829504
1403638583977829376
1403638583927829504
1403638583877829376
1403638583827829504
1403638583777829376
1403638583727829504
1403638583677829376
1403638583627829504
1403638583577829376
1403638583527829504
1403638583477829376
1403638583427829504
1403638583377829376
1403638583327829504
1403638583277829376
1403638583227829504
1403638583177829376
1403638583127829504
1403638583077829376
1403638583027829504
1403638582977829376
1403638582927829504
1403638582877829376
1403638582827829504
1403638582777829376
1403638582727829504
1403638582677829376
1403638582627829504
1403638582577829376
1403638582527829504
1403638582477829376
1403638582427829504
1403638582377829376
1403638582327829504
1403638582277829376
1403638582227829504
1403638582177829376
1403638582127829504
1403638582077829376
1403638582027829504
1403638581977829376
1403638581927829504
1403638581877829376
1403638581827829504
1403638581777829376
1403638581727829504
1403638581677829376
1403638581627829504
1403638581577829376
1403638581527829504
1403638581477829376
1403638581427829504
1403638581377829376
1403638581327829504
1403638581277829376
1403638581227829504
1403638581177829376
1403638581127829504
1403638581077829376
1403638581027829504
1403638580977829376
1403638580927829504
1403638580877829376
1403638580827829504
1403638580777829376
1403638580727829504
1403638580677829376
1403638580627829504
1403638580577829376
1403638580527829504
1403638580477829376
1403638580427829504
1403638580377829376
1403638580327829504
1403638580277829376
1403638580227829504
1403638580177829376
1403638580127829504
1403638580077829376
1403638580027829504
1403638579977829376
1403638579927829504
1403638579877829376
1403638579827829504
1403638579777829376
1403638579727829504
1403638579677829376
1403638579627829504
1403638579577829376
1403638579527829504
1403638579477829376
1403638579427829504
1403638579377829376
1403638579327829504
1403638579277829376
1403638579227829504
1403638579177829376
1403638579127829504
1403638579077829376
1403638579027829504
1403638578977829376
1403638578927829504
1403638578877829376
1403638578827829504
1403638578777829376
1403638578727829504
1403638578677829376
1403638578627829504
1403638578577829376
1403638578527829504
1403638578477829376
1403638578427829504
1403638578377829376
1403638578327829504
1403638578277829376
1403638578227829504
1403638578177829376
1403638578127829504
1403638578077829376
