1403638608027829504
1403638607977829376
1403638607927829504
1403638607877829376
1403638607827829504
1403638607777829376
1403638607727829504
1403638607677829376
1403638607627829504
1403638607577829376
1403638607527829504
1403638607477829376
1403638607427829504
1403638607377829376
1403638607327829504
1403638607277829376
1403638607227829504
1403638607177829376
1403638607127829504
1403638607077829376
1403638607027829504
1403638606977829376
1403638606927829504
1403638606877829376
1403638606827829504
1403638606777829376
1403638606727829504
1403638606677829376
1403638606627829504
1403638606577829376
1403638606527829504
1403638606477829376
1403638606427829504
1403638606377829376
1403638606327829504
1403638606277829376
1403638606227829504
1403638606177829376
1403638606127829504
1403638606077829376
1403638606027829504
1403638605977829376
1403638605927829504
1403638605877829376
1403638605827829504
1403638605777829376
1403638605727829504
1403638605677829376
1403638605627829504
1403638605577829376
1403638605527829504
1403638605477829376
1403638605427829504
1403638605377829376
1403638605327829504
1403638605277829376
1403638605227829504
1403638605177829376
1403638605127829504
1403638605077829376
1403638605027829504
1403638604977829376
1403638604927829504
1403638604877829376
1403638604827829504
1403638604777829376
1403638604727829504
1403638604677829376
1403638604627829504
1403638604577829376
1403638604527829504
1403638604477829376
1403638604427829504
1403638604377829376
1403638604327829504
1403638604277829376
1403638604227829504
1403638604177829376
1403638604127829504
1403638604077829376
1403638604027829504
1403638603977829376
1403638603927829504
1403638603877829376
1403638603827829504
1403638603777829376
1403638603727829504
1403638603677829376
1403638603627829504
1403638603577829376
1403638603527829504
1403638603477829376
1403638603427829504
1403638603377829376
1403638603327829504
1403638603277829376
1403638603227829504
1403638603177829376
1403638603127829504
1403638603077829376
