1403638182245096960
1403638182295097088
1403638182345096960
1403638182395097088
1403638182445096960
1403638182495097088
1403638182545096960
1403638182595097088
1403638182645096960
1403638182695097088
1403638182745096960
1403638182795097088
1403638182845096960
1403638182895097088
1403638182945096960
1403638182995097088
1403638183045096960
1403638183095097088
1403638183145096960
1403638183195097088
1403638183245096960
1403638183295097088
1403638183345096960
1403638183395097088
1403638183445096960
1403638183495097088
1403638183545096960
1403638183595097088
1403638183645096960
1403638183695097088
1403638183745096960
1403638183795097088
1403638183845096960
1403638183895097088
1403638183945096960
1403638183995097088
1403638184045096960
1403638184095097088
1403638184145096960
1403638184195097088
1403638184245096960
1403638184295097088
1403638184345096960
1403638184395097088
1403638184445096960
1403638184495097088
1403638184545096960
1403638184595097088
1403638184645096960
1403638184695097088
1403638184745096960
1403638184795097088
1403638184845096960
1403638184895097088
1403638184945096960
1403638184995097088
1403638185045096960
1403638185095097088
1403638185145096960
1403638185195097088
1403638185245096960
1403638185295097088
1403638185345096960
1403638185395097088
1403638185445096960
1403638185495097088
1403638185545096960
1403638185595097088
1403638185645096960
1403638185695097088
1403638185745096960
1403638185795097088
1403638185845096960
1403638185895097088
1403638185945096960
1403638185995097088
1403638186045096960
1403638186095097088
1403638186145096960
1403638186195097088
1403638186245096960
1403638186295097088
1403638186345096960
1403638186395097088
1403638186445096960
1403638186495097088
1403638186545096960
1403638186595097088
1403638186645096960
1403638186695097088
1403638186745096960
1403638186795097088
1403638186845096960
1403638186895097088
1403638186945096960
1403638186995097088
1403638187045096960
1403638187095097088
1403638187145096960
1403638187195097088
1403638187245096960
1403638187295097088
1403638187345096960
1403638187395097088
1403638187445096960
1403638187495097088
1403638187545096960
1403638187595097088
1403638187645096960
1403638187695097088
1403638187745096960
1403638187795097088
1403638187845096960
1403638187895097088
1403638187945096960
1403638187995097088
1403638188045096960
1403638188095097088
1403638188145096960
1403638188195097088
1403638188245096960
1403638188295097088
1403638188345096960
1403638188395097088
1403638188445096960
1403638188495097088
1403638188545096960
1403638188595097088
1403638188645096960
1403638188695097088
1403638188745096960
1403638188795097088
1403638188845096960
1403638188895097088
1403638188945096960
1403638188995097088
1403638189045096960
1403638189095097088
1403638189145096960
1403638189195097088
1403638189245096960
1403638189295097088
1403638189345096960
1403638189395097088
1403638189445096960
1403638189495097088
1403638189545096960
1403638189595097088
1403638189645096960
1403638189695097088
1403638189745096960
1403638189795097088
1403638189845096960
1403638189895097088
1403638189945096960
1403638189995097088
1403638190045096960
1403638190095097088
1403638190145096960
1403638190195097088
1403638190245096960
1403638190295097088
1403638190345096960
1403638190395097088
1403638190445096960
1403638190495097088
1403638190545096960
1403638190595097088
1403638190645096960
1403638190695097088
1403638190745096960
1403638190795097088
1403638190845096960
1403638190895097088
1403638190945096960
1403638190995097088
1403638191045096960
1403638191095097088
1403638191145096960
1403638191195097088
1403638191245096960
1403638191295097088
1403638191345096960
1403638191395097088
1403638191445096960
1403638191495097088
1403638191545096960
1403638191595097088
1403638191645096960
1403638191695097088
1403638191745096960
1403638191795097088
1403638191845096960
1403638191895097088
1403638191945096960
1403638191995097088
1403638192045096960
1403638192095097088
1403638192145096960
1403638192195097088
1403638192245096960
1403638192295097088
1403638192345096960
1403638192395097088
1403638192445096960
1403638192495097088
1403638192545096960
1403638192595097088
1403638192645096960
1403638192695097088
1403638192745096960
1403638192795097088
1403638192845096960
1403638192895097088
1403638192945096960
1403638192995097088
1403638193045096960
1403638193095097088
1403638193145096960
1403638193195097088
1403638193245096960
1403638193295097088
1403638193345096960
1403638193395097088
1403638193445096960
1403638193495097088
1403638193545096960
1403638193595097088
1403638193645096960
1403638193695097088
1403638193745096960
1403638193795097088
1403638193845096960
1403638193895097088
1403638193945096960
1403638193995097088
1403638194045096960
1403638194095097088
1403638194145096960
1403638194195097088
1403638194245096960
1403638194295097088
1403638194345096960
1403638194395097088
1403638194445096960
1403638194495097088
1403638194545096960
1403638194595097088
1403638194645096960
1403638194695097088
1403638194745096960
1403638194795097088
1403638194845096960
1403638194895097088
1403638194945096960
1403638194995097088
1403638195045096960
1403638195095097088
1403638195145096960
1403638195195097088
1403638195245096960
1403638195295097088
1403638195345096960
1403638195395097088
1403638195445096960
1403638195495097088
1403638195545096960
1403638195595097088
1403638195645096960
1403638195695097088
1403638195745096960
1403638195795097088
1403638195845096960
1403638195895097088
1403638195945096960
1403638195995097088
1403638196045096960
1403638196095097088
1403638196145096960
1403638196195097088
1403638196245096960
1403638196295097088
1403638196345096960
1403638196395097088
1403638196445096960
1403638196495097088
1403638196545096960
1403638196595097088
1403638196645096960
1403638196695097088
1403638196745096960
1403638196795097088
1403638196845096960
1403638196895097088
1403638196945096960
1403638196995097088
1403638197045096960
1403638197095097088
1403638197145096960
1403638197195097088
1403638197245096960
1403638197295097088
1403638197345096960
1403638197395097088
1403638197445096960
1403638197495097088
1403638197545096960
1403638197595097088
1403638197645096960
1403638197695097088
1403638197745096960
1403638197795097088
1403638197845096960
1403638197895097088
1403638197945096960
1403638197995097088
1403638198045096960
1403638198095097088
1403638198145096960
1403638198195097088
1403638198245096960
1403638198295097088
1403638198345096960
1403638198395097088
1403638198445096960
1403638198495097088
1403638198545096960
1403638198595097088
1403638198645096960
1403638198695097088
1403638198745096960
1403638198795097088
1403638198845096960
1403638198895097088
1403638198945096960
1403638198995097088
1403638199045096960
1403638199095097088
1403638199145096960
1403638199195097088
1403638199245096960
1403638199295097088
1403638199345096960
1403638199395097088
1403638199445096960
1403638199495097088
1403638199545096960
1403638199595097088
1403638199645096960
1403638199695097088
1403638199745096960
1403638199795097088
1403638199845096960
1403638199895097088
1403638199945096960
1403638199995097088
1403638200045096960
1403638200095097088
1403638200145096960
1403638200195097088
1403638200245096960
1403638200295097088
1403638200345096960
1403638200395097088
1403638200445096960
1403638200495097088
1403638200545096960
1403638200595097088
1403638200645096960
1403638200695097088
1403638200745096960
1403638200795097088
1403638200845096960
1403638200895097088
1403638200945096960
1403638200995097088
1403638201045096960
1403638201095097088
1403638201145096960
1403638201195097088
1403638201245096960
1403638201295097088
1403638201345096960
1403638201395097088
1403638201445096960
1403638201495097088
1403638201545096960
1403638201595097088
1403638201645096960
1403638201695097088
1403638201745096960
1403638201795097088
1403638201845096960
1403638201895097088
1403638201945096960
1403638201995097088
1403638202045096960
1403638202095097088
1403638202145096960
1403638202195097088
1403638202245096960
1403638202295097088
1403638202345096960
1403638202395097088
1403638202445096960
1403638202495097088
1403638202545096960
1403638202595097088
1403638202645096960
1403638202695097088
1403638202745096960
1403638202795097088
1403638202845096960
1403638202895097088
1403638202945096960
1403638202995097088
1403638203045096960
1403638203095097088
1403638203145096960
1403638203195097088
1403638203245096960
1403638203295097088
1403638203345096960
1403638203395097088
1403638203445096960
1403638203495097088
1403638203545096960
1403638203595097088
1403638203645096960
1403638203695097088
1403638203745096960
1403638203795097088
1403638203845096960
1403638203895097088
1403638203945096960
1403638203995097088
1403638204045096960
1403638204095097088
1403638204145096960
1403638204195097088
1403638204245096960
1403638204295097088
1403638204345096960
1403638204395097088
1403638204445096960
1403638204495097088
1403638204545096960
1403638204595097088
1403638204645096960
1403638204695097088
1403638204745096960
1403638204795097088
1403638204845096960
1403638204895097088
1403638204945096960
1403638204995097088
1403638205045096960
1403638205095097088
1403638205145096960
1403638205195097088
1403638205245096960
1403638205295097088
1403638205345096960
1403638205395097088
1403638205445096960
1403638205495097088
1403638205545096960
1403638205595097088
1403638205645096960
1403638205695097088
1403638205745096960
1403638205795097088
1403638205845096960
1403638205895097088
1403638205945096960
1403638205995097088
1403638206045096960
1403638206095097088
1403638206145096960
1403638206195097088
1403638206245096960
1403638206295097088
1403638206345096960
1403638206395097088
1403638206445096960
1403638206495097088
1403638206545096960
1403638206595097088
1403638206645096960
1403638206695097088
1403638206745096960
1403638206795097088
1403638206845096960
1403638206895097088
1403638206945096960
1403638206995097088
1403638207045096960
1403638207095097088
1403638207145096960
1403638207195097088
1403638207245096960
1403638207295097088
1403638207345096960
1403638207395097088
1403638207445096960
1403638207495097088
1403638207545096960
1403638207595097088
1403638207645096960
1403638207695097088
1403638207745096960
1403638207795097088
1403638207845096960
1403638207895097088
1403638207945096960
1403638207995097088
1403638208045096960
1403638208095097088
1403638208145096960
1403638208195097088
1403638208245096960
1403638208295097088
1403638208345096960
1403638208395097088
1403638208445096960
1403638208495097088
1403638208545096960
1403638208595097088
1403638208645096960
1403638208695097088
1403638208745096960
1403638208795097088
1403638208845096960
1403638208895097088
1403638208945096960
1403638208995097088
1403638209045096960
1403638209095097088
1403638209145096960
1403638209195097088
1403638209245096960
1403638209295097088
1403638209345096960
1403638209395097088
1403638209445096960
1403638209495097088
1403638209545096960
1403638209595097088
1403638209645096960
1403638209695097088
1403638209745096960
1403638209795097088
1403638209845096960
1403638209895097088
1403638209945096960
1403638209995097088
1403638210045096960
1403638210095097088
1403638210145096960
1403638210195097088
1403638210245096960
1403638210295097088
1403638210345096960
1403638210395097088
1403638210445096960
1403638210495097088
1403638210545096960
1403638210595097088
1403638210645096960
1403638210695097088
1403638210745096960
1403638210795097088
1403638210845096960
1403638210895097088
1403638210945096960
1403638210995097088
1403638211045096960
1403638211095097088
1403638211145096960
1403638211195097088
1403638211245096960
1403638211295097088
1403638211345096960
1403638211395097088
1403638211445096960
1403638211495097088
1403638211545096960
1403638211595097088
1403638211645096960
1403638211695097088
1403638211745096960
1403638211795097088
1403638211845096960
1403638211895097088
1403638211945096960
1403638211995097088
1403638212045096960
1403638212095097088
1403638212145096960
1403638212195097088
1403638212245096960
1403638212295097088
1403638212345096960
1403638212395097088
1403638212445096960
1403638212495097088
1403638212545096960
1403638212595097088
1403638212645096960
1403638212695097088
1403638212745096960
1403638212795097088
1403638212845096960
1403638212895097088
1403638212945096960
1403638212995097088
1403638213045096960
1403638213095097088
1403638213145096960
1403638213195097088
1403638213245096960
1403638213295097088
1403638213345096960
1403638213395097088
1403638213445096960
1403638213495097088
1403638213545096960
1403638213595097088
1403638213645096960
1403638213695097088
1403638213745096960
1403638213795097088
1403638213845096960
1403638213895097088
1403638213945096960
1403638213995097088
1403638214045096960
1403638214095097088
1403638214145096960
1403638214195097088
1403638214245096960
1403638214295097088
1403638214345096960
1403638214395097088
1403638214445096960
1403638214495097088
1403638214545096960
1403638214595097088
1403638214645096960
1403638214695097088
1403638214745096960
1403638214795097088
1403638214845096960
1403638214895097088
1403638214945096960
1403638214995097088
1403638215045096960
1403638215095097088
1403638215145096960
1403638215195097088
1403638215245096960
1403638215295097088
1403638215345096960
1403638215395097088
1403638215445096960
1403638215495097088
1403638215545096960
1403638215595097088
1403638215645096960
1403638215695097088
1403638215745096960
1403638215795097088
1403638215845096960
1403638215895097088
1403638215945096960
1403638215995097088
1403638216045096960
1403638216095097088
1403638216145096960
1403638216195097088
1403638216245096960
1403638216295097088
1403638216345096960
1403638216395097088
1403638216445096960
1403638216495097088
1403638216545096960
1403638216595097088
1403638216645096960
1403638216695097088
1403638216745096960
1403638216795097088
1403638216845096960
1403638216895097088
1403638216945096960
1403638216995097088
1403638217045096960
1403638217095097088
1403638217145096960
1403638217195097088
