1403638182245096960
1403638182295097088
1403638182345096960
1403638182395097088
1403638182445096960
1403638182495097088
1403638182545096960
1403638182595097088
1403638182645096960
1403638182695097088
1403638182745096960
1403638182795097088
1403638182845096960
1403638182895097088
1403638182945096960
1403638182995097088
1403638183045096960
1403638183095097088
1403638183145096960
1403638183195097088
1403638183245096960
1403638183295097088
1403638183345096960
1403638183395097088
1403638183445096960
1403638183495097088
1403638183545096960
1403638183595097088
1403638183645096960
1403638183695097088
1403638183745096960
1403638183795097088
1403638183845096960
1403638183895097088
1403638183945096960
1403638183995097088
1403638184045096960
1403638184095097088
1403638184145096960
1403638184195097088
1403638184245096960
1403638184295097088
1403638184345096960
1403638184395097088
1403638184445096960
1403638184495097088
1403638184545096960
1403638184595097088
1403638184645096960
1403638184695097088
1403638184745096960
1403638184795097088
1403638184845096960
1403638184895097088
1403638184945096960
1403638184995097088
1403638185045096960
1403638185095097088
1403638185145096960
1403638185195097088
1403638185245096960
1403638185295097088
1403638185345096960
1403638185395097088
1403638185445096960
1403638185495097088
1403638185545096960
1403638185595097088
1403638185645096960
1403638185695097088
1403638185745096960
1403638185795097088
1403638185845096960
1403638185895097088
1403638185945096960
1403638185995097088
1403638186045096960
1403638186095097088
1403638186145096960
1403638186195097088
1403638186245096960
1403638186295097088
1403638186345096960
1403638186395097088
1403638186445096960
1403638186495097088
1403638186545096960
1403638186595097088
1403638186645096960
1403638186695097088
1403638186745096960
1403638186795097088
1403638186845096960
1403638186895097088
1403638186945096960
1403638186995097088
1403638187045096960
1403638187095097088
1403638187145096960
1403638187195097088
1403638187245096960
1403638187295097088
1403638187345096960
1403638187395097088
1403638187445096960
1403638187495097088
1403638187545096960
1403638187595097088
1403638187645096960
1403638187695097088
1403638187745096960
1403638187795097088
1403638187845096960
1403638187895097088
1403638187945096960
1403638187995097088
1403638188045096960
1403638188095097088
1403638188145096960
1403638188195097088
1403638188245096960
1403638188295097088
1403638188345096960
1403638188395097088
1403638188445096960
1403638188495097088
1403638188545096960
1403638188595097088
1403638188645096960
1403638188695097088
1403638188745096960
1403638188795097088
1403638188845096960
1403638188895097088
1403638188945096960
1403638188995097088
1403638189045096960
1403638189095097088
1403638189145096960
1403638189195097088
1403638189245096960
1403638189295097088
1403638189345096960
1403638189395097088
1403638189445096960
1403638189495097088
1403638189545096960
1403638189595097088
1403638189645096960
1403638189695097088
1403638189745096960
1403638189795097088
1403638189845096960
1403638189895097088
1403638189945096960
1403638189995097088
1403638190045096960
1403638190095097088
1403638190145096960
1403638190195097088
1403638190245096960
1403638190295097088
1403638190345096960
1403638190395097088
1403638190445096960
1403638190495097088
1403638190545096960
1403638190595097088
1403638190645096960
1403638190695097088
1403638190745096960
1403638190795097088
1403638190845096960
1403638190895097088
1403638190945096960
1403638190995097088
1403638191045096960
1403638191095097088
1403638191145096960
1403638191195097088
1403638191245096960
1403638191295097088
1403638191345096960
1403638191395097088
1403638191445096960
1403638191495097088
1403638191545096960
1403638191595097088
1403638191645096960
1403638191695097088
1403638191745096960
1403638191795097088
1403638191845096960
1403638191895097088
1403638191945096960
1403638191995097088
1403638192045096960
1403638192095097088
1403638192145096960
1403638192195097088
1403638192245096960
1403638192295097088
1403638192345096960
1403638192395097088
1403638192445096960
1403638192495097088
1403638192545096960
1403638192595097088
1403638192645096960
1403638192695097088
1403638192745096960
1403638192795097088
1403638192845096960
1403638192895097088
1403638192945096960
1403638192995097088
1403638193045096960
1403638193095097088
1403638193145096960
1403638193195097088
1403638193245096960
1403638193295097088
1403638193345096960
1403638193395097088
1403638193445096960
1403638193495097088
1403638193545096960
1403638193595097088
1403638193645096960
1403638193695097088
1403638193745096960
1403638193795097088
1403638193845096960
1403638193895097088
1403638193945096960
1403638193995097088
1403638194045096960
1403638194095097088
1403638194145096960
1403638194195097088
1403638194245096960
1403638194295097088
1403638194345096960
1403638194395097088
1403638194445096960
1403638194495097088
1403638194545096960
1403638194595097088
1403638194645096960
1403638194695097088
1403638194745096960
1403638194795097088
1403638194845096960
1403638194895097088
1403638194945096960
1403638194995097088
1403638195045096960
1403638195095097088
1403638195145096960
1403638195195097088
1403638195245096960
1403638195295097088
1403638195345096960
1403638195395097088
1403638195445096960
1403638195495097088
1403638195545096960
1403638195595097088
1403638195645096960
1403638195695097088
1403638195745096960
1403638195795097088
1403638195845096960
1403638195895097088
1403638195945096960
1403638195995097088
1403638196045096960
1403638196095097088
1403638196145096960
1403638196195097088
1403638196245096960
1403638196295097088
1403638196345096960
1403638196395097088
1403638196445096960
1403638196495097088
1403638196545096960
1403638196595097088
1403638196645096960
1403638196695097088
1403638196745096960
1403638196795097088
1403638196845096960
1403638196895097088
1403638196945096960
1403638196995097088
1403638197045096960
1403638197095097088
1403638197145096960
1403638197195097088
