1403638182245096960
1403638182295097088
1403638182345096960
1403638182395097088
1403638182445096960
1403638182495097088
1403638182545096960
1403638182595097088
1403638182645096960
1403638182695097088
1403638182745096960
1403638182795097088
1403638182845096960
1403638182895097088
1403638182945096960
1403638182995097088
1403638183045096960
1403638183095097088
1403638183145096960
1403638183195097088
1403638183245096960
1403638183295097088
1403638183345096960
1403638183395097088
1403638183445096960
1403638183495097088
1403638183545096960
1403638183595097088
1403638183645096960
1403638183695097088
1403638183745096960
1403638183795097088
1403638183845096960
1403638183895097088
1403638183945096960
1403638183995097088
1403638184045096960
1403638184095097088
1403638184145096960
1403638184195097088
1403638184245096960
1403638184295097088
1403638184345096960
1403638184395097088
1403638184445096960
1403638184495097088
1403638184545096960
1403638184595097088
1403638184645096960
1403638184695097088
1403638184745096960
1403638184795097088
1403638184845096960
1403638184895097088
1403638184945096960
1403638184995097088
1403638185045096960
1403638185095097088
1403638185145096960
1403638185195097088
1403638185245096960
1403638185295097088
1403638185345096960
1403638185395097088
1403638185445096960
1403638185495097088
1403638185545096960
1403638185595097088
1403638185645096960
1403638185695097088
1403638185745096960
1403638185795097088
1403638185845096960
1403638185895097088
1403638185945096960
1403638185995097088
1403638186045096960
1403638186095097088
1403638186145096960
1403638186195097088
1403638186245096960
1403638186295097088
1403638186345096960
1403638186395097088
1403638186445096960
1403638186495097088
1403638186545096960
1403638186595097088
1403638186645096960
1403638186695097088
1403638186745096960
1403638186795097088
1403638186845096960
1403638186895097088
1403638186945096960
1403638186995097088
1403638187045096960
1403638187095097088
1403638187145096960
1403638187195097088
