1403638522977829376
1403638523627829504
1403638524077829376
1403638525377829376
1403638525677829376
1403638525877829376
1403638526027829504
1403638526227829504
1403638526327829504
1403638527527829504
1403638530027829504
1403638530227829504
1403638530477829376
1403638530777829376
1403638531277829376
1403638539227829504
1403638539727829504
1403638540577829376
1403638540877829376
1403638541477829376
1403638541877829376
1403638542177829376
1403638542677829376
1403638543127829504
1403638543477829376
1403638543927829504
1403638544327829504
1403638544677829376
1403638545127829504
1403638545427829504
1403638545777829376
1403638546127829504
1403638546427829504
1403638546677829376
1403638546877829376
1403638547077829376
1403638547477829376
1403638547727829504
1403638548027829504
1403638548277829376
1403638548527829504
1403638548827829504
1403638549027829504
1403638549377829376
1403638549727829504
1403638550127829504
1403638550527829504
1403638550927829504
1403638551327829504
1403638551677829376
1403638552027829504
1403638552477829376
1403638552877829376
1403638553227829504
1403638553627829504
1403638554077829376
1403638554527829504
1403638554977829376
1403638555377829376
1403638555827829504
1403638556227829504
1403638556627829504
1403638557077829376
1403638557527829504
1403638557927829504
1403638558327829504
1403638558727829504
1403638558977829376
1403638559277829376
1403638559577829376
1403638559877829376
1403638560127829504
1403638560577829376
1403638560777829376
1403638561227829504
1403638561427829504
1403638561977829376
1403638562127829504
1403638562477829376
1403638562727829504
1403638563027829504
1403638563227829504
1403638563427829504
1403638563727829504
1403638564177829376
1403638564377829376
1403638564727829504
1403638565127829504
1403638565577829376
1403638565827829504
1403638566277829376
1403638566527829504
1403638566877829376
1403638567127829504
1403638567727829504
1403638568077829376
1403638569027829504
1403638569527829504
1403638571227829504
1403638571727829504
1403638572177829376
1403638572577829376
1403638573027829504
1403638573377829376
1403638573877829376
1403638574227829504
1403638574577829376
1403638574927829504
1403638575427829504
1403638575727829504
1403638575977829376
1403638576277829376
1403638576527829504
1403638576777829376
1403638577027829504
1403638577227829504
1403638577577829376
1403638577927829504
1403638578377829376
1403638578777829376
1403638579127829504
1403638579577829376
1403638579927829504
1403638580877829376
1403638581477829376
1403638582227829504
1403638582627829504
1403638584377829376
1403638584927829504
1403638585377829376
1403638585927829504
1403638586427829504
1403638586927829504
1403638587427829504
1403638587927829504
1403638588427829504
1403638588927829504
1403638589477829376
1403638589977829376
1403638590527829504
1403638590977829376
1403638591477829376
1403638592227829504
1403638592827829504
1403638593377829376
1403638593927829504
1403638594427829504
1403638594777829376
1403638595277829376
1403638596027829504
1403638596527829504
1403638597027829504
1403638597377829376
1403638597877829376
1403638598327829504
1403638598577829376
1403638598827829504
1403638598977829376
1403638599327829504
1403638599727829504
1403638600527829504
1403638600927829504
1403638601327829504
1403638601777829376
1403638602227829504
1403638602677829376
1403638603177829376
1403638603677829376
1403638604177829376
1403638604677829376
1403638605077829376
1403638605577829376
1403638606077829376
1403638606477829376
1403638606927829504
1403638607727829504
1403638608277829376
1403638609627829504
1403638610277829376
1403638610777829376
1403638611277829376
1403638611927829504
1403638612527829504
1403638613377829376
1403638614127829504
1403638614677829376
1403638615377829376
1403638615777829376
1403638616277829376
1403638617227829504
1403638618327829504
1403638618877829376
1403638619477829376
1403638622777829376
1403638625177829376
1403638625827829504
1403638626777829376
1403638627427829504
1403638627977829376
1403638628527829504
1403638629077829376
1403638629727829504
1403638630377829376
1403638630927829504
