1403638603027829504
1403638602977829376
1403638602927829504
1403638602877829376
1403638602827829504
1403638602777829376
1403638602727829504
1403638602677829376
1403638602627829504
1403638602577829376
1403638602527829504
1403638602477829376
1403638602427829504
1403638602377829376
1403638602327829504
1403638602277829376
1403638602227829504
1403638602177829376
1403638602127829504
1403638602077829376
1403638602027829504
1403638601977829376
1403638601927829504
1403638601877829376
1403638601827829504
1403638601777829376
1403638601727829504
1403638601677829376
1403638601627829504
1403638601577829376
1403638601527829504
1403638601477829376
1403638601427829504
1403638601377829376
1403638601327829504
1403638601277829376
1403638601227829504
1403638601177829376
1403638601127829504
1403638601077829376
1403638601027829504
1403638600977829376
1403638600927829504
1403638600877829376
1403638600827829504
1403638600777829376
1403638600727829504
1403638600677829376
1403638600627829504
1403638600577829376
1403638600527829504
1403638600477829376
1403638600427829504
1403638600377829376
1403638600327829504
1403638600277829376
1403638600227829504
1403638600177829376
1403638600127829504
1403638600077829376
1403638600027829504
1403638599977829376
1403638599927829504
1403638599877829376
1403638599827829504
1403638599777829376
1403638599727829504
1403638599677829376
1403638599627829504
1403638599577829376
1403638599527829504
1403638599477829376
1403638599427829504
1403638599377829376
1403638599327829504
1403638599277829376
1403638599227829504
1403638599177829376
1403638599127829504
1403638599077829376
1403638599027829504
1403638598977829376
1403638598927829504
1403638598877829376
1403638598827829504
1403638598777829376
1403638598727829504
1403638598677829376
1403638598627829504
1403638598577829376
1403638598527829504
1403638598477829376
1403638598427829504
1403638598377829376
1403638598327829504
1403638598277829376
1403638598227829504
1403638598177829376
1403638598127829504
1403638598077829376
