1403638603027829504
1403638602977829376
1403638602927829504
1403638602877829376
1403638602827829504
1403638602777829376
1403638602727829504
1403638602677829376
1403638602627829504
1403638602577829376
1403638602527829504
1403638602477829376
1403638602427829504
1403638602377829376
1403638602327829504
1403638602277829376
1403638602227829504
1403638602177829376
1403638602127829504
1403638602077829376
1403638602027829504
1403638601977829376
1403638601927829504
1403638601877829376
1403638601827829504
1403638601777829376
1403638601727829504
1403638601677829376
1403638601627829504
1403638601577829376
1403638601527829504
1403638601477829376
1403638601427829504
1403638601377829376
1403638601327829504
1403638601277829376
1403638601227829504
1403638601177829376
1403638601127829504
1403638601077829376
1403638601027829504
1403638600977829376
1403638600927829504
1403638600877829376
1403638600827829504
1403638600777829376
1403638600727829504
1403638600677829376
1403638600627829504
1403638600577829376
1403638600527829504
1403638600477829376
1403638600427829504
1403638600377829376
1403638600327829504
1403638600277829376
1403638600227829504
1403638600177829376
1403638600127829504
1403638600077829376
1403638600027829504
1403638599977829376
1403638599927829504
1403638599877829376
1403638599827829504
1403638599777829376
1403638599727829504
1403638599677829376
1403638599627829504
1403638599577829376
1403638599527829504
1403638599477829376
1403638599427829504
1403638599377829376
1403638599327829504
1403638599277829376
1403638599227829504
1403638599177829376
1403638599127829504
1403638599077829376
1403638599027829504
1403638598977829376
1403638598927829504
1403638598877829376
1403638598827829504
1403638598777829376
1403638598727829504
1403638598677829376
1403638598627829504
1403638598577829376
1403638598527829504
1403638598477829376
1403638598427829504
1403638598377829376
1403638598327829504
1403638598277829376
1403638598227829504
1403638598177829376
1403638598127829504
1403638598077829376
1403638598027829504
1403638597977829376
1403638597927829504
1403638597877829376
1403638597827829504
1403638597777829376
1403638597727829504
1403638597677829376
1403638597627829504
1403638597577829376
1403638597527829504
1403638597477829376
1403638597427829504
1403638597377829376
1403638597327829504
1403638597277829376
1403638597227829504
1403638597177829376
1403638597127829504
1403638597077829376
1403638597027829504
1403638596977829376
1403638596927829504
1403638596877829376
1403638596827829504
1403638596777829376
1403638596727829504
1403638596677829376
1403638596627829504
1403638596577829376
1403638596527829504
1403638596477829376
1403638596427829504
1403638596377829376
1403638596327829504
1403638596277829376
1403638596227829504
1403638596177829376
1403638596127829504
1403638596077829376
1403638596027829504
1403638595977829376
1403638595927829504
1403638595877829376
1403638595827829504
1403638595777829376
1403638595727829504
1403638595677829376
1403638595627829504
1403638595577829376
1403638595527829504
1403638595477829376
1403638595427829504
1403638595377829376
1403638595327829504
1403638595277829376
1403638595227829504
1403638595177829376
1403638595127829504
1403638595077829376
1403638595027829504
1403638594977829376
1403638594927829504
1403638594877829376
1403638594827829504
1403638594777829376
1403638594727829504
1403638594677829376
1403638594627829504
1403638594577829376
1403638594527829504
1403638594477829376
1403638594427829504
1403638594377829376
1403638594327829504
1403638594277829376
1403638594227829504
1403638594177829376
1403638594127829504
1403638594077829376
1403638594027829504
1403638593977829376
1403638593927829504
1403638593877829376
1403638593827829504
1403638593777829376
1403638593727829504
1403638593677829376
1403638593627829504
1403638593577829376
1403638593527829504
1403638593477829376
1403638593427829504
1403638593377829376
1403638593327829504
1403638593277829376
1403638593227829504
1403638593177829376
1403638593127829504
1403638593077829376
