1403638157245096960
1403638157295097088
1403638157345096960
1403638157395097088
1403638157445096960
1403638157495097088
1403638157545096960
1403638157595097088
1403638157645096960
1403638157695097088
1403638157745096960
1403638157795097088
1403638157845096960
1403638157895097088
1403638157945096960
1403638157995097088
1403638158045096960
1403638158095097088
1403638158145096960
1403638158195097088
1403638158245096960
1403638158295097088
1403638158345096960
1403638158395097088
1403638158445096960
1403638158495097088
1403638158545096960
1403638158595097088
1403638158645096960
1403638158695097088
1403638158745096960
1403638158795097088
1403638158845096960
1403638158895097088
1403638158945096960
1403638158995097088
1403638159045096960
1403638159095097088
1403638159145096960
1403638159195097088
1403638159245096960
1403638159295097088
1403638159345096960
1403638159395097088
1403638159445096960
1403638159495097088
1403638159545096960
1403638159595097088
1403638159645096960
1403638159695097088
1403638159745096960
1403638159795097088
1403638159845096960
1403638159895097088
1403638159945096960
1403638159995097088
1403638160045096960
1403638160095097088
1403638160145096960
1403638160195097088
1403638160245096960
1403638160295097088
1403638160345096960
1403638160395097088
1403638160445096960
1403638160495097088
1403638160545096960
1403638160595097088
1403638160645096960
1403638160695097088
1403638160745096960
1403638160795097088
1403638160845096960
1403638160895097088
1403638160945096960
1403638160995097088
1403638161045096960
1403638161095097088
1403638161145096960
1403638161195097088
1403638161245096960
1403638161295097088
1403638161345096960
1403638161395097088
1403638161445096960
1403638161495097088
1403638161545096960
1403638161595097088
1403638161645096960
1403638161695097088
1403638161745096960
1403638161795097088
1403638161845096960
1403638161895097088
1403638161945096960
1403638161995097088
1403638162045096960
1403638162095097088
1403638162145096960
1403638162195097088
1403638162245096960
1403638162295097088
1403638162345096960
1403638162395097088
1403638162445096960
1403638162495097088
1403638162545096960
1403638162595097088
1403638162645096960
1403638162695097088
1403638162745096960
1403638162795097088
1403638162845096960
1403638162895097088
1403638162945096960
1403638162995097088
1403638163045096960
1403638163095097088
1403638163145096960
1403638163195097088
1403638163245096960
1403638163295097088
1403638163345096960
1403638163395097088
1403638163445096960
1403638163495097088
1403638163545096960
1403638163595097088
1403638163645096960
1403638163695097088
1403638163745096960
1403638163795097088
1403638163845096960
1403638163895097088
1403638163945096960
1403638163995097088
1403638164045096960
1403638164095097088
1403638164145096960
1403638164195097088
1403638164245096960
1403638164295097088
1403638164345096960
1403638164395097088
1403638164445096960
1403638164495097088
1403638164545096960
1403638164595097088
1403638164645096960
1403638164695097088
1403638164745096960
1403638164795097088
1403638164845096960
1403638164895097088
1403638164945096960
1403638164995097088
1403638165045096960
1403638165095097088
1403638165145096960
1403638165195097088
1403638165245096960
1403638165295097088
1403638165345096960
1403638165395097088
1403638165445096960
1403638165495097088
1403638165545096960
1403638165595097088
1403638165645096960
1403638165695097088
1403638165745096960
1403638165795097088
1403638165845096960
1403638165895097088
1403638165945096960
1403638165995097088
1403638166045096960
1403638166095097088
1403638166145096960
1403638166195097088
1403638166245096960
1403638166295097088
1403638166345096960
1403638166395097088
1403638166445096960
1403638166495097088
1403638166545096960
1403638166595097088
1403638166645096960
1403638166695097088
1403638166745096960
1403638166795097088
1403638166845096960
1403638166895097088
1403638166945096960
1403638166995097088
1403638167045096960
1403638167095097088
1403638167145096960
1403638167195097088
