1403638137245096960
1403638137295097088
1403638137345096960
1403638137395097088
1403638137445096960
1403638137495097088
1403638137545096960
1403638137595097088
1403638137645096960
1403638137695097088
1403638137745096960
1403638137795097088
1403638137845096960
1403638137895097088
1403638137945096960
1403638137995097088
1403638138045096960
1403638138095097088
1403638138145096960
1403638138195097088
1403638138245096960
1403638138295097088
1403638138345096960
1403638138395097088
1403638138445096960
1403638138495097088
1403638138545096960
1403638138595097088
1403638138645096960
1403638138695097088
1403638138745096960
1403638138795097088
1403638138845096960
1403638138895097088
1403638138945096960
1403638138995097088
1403638139045096960
1403638139095097088
1403638139145096960
1403638139195097088
1403638139245096960
1403638139295097088
1403638139345096960
1403638139395097088
1403638139445096960
1403638139495097088
1403638139545096960
1403638139595097088
1403638139645096960
1403638139695097088
1403638139745096960
1403638139795097088
1403638139845096960
1403638139895097088
1403638139945096960
1403638139995097088
1403638140045096960
1403638140095097088
1403638140145096960
1403638140195097088
1403638140245096960
1403638140295097088
1403638140345096960
1403638140395097088
1403638140445096960
1403638140495097088
1403638140545096960
1403638140595097088
1403638140645096960
1403638140695097088
1403638140745096960
1403638140795097088
1403638140845096960
1403638140895097088
1403638140945096960
1403638140995097088
1403638141045096960
1403638141095097088
1403638141145096960
1403638141195097088
1403638141245096960
1403638141295097088
1403638141345096960
1403638141395097088
1403638141445096960
1403638141495097088
1403638141545096960
1403638141595097088
1403638141645096960
1403638141695097088
1403638141745096960
1403638141795097088
1403638141845096960
1403638141895097088
1403638141945096960
1403638141995097088
1403638142045096960
1403638142095097088
1403638142145096960
1403638142195097088
1403638142245096960
1403638142295097088
1403638142345096960
1403638142395097088
1403638142445096960
1403638142495097088
1403638142545096960
1403638142595097088
1403638142645096960
1403638142695097088
1403638142745096960
1403638142795097088
1403638142845096960
1403638142895097088
1403638142945096960
1403638142995097088
1403638143045096960
1403638143095097088
1403638143145096960
1403638143195097088
1403638143245096960
1403638143295097088
1403638143345096960
1403638143395097088
1403638143445096960
1403638143495097088
1403638143545096960
1403638143595097088
1403638143645096960
1403638143695097088
1403638143745096960
1403638143795097088
1403638143845096960
1403638143895097088
1403638143945096960
1403638143995097088
1403638144045096960
1403638144095097088
1403638144145096960
1403638144195097088
1403638144245096960
1403638144295097088
1403638144345096960
1403638144395097088
1403638144445096960
1403638144495097088
1403638144545096960
1403638144595097088
1403638144645096960
1403638144695097088
1403638144745096960
1403638144795097088
1403638144845096960
1403638144895097088
1403638144945096960
1403638144995097088
1403638145045096960
1403638145095097088
1403638145145096960
1403638145195097088
1403638145245096960
1403638145295097088
1403638145345096960
1403638145395097088
1403638145445096960
1403638145495097088
1403638145545096960
1403638145595097088
1403638145645096960
1403638145695097088
1403638145745096960
1403638145795097088
1403638145845096960
1403638145895097088
1403638145945096960
1403638145995097088
1403638146045096960
1403638146095097088
1403638146145096960
1403638146195097088
1403638146245096960
1403638146295097088
1403638146345096960
1403638146395097088
1403638146445096960
1403638146495097088
1403638146545096960
1403638146595097088
1403638146645096960
1403638146695097088
1403638146745096960
1403638146795097088
1403638146845096960
1403638146895097088
1403638146945096960
1403638146995097088
1403638147045096960
1403638147095097088
1403638147145096960
1403638147195097088
