1403638167245096960
1403638167295097088
1403638167345096960
1403638167395097088
1403638167445096960
1403638167495097088
1403638167545096960
1403638167595097088
1403638167645096960
1403638167695097088
1403638167745096960
1403638167795097088
1403638167845096960
1403638167895097088
1403638167945096960
1403638167995097088
1403638168045096960
1403638168095097088
1403638168145096960
1403638168195097088
1403638168245096960
1403638168295097088
1403638168345096960
1403638168395097088
1403638168445096960
1403638168495097088
1403638168545096960
1403638168595097088
1403638168645096960
1403638168695097088
1403638168745096960
1403638168795097088
1403638168845096960
1403638168895097088
1403638168945096960
1403638168995097088
1403638169045096960
1403638169095097088
1403638169145096960
1403638169195097088
1403638169245096960
1403638169295097088
1403638169345096960
1403638169395097088
1403638169445096960
1403638169495097088
1403638169545096960
1403638169595097088
1403638169645096960
1403638169695097088
1403638169745096960
1403638169795097088
1403638169845096960
1403638169895097088
1403638169945096960
1403638169995097088
1403638170045096960
1403638170095097088
1403638170145096960
1403638170195097088
1403638170245096960
1403638170295097088
1403638170345096960
1403638170395097088
1403638170445096960
1403638170495097088
1403638170545096960
1403638170595097088
1403638170645096960
1403638170695097088
1403638170745096960
1403638170795097088
1403638170845096960
1403638170895097088
1403638170945096960
1403638170995097088
1403638171045096960
1403638171095097088
1403638171145096960
1403638171195097088
1403638171245096960
1403638171295097088
1403638171345096960
1403638171395097088
1403638171445096960
1403638171495097088
1403638171545096960
1403638171595097088
1403638171645096960
1403638171695097088
1403638171745096960
1403638171795097088
1403638171845096960
1403638171895097088
1403638171945096960
1403638171995097088
1403638172045096960
1403638172095097088
1403638172145096960
1403638172195097088
1403638172245096960
1403638172295097088
1403638172345096960
1403638172395097088
1403638172445096960
1403638172495097088
1403638172545096960
1403638172595097088
1403638172645096960
1403638172695097088
1403638172745096960
1403638172795097088
1403638172845096960
1403638172895097088
1403638172945096960
1403638172995097088
1403638173045096960
1403638173095097088
1403638173145096960
1403638173195097088
1403638173245096960
1403638173295097088
1403638173345096960
1403638173395097088
1403638173445096960
1403638173495097088
1403638173545096960
1403638173595097088
1403638173645096960
1403638173695097088
1403638173745096960
1403638173795097088
1403638173845096960
1403638173895097088
1403638173945096960
1403638173995097088
1403638174045096960
1403638174095097088
1403638174145096960
1403638174195097088
1403638174245096960
1403638174295097088
1403638174345096960
1403638174395097088
1403638174445096960
1403638174495097088
1403638174545096960
1403638174595097088
1403638174645096960
1403638174695097088
1403638174745096960
1403638174795097088
1403638174845096960
1403638174895097088
1403638174945096960
1403638174995097088
1403638175045096960
1403638175095097088
1403638175145096960
1403638175195097088
1403638175245096960
1403638175295097088
1403638175345096960
1403638175395097088
1403638175445096960
1403638175495097088
1403638175545096960
1403638175595097088
1403638175645096960
1403638175695097088
1403638175745096960
1403638175795097088
1403638175845096960
1403638175895097088
1403638175945096960
1403638175995097088
1403638176045096960
1403638176095097088
1403638176145096960
1403638176195097088
1403638176245096960
1403638176295097088
1403638176345096960
1403638176395097088
1403638176445096960
1403638176495097088
1403638176545096960
1403638176595097088
1403638176645096960
1403638176695097088
1403638176745096960
1403638176795097088
1403638176845096960
1403638176895097088
1403638176945096960
1403638176995097088
1403638177045096960
1403638177095097088
1403638177145096960
1403638177195097088
