1403638152245096960
1403638152295097088
1403638152345096960
1403638152395097088
1403638152445096960
1403638152495097088
1403638152545096960
1403638152595097088
1403638152645096960
1403638152695097088
1403638152745096960
1403638152795097088
1403638152845096960
1403638152895097088
1403638152945096960
1403638152995097088
1403638153045096960
1403638153095097088
1403638153145096960
1403638153195097088
1403638153245096960
1403638153295097088
1403638153345096960
1403638153395097088
1403638153445096960
1403638153495097088
1403638153545096960
1403638153595097088
1403638153645096960
1403638153695097088
1403638153745096960
1403638153795097088
1403638153845096960
1403638153895097088
1403638153945096960
1403638153995097088
1403638154045096960
1403638154095097088
1403638154145096960
1403638154195097088
1403638154245096960
1403638154295097088
1403638154345096960
1403638154395097088
1403638154445096960
1403638154495097088
1403638154545096960
1403638154595097088
1403638154645096960
1403638154695097088
1403638154745096960
1403638154795097088
1403638154845096960
1403638154895097088
1403638154945096960
1403638154995097088
1403638155045096960
1403638155095097088
1403638155145096960
1403638155195097088
1403638155245096960
1403638155295097088
1403638155345096960
1403638155395097088
1403638155445096960
1403638155495097088
1403638155545096960
1403638155595097088
1403638155645096960
1403638155695097088
1403638155745096960
1403638155795097088
1403638155845096960
1403638155895097088
1403638155945096960
1403638155995097088
1403638156045096960
1403638156095097088
1403638156145096960
1403638156195097088
1403638156245096960
1403638156295097088
1403638156345096960
1403638156395097088
1403638156445096960
1403638156495097088
1403638156545096960
1403638156595097088
1403638156645096960
1403638156695097088
1403638156745096960
1403638156795097088
1403638156845096960
1403638156895097088
1403638156945096960
1403638156995097088
1403638157045096960
1403638157095097088
1403638157145096960
1403638157195097088
1403638157245096960
1403638157295097088
1403638157345096960
1403638157395097088
1403638157445096960
1403638157495097088
1403638157545096960
1403638157595097088
1403638157645096960
1403638157695097088
1403638157745096960
1403638157795097088
1403638157845096960
1403638157895097088
1403638157945096960
1403638157995097088
1403638158045096960
1403638158095097088
1403638158145096960
1403638158195097088
1403638158245096960
1403638158295097088
1403638158345096960
1403638158395097088
1403638158445096960
1403638158495097088
1403638158545096960
1403638158595097088
1403638158645096960
1403638158695097088
1403638158745096960
1403638158795097088
1403638158845096960
1403638158895097088
1403638158945096960
1403638158995097088
1403638159045096960
1403638159095097088
1403638159145096960
1403638159195097088
1403638159245096960
1403638159295097088
1403638159345096960
1403638159395097088
1403638159445096960
1403638159495097088
1403638159545096960
1403638159595097088
1403638159645096960
1403638159695097088
1403638159745096960
1403638159795097088
1403638159845096960
1403638159895097088
1403638159945096960
1403638159995097088
1403638160045096960
1403638160095097088
1403638160145096960
1403638160195097088
1403638160245096960
1403638160295097088
1403638160345096960
1403638160395097088
1403638160445096960
1403638160495097088
1403638160545096960
1403638160595097088
1403638160645096960
1403638160695097088
1403638160745096960
1403638160795097088
1403638160845096960
1403638160895097088
1403638160945096960
1403638160995097088
1403638161045096960
1403638161095097088
1403638161145096960
1403638161195097088
1403638161245096960
1403638161295097088
1403638161345096960
1403638161395097088
1403638161445096960
1403638161495097088
1403638161545096960
1403638161595097088
1403638161645096960
1403638161695097088
1403638161745096960
1403638161795097088
1403638161845096960
1403638161895097088
1403638161945096960
1403638161995097088
1403638162045096960
1403638162095097088
1403638162145096960
1403638162195097088
