1403638197245096960
1403638197295097088
1403638197345096960
1403638197395097088
1403638197445096960
1403638197495097088
1403638197545096960
1403638197595097088
1403638197645096960
1403638197695097088
1403638197745096960
1403638197795097088
1403638197845096960
1403638197895097088
1403638197945096960
1403638197995097088
1403638198045096960
1403638198095097088
1403638198145096960
1403638198195097088
1403638198245096960
1403638198295097088
1403638198345096960
1403638198395097088
1403638198445096960
1403638198495097088
1403638198545096960
1403638198595097088
1403638198645096960
1403638198695097088
1403638198745096960
1403638198795097088
1403638198845096960
1403638198895097088
1403638198945096960
1403638198995097088
1403638199045096960
1403638199095097088
1403638199145096960
1403638199195097088
1403638199245096960
1403638199295097088
1403638199345096960
1403638199395097088
1403638199445096960
1403638199495097088
1403638199545096960
1403638199595097088
1403638199645096960
1403638199695097088
1403638199745096960
1403638199795097088
1403638199845096960
1403638199895097088
1403638199945096960
1403638199995097088
1403638200045096960
1403638200095097088
1403638200145096960
1403638200195097088
1403638200245096960
1403638200295097088
1403638200345096960
1403638200395097088
1403638200445096960
1403638200495097088
1403638200545096960
1403638200595097088
1403638200645096960
1403638200695097088
1403638200745096960
1403638200795097088
1403638200845096960
1403638200895097088
1403638200945096960
1403638200995097088
1403638201045096960
1403638201095097088
1403638201145096960
1403638201195097088
1403638201245096960
1403638201295097088
1403638201345096960
1403638201395097088
1403638201445096960
1403638201495097088
1403638201545096960
1403638201595097088
1403638201645096960
1403638201695097088
1403638201745096960
1403638201795097088
1403638201845096960
1403638201895097088
1403638201945096960
1403638201995097088
1403638202045096960
1403638202095097088
1403638202145096960
1403638202195097088
1403638202245096960
1403638202295097088
1403638202345096960
1403638202395097088
1403638202445096960
1403638202495097088
1403638202545096960
1403638202595097088
1403638202645096960
1403638202695097088
1403638202745096960
1403638202795097088
1403638202845096960
1403638202895097088
1403638202945096960
1403638202995097088
1403638203045096960
1403638203095097088
1403638203145096960
1403638203195097088
1403638203245096960
1403638203295097088
1403638203345096960
1403638203395097088
1403638203445096960
1403638203495097088
1403638203545096960
1403638203595097088
1403638203645096960
1403638203695097088
1403638203745096960
1403638203795097088
1403638203845096960
1403638203895097088
1403638203945096960
1403638203995097088
1403638204045096960
1403638204095097088
1403638204145096960
1403638204195097088
1403638204245096960
1403638204295097088
1403638204345096960
1403638204395097088
1403638204445096960
1403638204495097088
1403638204545096960
1403638204595097088
1403638204645096960
1403638204695097088
1403638204745096960
1403638204795097088
1403638204845096960
1403638204895097088
1403638204945096960
1403638204995097088
1403638205045096960
1403638205095097088
1403638205145096960
1403638205195097088
1403638205245096960
1403638205295097088
1403638205345096960
1403638205395097088
1403638205445096960
1403638205495097088
1403638205545096960
1403638205595097088
1403638205645096960
1403638205695097088
1403638205745096960
1403638205795097088
1403638205845096960
1403638205895097088
1403638205945096960
1403638205995097088
1403638206045096960
1403638206095097088
1403638206145096960
1403638206195097088
1403638206245096960
1403638206295097088
1403638206345096960
1403638206395097088
1403638206445096960
1403638206495097088
1403638206545096960
1403638206595097088
1403638206645096960
1403638206695097088
1403638206745096960
1403638206795097088
1403638206845096960
1403638206895097088
1403638206945096960
1403638206995097088
1403638207045096960
1403638207095097088
1403638207145096960
1403638207195097088
