1403638162245096960
1403638162295097088
1403638162345096960
1403638162395097088
1403638162445096960
1403638162495097088
1403638162545096960
1403638162595097088
1403638162645096960
1403638162695097088
1403638162745096960
1403638162795097088
1403638162845096960
1403638162895097088
1403638162945096960
1403638162995097088
1403638163045096960
1403638163095097088
1403638163145096960
1403638163195097088
1403638163245096960
1403638163295097088
1403638163345096960
1403638163395097088
1403638163445096960
1403638163495097088
1403638163545096960
1403638163595097088
1403638163645096960
1403638163695097088
1403638163745096960
1403638163795097088
1403638163845096960
1403638163895097088
1403638163945096960
1403638163995097088
1403638164045096960
1403638164095097088
1403638164145096960
1403638164195097088
1403638164245096960
1403638164295097088
1403638164345096960
1403638164395097088
1403638164445096960
1403638164495097088
1403638164545096960
1403638164595097088
1403638164645096960
1403638164695097088
1403638164745096960
1403638164795097088
1403638164845096960
1403638164895097088
1403638164945096960
1403638164995097088
1403638165045096960
1403638165095097088
1403638165145096960
1403638165195097088
1403638165245096960
1403638165295097088
1403638165345096960
1403638165395097088
1403638165445096960
1403638165495097088
1403638165545096960
1403638165595097088
1403638165645096960
1403638165695097088
1403638165745096960
1403638165795097088
1403638165845096960
1403638165895097088
1403638165945096960
1403638165995097088
1403638166045096960
1403638166095097088
1403638166145096960
1403638166195097088
1403638166245096960
1403638166295097088
1403638166345096960
1403638166395097088
1403638166445096960
1403638166495097088
1403638166545096960
1403638166595097088
1403638166645096960
1403638166695097088
1403638166745096960
1403638166795097088
1403638166845096960
1403638166895097088
1403638166945096960
1403638166995097088
1403638167045096960
1403638167095097088
1403638167145096960
1403638167195097088
1403638167245096960
1403638167295097088
1403638167345096960
1403638167395097088
1403638167445096960
1403638167495097088
1403638167545096960
1403638167595097088
1403638167645096960
1403638167695097088
1403638167745096960
1403638167795097088
1403638167845096960
1403638167895097088
1403638167945096960
1403638167995097088
1403638168045096960
1403638168095097088
1403638168145096960
1403638168195097088
1403638168245096960
1403638168295097088
1403638168345096960
1403638168395097088
1403638168445096960
1403638168495097088
1403638168545096960
1403638168595097088
1403638168645096960
1403638168695097088
1403638168745096960
1403638168795097088
1403638168845096960
1403638168895097088
1403638168945096960
1403638168995097088
1403638169045096960
1403638169095097088
1403638169145096960
1403638169195097088
1403638169245096960
1403638169295097088
1403638169345096960
1403638169395097088
1403638169445096960
1403638169495097088
1403638169545096960
1403638169595097088
1403638169645096960
1403638169695097088
1403638169745096960
1403638169795097088
1403638169845096960
1403638169895097088
1403638169945096960
1403638169995097088
1403638170045096960
1403638170095097088
1403638170145096960
1403638170195097088
1403638170245096960
1403638170295097088
1403638170345096960
1403638170395097088
1403638170445096960
1403638170495097088
1403638170545096960
1403638170595097088
1403638170645096960
1403638170695097088
1403638170745096960
1403638170795097088
1403638170845096960
1403638170895097088
1403638170945096960
1403638170995097088
1403638171045096960
1403638171095097088
1403638171145096960
1403638171195097088
1403638171245096960
1403638171295097088
1403638171345096960
1403638171395097088
1403638171445096960
1403638171495097088
1403638171545096960
1403638171595097088
1403638171645096960
1403638171695097088
1403638171745096960
1403638171795097088
1403638171845096960
1403638171895097088
1403638171945096960
1403638171995097088
1403638172045096960
1403638172095097088
1403638172145096960
1403638172195097088
