1403638212245096960
1403638212295097088
1403638212345096960
1403638212395097088
1403638212445096960
1403638212495097088
1403638212545096960
1403638212595097088
1403638212645096960
1403638212695097088
1403638212745096960
1403638212795097088
1403638212845096960
1403638212895097088
1403638212945096960
1403638212995097088
1403638213045096960
1403638213095097088
1403638213145096960
1403638213195097088
1403638213245096960
1403638213295097088
1403638213345096960
1403638213395097088
1403638213445096960
1403638213495097088
1403638213545096960
1403638213595097088
1403638213645096960
1403638213695097088
1403638213745096960
1403638213795097088
1403638213845096960
1403638213895097088
1403638213945096960
1403638213995097088
1403638214045096960
1403638214095097088
1403638214145096960
1403638214195097088
1403638214245096960
1403638214295097088
1403638214345096960
1403638214395097088
1403638214445096960
1403638214495097088
1403638214545096960
1403638214595097088
1403638214645096960
1403638214695097088
1403638214745096960
1403638214795097088
1403638214845096960
1403638214895097088
1403638214945096960
1403638214995097088
1403638215045096960
1403638215095097088
1403638215145096960
1403638215195097088
1403638215245096960
1403638215295097088
1403638215345096960
1403638215395097088
1403638215445096960
1403638215495097088
1403638215545096960
1403638215595097088
1403638215645096960
1403638215695097088
1403638215745096960
1403638215795097088
1403638215845096960
1403638215895097088
1403638215945096960
1403638215995097088
1403638216045096960
1403638216095097088
1403638216145096960
1403638216195097088
1403638216245096960
1403638216295097088
1403638216345096960
1403638216395097088
1403638216445096960
1403638216495097088
1403638216545096960
1403638216595097088
1403638216645096960
1403638216695097088
1403638216745096960
1403638216795097088
1403638216845096960
1403638216895097088
1403638216945096960
1403638216995097088
1403638217045096960
1403638217095097088
1403638217145096960
1403638217195097088
1403638217245096960
1403638217295097088
1403638217345096960
1403638217395097088
1403638217445096960
1403638217495097088
1403638217545096960
1403638217595097088
1403638217645096960
1403638217695097088
1403638217745096960
1403638217795097088
1403638217845096960
1403638217895097088
1403638217945096960
1403638217995097088
1403638218045096960
1403638218095097088
1403638218145096960
1403638218195097088
1403638218245096960
1403638218295097088
1403638218345096960
1403638218395097088
1403638218445096960
1403638218495097088
1403638218545096960
1403638218595097088
1403638218645096960
1403638218695097088
1403638218745096960
1403638218795097088
1403638218845096960
1403638218895097088
1403638218945096960
1403638218995097088
1403638219045096960
1403638219095097088
1403638219145096960
1403638219195097088
1403638219245096960
1403638219295097088
1403638219345096960
1403638219395097088
1403638219445096960
1403638219495097088
1403638219545096960
1403638219595097088
1403638219645096960
1403638219695097088
1403638219745096960
1403638219795097088
1403638219845096960
1403638219895097088
1403638219945096960
1403638219995097088
1403638220045096960
1403638220095097088
1403638220145096960
1403638220195097088
1403638220245096960
1403638220295097088
1403638220345096960
1403638220395097088
1403638220445096960
1403638220495097088
1403638220545096960
1403638220595097088
1403638220645096960
1403638220695097088
1403638220745096960
1403638220795097088
1403638220845096960
1403638220895097088
1403638220945096960
1403638220995097088
1403638221045096960
1403638221095097088
1403638221145096960
1403638221195097088
1403638221245096960
1403638221295097088
1403638221345096960
1403638221395097088
1403638221445096960
1403638221495097088
1403638221545096960
1403638221595097088
1403638221645096960
1403638221695097088
1403638221745096960
1403638221795097088
1403638221845096960
1403638221895097088
1403638221945096960
1403638221995097088
1403638222045096960
1403638222095097088
1403638222145096960
1403638222195097088
