1403638142245096960
1403638142295097088
1403638142345096960
1403638142395097088
1403638142445096960
1403638142495097088
1403638142545096960
1403638142595097088
1403638142645096960
1403638142695097088
1403638142745096960
1403638142795097088
1403638142845096960
1403638142895097088
1403638142945096960
1403638142995097088
1403638143045096960
1403638143095097088
1403638143145096960
1403638143195097088
1403638143245096960
1403638143295097088
1403638143345096960
1403638143395097088
1403638143445096960
1403638143495097088
1403638143545096960
1403638143595097088
1403638143645096960
1403638143695097088
1403638143745096960
1403638143795097088
1403638143845096960
1403638143895097088
1403638143945096960
1403638143995097088
1403638144045096960
1403638144095097088
1403638144145096960
1403638144195097088
1403638144245096960
1403638144295097088
1403638144345096960
1403638144395097088
1403638144445096960
1403638144495097088
1403638144545096960
1403638144595097088
1403638144645096960
1403638144695097088
1403638144745096960
1403638144795097088
1403638144845096960
1403638144895097088
1403638144945096960
1403638144995097088
1403638145045096960
1403638145095097088
1403638145145096960
1403638145195097088
1403638145245096960
1403638145295097088
1403638145345096960
1403638145395097088
1403638145445096960
1403638145495097088
1403638145545096960
1403638145595097088
1403638145645096960
1403638145695097088
1403638145745096960
1403638145795097088
1403638145845096960
1403638145895097088
1403638145945096960
1403638145995097088
1403638146045096960
1403638146095097088
1403638146145096960
1403638146195097088
1403638146245096960
1403638146295097088
1403638146345096960
1403638146395097088
1403638146445096960
1403638146495097088
1403638146545096960
1403638146595097088
1403638146645096960
1403638146695097088
1403638146745096960
1403638146795097088
1403638146845096960
1403638146895097088
1403638146945096960
1403638146995097088
1403638147045096960
1403638147095097088
1403638147145096960
1403638147195097088
1403638147245096960
1403638147295097088
1403638147345096960
1403638147395097088
1403638147445096960
1403638147495097088
1403638147545096960
1403638147595097088
1403638147645096960
1403638147695097088
1403638147745096960
1403638147795097088
1403638147845096960
1403638147895097088
1403638147945096960
1403638147995097088
1403638148045096960
1403638148095097088
1403638148145096960
1403638148195097088
1403638148245096960
1403638148295097088
1403638148345096960
1403638148395097088
1403638148445096960
1403638148495097088
1403638148545096960
1403638148595097088
1403638148645096960
1403638148695097088
1403638148745096960
1403638148795097088
1403638148845096960
1403638148895097088
1403638148945096960
1403638148995097088
1403638149045096960
1403638149095097088
1403638149145096960
1403638149195097088
1403638149245096960
1403638149295097088
1403638149345096960
1403638149395097088
1403638149445096960
1403638149495097088
1403638149545096960
1403638149595097088
1403638149645096960
1403638149695097088
1403638149745096960
1403638149795097088
1403638149845096960
1403638149895097088
1403638149945096960
1403638149995097088
1403638150045096960
1403638150095097088
1403638150145096960
1403638150195097088
1403638150245096960
1403638150295097088
1403638150345096960
1403638150395097088
1403638150445096960
1403638150495097088
1403638150545096960
1403638150595097088
1403638150645096960
1403638150695097088
1403638150745096960
1403638150795097088
1403638150845096960
1403638150895097088
1403638150945096960
1403638150995097088
1403638151045096960
1403638151095097088
1403638151145096960
1403638151195097088
1403638151245096960
1403638151295097088
1403638151345096960
1403638151395097088
1403638151445096960
1403638151495097088
1403638151545096960
1403638151595097088
1403638151645096960
1403638151695097088
1403638151745096960
1403638151795097088
1403638151845096960
1403638151895097088
1403638151945096960
1403638151995097088
1403638152045096960
1403638152095097088
1403638152145096960
1403638152195097088
