1403638605527829504
1403638605477829376
1403638605427829504
1403638605377829376
1403638605327829504
1403638605277829376
1403638605227829504
1403638605177829376
1403638605127829504
1403638605077829376
1403638605027829504
1403638604977829376
1403638604927829504
1403638604877829376
1403638604827829504
1403638604777829376
1403638604727829504
1403638604677829376
1403638604627829504
1403638604577829376
1403638604527829504
1403638604477829376
1403638604427829504
1403638604377829376
1403638604327829504
1403638604277829376
1403638604227829504
1403638604177829376
1403638604127829504
1403638604077829376
1403638604027829504
1403638603977829376
1403638603927829504
1403638603877829376
1403638603827829504
1403638603777829376
1403638603727829504
1403638603677829376
1403638603627829504
1403638603577829376
1403638603527829504
1403638603477829376
1403638603427829504
1403638603377829376
1403638603327829504
1403638603277829376
1403638603227829504
1403638603177829376
1403638603127829504
1403638603077829376
1403638603027829504
1403638602977829376
1403638602927829504
1403638602877829376
1403638602827829504
1403638602777829376
1403638602727829504
1403638602677829376
1403638602627829504
1403638602577829376
1403638602527829504
1403638602477829376
1403638602427829504
1403638602377829376
1403638602327829504
1403638602277829376
1403638602227829504
1403638602177829376
1403638602127829504
1403638602077829376
1403638602027829504
1403638601977829376
1403638601927829504
1403638601877829376
1403638601827829504
1403638601777829376
1403638601727829504
1403638601677829376
1403638601627829504
1403638601577829376
1403638601527829504
1403638601477829376
1403638601427829504
1403638601377829376
1403638601327829504
1403638601277829376
1403638601227829504
1403638601177829376
1403638601127829504
1403638601077829376
1403638601027829504
1403638600977829376
1403638600927829504
1403638600877829376
1403638600827829504
1403638600777829376
1403638600727829504
1403638600677829376
1403638600627829504
1403638600577829376
1403638600527829504
1403638600477829376
1403638600427829504
1403638600377829376
1403638600327829504
1403638600277829376
1403638600227829504
1403638600177829376
1403638600127829504
1403638600077829376
1403638600027829504
1403638599977829376
1403638599927829504
1403638599877829376
1403638599827829504
1403638599777829376
1403638599727829504
1403638599677829376
1403638599627829504
1403638599577829376
1403638599527829504
1403638599477829376
1403638599427829504
1403638599377829376
1403638599327829504
1403638599277829376
1403638599227829504
1403638599177829376
1403638599127829504
1403638599077829376
1403638599027829504
1403638598977829376
1403638598927829504
1403638598877829376
1403638598827829504
1403638598777829376
1403638598727829504
1403638598677829376
1403638598627829504
1403638598577829376
1403638598527829504
1403638598477829376
1403638598427829504
1403638598377829376
1403638598327829504
1403638598277829376
1403638598227829504
1403638598177829376
1403638598127829504
1403638598077829376
1403638598027829504
1403638597977829376
1403638597927829504
1403638597877829376
1403638597827829504
1403638597777829376
1403638597727829504
1403638597677829376
1403638597627829504
1403638597577829376
1403638597527829504
1403638597477829376
1403638597427829504
1403638597377829376
1403638597327829504
1403638597277829376
1403638597227829504
1403638597177829376
1403638597127829504
1403638597077829376
1403638597027829504
1403638596977829376
1403638596927829504
1403638596877829376
1403638596827829504
1403638596777829376
1403638596727829504
1403638596677829376
1403638596627829504
1403638596577829376
1403638596527829504
1403638596477829376
1403638596427829504
1403638596377829376
1403638596327829504
1403638596277829376
1403638596227829504
1403638596177829376
1403638596127829504
1403638596077829376
1403638596027829504
1403638595977829376
1403638595927829504
1403638595877829376
1403638595827829504
1403638595777829376
1403638595727829504
1403638595677829376
1403638595627829504
1403638595577829376
