1403638127245096960, 1403638128495097088
1403638128495097088, 1403638129745096960
1403638129745096960, 1403638130995097088
1403638130995097088, 1403638132245096960
1403638132245096960, 1403638133495097088
1403638133495097088, 1403638134745096960
1403638134745096960, 1403638135995097088
1403638135995097088, 1403638137245096960
1403638137245096960, 1403638138495097088
1403638138495097088, 1403638139745096960
1403638139745096960, 1403638140995097088
1403638140995097088, 1403638142245096960
1403638142245096960, 1403638143495097088
1403638143495097088, 1403638144745096960
1403638144745096960, 1403638145995097088
1403638145995097088, 1403638147245096960
1403638147245096960, 1403638148495097088
1403638148495097088, 1403638149745096960
1403638149745096960, 1403638150995097088
1403638150995097088, 1403638152245096960
1403638152245096960, 1403638153495097088
1403638153495097088, 1403638154745096960
1403638154745096960, 1403638155995097088
1403638155995097088, 1403638157245096960
1403638157245096960, 1403638158495097088
1403638158495097088, 1403638159745096960
1403638159745096960, 1403638160995097088
1403638160995097088, 1403638162245096960
1403638162245096960, 1403638163495097088
1403638163495097088, 1403638164745096960
1403638164745096960, 1403638165995097088
1403638165995097088, 1403638167245096960
1403638167245096960, 1403638168495097088
1403638168495097088, 1403638169745096960
1403638169745096960, 1403638170995097088
1403638170995097088, 1403638172245096960
1403638172245096960, 1403638173495097088
1403638173495097088, 1403638174745096960
1403638174745096960, 1403638175995097088
1403638175995097088, 1403638177245096960
1403638177245096960, 1403638178495097088
1403638178495097088, 1403638179745096960
1403638179745096960, 1403638180995097088
1403638180995097088, 1403638182245096960
1403638182245096960, 1403638183495097088
1403638183495097088, 1403638184745096960
1403638184745096960, 1403638185995097088
1403638185995097088, 1403638187245096960
1403638187245096960, 1403638188495097088
1403638188495097088, 1403638189745096960
1403638189745096960, 1403638190995097088
1403638190995097088, 1403638192245096960
1403638192245096960, 1403638193495097088
1403638193495097088, 1403638194745096960
1403638194745096960, 1403638195995097088
1403638195995097088, 1403638197245096960
1403638197245096960, 1403638198495097088
1403638198495097088, 1403638199745096960
1403638199745096960, 1403638200995097088
1403638200995097088, 1403638202245096960
1403638202245096960, 1403638203495097088
1403638203495097088, 1403638204745096960
1403638204745096960, 1403638205995097088
1403638205995097088, 1403638207245096960
1403638207245096960, 1403638208495097088
1403638208495097088, 1403638209745096960
1403638209745096960, 1403638210995097088
1403638210995097088, 1403638212245096960
1403638212245096960, 1403638213495097088
1403638213495097088, 1403638214745096960
1403638214745096960, 1403638215995097088
1403638215995097088, 1403638217245096960
1403638217245096960, 1403638218495097088
1403638218495097088, 1403638219745096960
1403638219745096960, 1403638220995097088
1403638220995097088, 1403638222245096960
1403638222245096960, 1403638223495097088
1403638223495097088, 1403638224745096960
1403638224745096960, 1403638225995097088
1403638225995097088, 1403638227245096960
1403638227245096960, 1403638228495097088
