1403638127245096960
1403638127295097088
1403638127345096960
1403638127395097088
1403638128045096960
1403638128095097088
1403638128145096960
1403638128195097088
1403638128845096960
1403638128895097088
1403638128945096960
1403638128995097088
1403638129645096960
1403638129695097088
1403638129745096960
1403638129795097088
1403638130445096960
1403638130495097088
1403638130545096960
1403638130595097088
1403638131245096960
1403638131295097088
1403638131345096960
1403638131395097088
1403638132045096960
1403638132095097088
1403638132145096960
1403638132195097088
1403638132845096960
1403638132895097088
1403638132945096960
1403638132995097088
1403638133645096960
1403638133695097088
1403638133745096960
1403638133795097088
1403638134445096960
1403638134495097088
1403638134545096960
1403638134595097088
1403638135245096960
1403638135295097088
1403638135345096960
1403638135395097088
1403638136045096960
1403638136095097088
1403638136145096960
1403638136195097088
1403638136845096960
1403638136895097088
1403638136945096960
1403638136995097088
1403638137645096960
1403638137695097088
1403638137745096960
1403638137795097088
1403638138445096960
1403638138495097088
1403638138545096960
1403638138595097088
1403638139245096960
1403638139295097088
1403638139345096960
1403638139395097088
1403638140045096960
1403638140095097088
1403638140145096960
1403638140195097088
1403638140845096960
1403638140895097088
1403638140945096960
1403638140995097088
1403638141645096960
1403638141695097088
1403638141745096960
1403638141795097088
1403638142445096960
1403638142495097088
1403638142545096960
1403638142595097088
1403638143245096960
1403638143295097088
1403638143345096960
1403638143395097088
1403638144045096960
1403638144095097088
1403638144145096960
1403638144195097088
1403638144845096960
1403638144895097088
1403638144945096960
1403638144995097088
1403638145645096960
1403638145695097088
1403638145745096960
1403638145795097088
1403638146445096960
1403638146495097088
1403638146545096960
1403638146595097088
1403638147245096960
1403638147295097088
1403638147345096960
1403638147395097088
1403638148045096960
1403638148095097088
1403638148145096960
1403638148195097088
1403638148845096960
1403638148895097088
1403638148945096960
1403638148995097088
1403638149645096960
1403638149695097088
1403638149745096960
1403638149795097088
1403638150445096960
1403638150495097088
1403638150545096960
1403638150595097088
1403638151245096960
1403638151295097088
1403638151345096960
1403638151395097088
1403638152045096960
1403638152095097088
1403638152145096960
1403638152195097088
1403638152845096960
1403638152895097088
1403638152945096960
1403638152995097088
1403638153645096960
1403638153695097088
1403638153745096960
1403638153795097088
1403638154445096960
1403638154495097088
1403638154545096960
1403638154595097088
1403638155245096960
1403638155295097088
1403638155345096960
1403638155395097088
1403638156045096960
1403638156095097088
1403638156145096960
1403638156195097088
1403638156845096960
1403638156895097088
1403638156945096960
1403638156995097088
1403638157645096960
1403638157695097088
1403638157745096960
1403638157795097088
1403638158445096960
1403638158495097088
1403638158545096960
1403638158595097088
1403638159245096960
1403638159295097088
1403638159345096960
1403638159395097088
1403638160045096960
1403638160095097088
1403638160145096960
1403638160195097088
1403638160845096960
1403638160895097088
1403638160945096960
1403638160995097088
1403638161645096960
1403638161695097088
1403638161745096960
1403638161795097088
1403638162445096960
1403638162495097088
1403638162545096960
1403638162595097088
1403638163245096960
1403638163295097088
1403638163345096960
1403638163395097088
1403638164045096960
1403638164095097088
1403638164145096960
1403638164195097088
1403638164845096960
1403638164895097088
1403638164945096960
1403638164995097088
1403638165645096960
1403638165695097088
1403638165745096960
1403638165795097088
1403638166445096960
1403638166495097088
1403638166545096960
1403638166595097088
1403638167245096960
1403638167295097088
1403638167345096960
1403638167395097088
1403638168045096960
1403638168095097088
1403638168145096960
1403638168195097088
1403638168845096960
1403638168895097088
1403638168945096960
1403638168995097088
1403638169645096960
1403638169695097088
1403638169745096960
1403638169795097088
1403638170445096960
1403638170495097088
1403638170545096960
1403638170595097088
1403638171245096960
1403638171295097088
1403638171345096960
1403638171395097088
1403638172045096960
1403638172095097088
1403638172145096960
1403638172195097088
1403638172845096960
1403638172895097088
1403638172945096960
1403638172995097088
1403638173645096960
1403638173695097088
1403638173745096960
1403638173795097088
1403638174445096960
1403638174495097088
1403638174545096960
1403638174595097088
1403638175245096960
1403638175295097088
1403638175345096960
1403638175395097088
1403638176045096960
1403638176095097088
1403638176145096960
1403638176195097088
1403638176845096960
1403638176895097088
1403638176945096960
1403638176995097088
1403638177645096960
1403638177695097088
1403638177745096960
1403638177795097088
1403638178445096960
1403638178495097088
1403638178545096960
1403638178595097088
1403638179245096960
1403638179295097088
1403638179345096960
1403638179395097088
1403638180045096960
1403638180095097088
1403638180145096960
1403638180195097088
1403638180845096960
1403638180895097088
1403638180945096960
1403638180995097088
1403638181645096960
1403638181695097088
1403638181745096960
1403638181795097088
1403638182445096960
1403638182495097088
1403638182545096960
1403638182595097088
1403638183245096960
1403638183295097088
1403638183345096960
1403638183395097088
1403638184045096960
1403638184095097088
1403638184145096960
1403638184195097088
1403638184845096960
1403638184895097088
1403638184945096960
1403638184995097088
1403638185645096960
1403638185695097088
1403638185745096960
1403638185795097088
1403638186445096960
1403638186495097088
1403638186545096960
1403638186595097088
1403638187245096960
1403638187295097088
1403638187345096960
1403638187395097088
1403638188045096960
1403638188095097088
1403638188145096960
1403638188195097088
1403638188845096960
1403638188895097088
1403638188945096960
1403638188995097088
1403638189645096960
1403638189695097088
1403638189745096960
1403638189795097088
1403638190445096960
1403638190495097088
1403638190545096960
1403638190595097088
1403638191245096960
1403638191295097088
1403638191345096960
1403638191395097088
1403638192045096960
1403638192095097088
1403638192145096960
1403638192195097088
1403638192845096960
1403638192895097088
1403638192945096960
1403638192995097088
1403638193645096960
1403638193695097088
1403638193745096960
1403638193795097088
1403638194445096960
1403638194495097088
1403638194545096960
1403638194595097088
1403638195245096960
1403638195295097088
1403638195345096960
1403638195395097088
1403638196045096960
1403638196095097088
1403638196145096960
1403638196195097088
1403638196845096960
1403638196895097088
1403638196945096960
1403638196995097088
1403638197645096960
1403638197695097088
1403638197745096960
1403638197795097088
1403638198445096960
1403638198495097088
1403638198545096960
1403638198595097088
1403638199245096960
1403638199295097088
1403638199345096960
1403638199395097088
1403638200045096960
1403638200095097088
1403638200145096960
1403638200195097088
1403638200845096960
1403638200895097088
1403638200945096960
1403638200995097088
1403638201645096960
1403638201695097088
1403638201745096960
1403638201795097088
1403638202445096960
1403638202495097088
1403638202545096960
1403638202595097088
1403638203245096960
1403638203295097088
1403638203345096960
1403638203395097088
1403638204045096960
1403638204095097088
1403638204145096960
1403638204195097088
1403638204845096960
1403638204895097088
1403638204945096960
1403638204995097088
1403638205645096960
1403638205695097088
1403638205745096960
1403638205795097088
1403638206445096960
1403638206495097088
1403638206545096960
1403638206595097088
1403638207245096960
1403638207295097088
1403638207345096960
1403638207395097088
1403638208045096960
1403638208095097088
1403638208145096960
1403638208195097088
1403638208845096960
1403638208895097088
1403638208945096960
1403638208995097088
1403638209645096960
1403638209695097088
1403638209745096960
1403638209795097088
1403638210445096960
1403638210495097088
1403638210545096960
1403638210595097088
1403638211245096960
1403638211295097088
1403638211345096960
1403638211395097088
1403638212045096960
1403638212095097088
1403638212145096960
1403638212195097088
1403638212845096960
1403638212895097088
1403638212945096960
1403638212995097088
1403638213645096960
1403638213695097088
1403638213745096960
1403638213795097088
1403638214445096960
1403638214495097088
1403638214545096960
1403638214595097088
1403638215245096960
1403638215295097088
1403638215345096960
1403638215395097088
1403638216045096960
1403638216095097088
1403638216145096960
1403638216195097088
1403638216845096960
1403638216895097088
1403638216945096960
1403638216995097088
1403638217645096960
1403638217695097088
1403638217745096960
1403638217795097088
1403638218445096960
1403638218495097088
1403638218545096960
1403638218595097088
1403638219245096960
1403638219295097088
1403638219345096960
1403638219395097088
1403638220045096960
1403638220095097088
1403638220145096960
1403638220195097088
1403638220845096960
1403638220895097088
1403638220945096960
1403638220995097088
1403638221645096960
1403638221695097088
1403638221745096960
1403638221795097088
1403638222445096960
1403638222495097088
1403638222545096960
1403638222595097088
1403638223245096960
1403638223295097088
1403638223345096960
1403638223395097088
1403638224045096960
1403638224095097088
1403638224145096960
1403638224195097088
1403638224845096960
1403638224895097088
1403638224945096960
1403638224995097088
1403638225645096960
1403638225695097088
1403638225745096960
1403638225795097088
1403638226445096960
1403638226495097088
1403638226545096960
1403638226595097088
1403638227245096960
1403638227295097088
1403638227345096960
1403638227395097088
1403638228045096960
1403638228095097088
1403638228145096960
1403638228195097088
1403638228845096960

