1403638127245096960
1403638127295097088
1403638127345096960
1403638127395097088
1403638127445096960
1403638127495097088
1403638129045096960
1403638129095097088
1403638129145096960
1403638129195097088
1403638129245096960
1403638129295097088
1403638130845096960
1403638130895097088
1403638130945096960
1403638130995097088
1403638131045096960
1403638131095097088
1403638132645096960
1403638132695097088
1403638132745096960
1403638132795097088
1403638132845096960
1403638132895097088
1403638134445096960
1403638134495097088
1403638134545096960
1403638134595097088
1403638134645096960
1403638134695097088
1403638136245096960
1403638136295097088
1403638136345096960
1403638136395097088
1403638136445096960
1403638136495097088
1403638138045096960
1403638138095097088
1403638138145096960
1403638138195097088
1403638138245096960
1403638138295097088
1403638139845096960
1403638139895097088
1403638139945096960
1403638139995097088
1403638140045096960
1403638140095097088
1403638141645096960
1403638141695097088
1403638141745096960
1403638141795097088
1403638141845096960
1403638141895097088
1403638143445096960
1403638143495097088
1403638143545096960
1403638143595097088
1403638143645096960
1403638143695097088
1403638145245096960
1403638145295097088
1403638145345096960
1403638145395097088
1403638145445096960
1403638145495097088
1403638147045096960
1403638147095097088
1403638147145096960
1403638147195097088
1403638147245096960
1403638147295097088
1403638148845096960
1403638148895097088
1403638148945096960
1403638148995097088
1403638149045096960
1403638149095097088
1403638150645096960
1403638150695097088
1403638150745096960
1403638150795097088
1403638150845096960
1403638150895097088
1403638152445096960
1403638152495097088
1403638152545096960
1403638152595097088
1403638152645096960
1403638152695097088
1403638154245096960
1403638154295097088
1403638154345096960
1403638154395097088
1403638154445096960
1403638154495097088
1403638156045096960
1403638156095097088
1403638156145096960
1403638156195097088
1403638156245096960
1403638156295097088
1403638157845096960
1403638157895097088
1403638157945096960
1403638157995097088
1403638158045096960
1403638158095097088
1403638159645096960
1403638159695097088
1403638159745096960
1403638159795097088
1403638159845096960
1403638159895097088
1403638161445096960
1403638161495097088
1403638161545096960
1403638161595097088
1403638161645096960
1403638161695097088
1403638163245096960
1403638163295097088
1403638163345096960
1403638163395097088
1403638163445096960
1403638163495097088
1403638165045096960
1403638165095097088
1403638165145096960
1403638165195097088
1403638165245096960
1403638165295097088
1403638166845096960
1403638166895097088
1403638166945096960
1403638166995097088
1403638167045096960
1403638167095097088
1403638168645096960
1403638168695097088
1403638168745096960
1403638168795097088
1403638168845096960
1403638168895097088
1403638170445096960
1403638170495097088
1403638170545096960
1403638170595097088
1403638170645096960
1403638170695097088
1403638172245096960
1403638172295097088
1403638172345096960
1403638172395097088
1403638172445096960
1403638172495097088
1403638174045096960
1403638174095097088
1403638174145096960
1403638174195097088
1403638174245096960
1403638174295097088
1403638175845096960
1403638175895097088
1403638175945096960
1403638175995097088
1403638176045096960
1403638176095097088
1403638177645096960
1403638177695097088
1403638177745096960
1403638177795097088
1403638177845096960
1403638177895097088
1403638179445096960
1403638179495097088
1403638179545096960
1403638179595097088
1403638179645096960
1403638179695097088
1403638181245096960
1403638181295097088
1403638181345096960
1403638181395097088
1403638181445096960
1403638181495097088
1403638183045096960
1403638183095097088
1403638183145096960
1403638183195097088
1403638183245096960
1403638183295097088
1403638184845096960
1403638184895097088
1403638184945096960
1403638184995097088
1403638185045096960
1403638185095097088
1403638186645096960
1403638186695097088
1403638186745096960
1403638186795097088
1403638186845096960
1403638186895097088
1403638188445096960
1403638188495097088
1403638188545096960
1403638188595097088
1403638188645096960
1403638188695097088
1403638190245096960
1403638190295097088
1403638190345096960
1403638190395097088
1403638190445096960
1403638190495097088
1403638192045096960
1403638192095097088
1403638192145096960
1403638192195097088
1403638192245096960
1403638192295097088
1403638193845096960
1403638193895097088
1403638193945096960
1403638193995097088
1403638194045096960
1403638194095097088
1403638195645096960
1403638195695097088
1403638195745096960
1403638195795097088
1403638195845096960
1403638195895097088
1403638197445096960
1403638197495097088
1403638197545096960
1403638197595097088
1403638197645096960
1403638197695097088
1403638199245096960
1403638199295097088
1403638199345096960
1403638199395097088
1403638199445096960
1403638199495097088
1403638201045096960
1403638201095097088
1403638201145096960
1403638201195097088
1403638201245096960
1403638201295097088
1403638202845096960
1403638202895097088
1403638202945096960
1403638202995097088
1403638203045096960
1403638203095097088
1403638204645096960
1403638204695097088
1403638204745096960
1403638204795097088
1403638204845096960
1403638204895097088
1403638206445096960
1403638206495097088
1403638206545096960
1403638206595097088
1403638206645096960
1403638206695097088
1403638208245096960
1403638208295097088
1403638208345096960
1403638208395097088
1403638208445096960
1403638208495097088
1403638210045096960
1403638210095097088
1403638210145096960
1403638210195097088
1403638210245096960
1403638210295097088
1403638211845096960
1403638211895097088
1403638211945096960
1403638211995097088
1403638212045096960
1403638212095097088
1403638213645096960
1403638213695097088
1403638213745096960
1403638213795097088
1403638213845096960
1403638213895097088
1403638215445096960
1403638215495097088
1403638215545096960
1403638215595097088
1403638215645096960
1403638215695097088
1403638217245096960
1403638217295097088
1403638217345096960
1403638217395097088
1403638217445096960
1403638217495097088
1403638219045096960
1403638219095097088
1403638219145096960
1403638219195097088
1403638219245096960
1403638219295097088
1403638220845096960
1403638220895097088
1403638220945096960
1403638220995097088
1403638221045096960
1403638221095097088
1403638222645096960
1403638222695097088
1403638222745096960
1403638222795097088
1403638222845096960
1403638222895097088
1403638224445096960
1403638224495097088
1403638224545096960
1403638224595097088
1403638224645096960
1403638224695097088
1403638226245096960
1403638226295097088
1403638226345096960
1403638226395097088
1403638226445096960
1403638226495097088
1403638228045096960
1403638228095097088
1403638228145096960
1403638228195097088
1403638228245096960
1403638228295097088
