1403638127245096960
1403638127295097088
1403638127345096960
1403638127695097088
1403638127745096960
1403638127795097088
1403638128145096960
1403638128195097088
1403638128245096960
1403638128595097088
1403638128645096960
1403638128695097088
1403638129045096960
1403638129095097088
1403638129145096960
1403638129495097088
1403638129545096960
1403638129595097088
1403638129945096960
1403638129995097088
1403638130045096960
1403638130395097088
1403638130445096960
1403638130495097088
1403638130845096960
1403638130895097088
1403638130945096960
1403638131295097088
1403638131345096960
1403638131395097088
1403638131745096960
1403638131795097088
1403638131845096960
1403638132195097088
1403638132245096960
1403638132295097088
1403638132645096960
1403638132695097088
1403638132745096960
1403638133095097088
1403638133145096960
1403638133195097088
1403638133545096960
1403638133595097088
1403638133645096960
1403638133995097088
1403638134045096960
1403638134095097088
1403638134445096960
1403638134495097088
1403638134545096960
1403638134895097088
1403638134945096960
1403638134995097088
1403638135345096960
1403638135395097088
1403638135445096960
1403638135795097088
1403638135845096960
1403638135895097088
1403638136245096960
1403638136295097088
1403638136345096960
1403638136695097088
1403638136745096960
1403638136795097088
1403638137145096960
1403638137195097088
1403638137245096960
1403638137595097088
1403638137645096960
1403638137695097088
1403638138045096960
1403638138095097088
1403638138145096960
1403638138495097088
1403638138545096960
1403638138595097088
1403638138945096960
1403638138995097088
1403638139045096960
1403638139395097088
1403638139445096960
1403638139495097088
1403638139845096960
1403638139895097088
1403638139945096960
1403638140295097088
1403638140345096960
1403638140395097088
1403638140745096960
1403638140795097088
1403638140845096960
1403638141195097088
1403638141245096960
1403638141295097088
1403638141645096960
1403638141695097088
1403638141745096960
1403638142095097088
1403638142145096960
1403638142195097088
1403638142545096960
1403638142595097088
1403638142645096960
1403638142995097088
1403638143045096960
1403638143095097088
1403638143445096960
1403638143495097088
1403638143545096960
1403638143895097088
1403638143945096960
1403638143995097088
1403638144345096960
1403638144395097088
1403638144445096960
1403638144795097088
1403638144845096960
1403638144895097088
1403638145245096960
1403638145295097088
1403638145345096960
1403638145695097088
1403638145745096960
1403638145795097088
1403638146145096960
1403638146195097088
1403638146245096960
1403638146595097088
1403638146645096960
1403638146695097088
1403638147045096960
1403638147095097088
1403638147145096960
1403638147495097088
1403638147545096960
1403638147595097088
1403638147945096960
1403638147995097088
1403638148045096960
1403638148395097088
1403638148445096960
1403638148495097088
1403638148845096960
1403638148895097088
1403638148945096960
1403638149295097088
1403638149345096960
1403638149395097088
1403638149745096960
1403638149795097088
1403638149845096960
1403638150195097088
1403638150245096960
1403638150295097088
1403638150645096960
1403638150695097088
1403638150745096960
1403638151095097088
1403638151145096960
1403638151195097088
1403638151545096960
1403638151595097088
1403638151645096960
1403638151995097088
1403638152045096960
1403638152095097088
1403638152445096960
1403638152495097088
1403638152545096960
1403638152895097088
1403638152945096960
1403638152995097088
1403638153345096960
1403638153395097088
1403638153445096960
1403638153795097088
1403638153845096960
1403638153895097088
1403638154245096960
1403638154295097088
1403638154345096960
1403638154695097088
1403638154745096960
1403638154795097088
1403638155145096960
1403638155195097088
1403638155245096960
1403638155595097088
1403638155645096960
1403638155695097088
1403638156045096960
1403638156095097088
1403638156145096960
1403638156495097088
1403638156545096960
1403638156595097088
1403638156945096960
1403638156995097088
1403638157045096960
1403638157395097088
1403638157445096960
1403638157495097088
1403638157845096960
1403638157895097088
1403638157945096960
1403638158295097088
1403638158345096960
1403638158395097088
1403638158745096960
1403638158795097088
1403638158845096960
1403638159195097088
1403638159245096960
1403638159295097088
1403638159645096960
1403638159695097088
1403638159745096960
1403638160095097088
1403638160145096960
1403638160195097088
1403638160545096960
1403638160595097088
1403638160645096960
1403638160995097088
1403638161045096960
1403638161095097088
1403638161445096960
1403638161495097088
1403638161545096960
1403638161895097088
1403638161945096960
1403638161995097088
1403638162345096960
1403638162395097088
1403638162445096960
1403638162795097088
1403638162845096960
1403638162895097088
1403638163245096960
1403638163295097088
1403638163345096960
1403638163695097088
1403638163745096960
1403638163795097088
1403638164145096960
1403638164195097088
1403638164245096960
1403638164595097088
1403638164645096960
1403638164695097088
1403638165045096960
1403638165095097088
1403638165145096960
1403638165495097088
1403638165545096960
1403638165595097088
1403638165945096960
1403638165995097088
1403638166045096960
1403638166395097088
1403638166445096960
1403638166495097088
1403638166845096960
1403638166895097088
1403638166945096960
1403638167295097088
1403638167345096960
1403638167395097088
1403638167745096960
1403638167795097088
1403638167845096960
1403638168195097088
1403638168245096960
1403638168295097088
1403638168645096960
1403638168695097088
1403638168745096960
1403638169095097088
1403638169145096960
1403638169195097088
1403638169545096960
1403638169595097088
1403638169645096960
1403638169995097088
1403638170045096960
1403638170095097088
1403638170445096960
1403638170495097088
1403638170545096960
1403638170895097088
1403638170945096960
1403638170995097088
1403638171345096960
1403638171395097088
1403638171445096960
1403638171795097088
1403638171845096960
1403638171895097088
1403638172245096960
1403638172295097088
1403638172345096960
1403638172695097088
1403638172745096960
1403638172795097088
1403638173145096960
1403638173195097088
1403638173245096960
1403638173595097088
1403638173645096960
1403638173695097088
1403638174045096960
1403638174095097088
1403638174145096960
1403638174495097088
1403638174545096960
1403638174595097088
1403638174945096960
1403638174995097088
1403638175045096960
1403638175395097088
1403638175445096960
1403638175495097088
1403638175845096960
1403638175895097088
1403638175945096960
1403638176295097088
1403638176345096960
1403638176395097088
1403638176745096960
1403638176795097088
1403638176845096960
1403638177195097088
1403638177245096960
1403638177295097088
1403638177645096960
1403638177695097088
1403638177745096960
1403638178095097088
1403638178145096960
1403638178195097088
1403638178545096960
1403638178595097088
1403638178645096960
1403638178995097088
1403638179045096960
1403638179095097088
1403638179445096960
1403638179495097088
1403638179545096960
1403638179895097088
1403638179945096960
1403638179995097088
1403638180345096960
1403638180395097088
1403638180445096960
1403638180795097088
1403638180845096960
1403638180895097088
1403638181245096960
1403638181295097088
1403638181345096960
1403638181695097088
1403638181745096960
1403638181795097088
1403638182145096960
1403638182195097088
1403638182245096960
1403638182595097088
1403638182645096960
1403638182695097088
1403638183045096960
1403638183095097088
1403638183145096960
1403638183495097088
1403638183545096960
1403638183595097088
1403638183945096960
1403638183995097088
1403638184045096960
1403638184395097088
1403638184445096960
1403638184495097088
1403638184845096960
1403638184895097088
1403638184945096960
1403638185295097088
1403638185345096960
1403638185395097088
1403638185745096960
1403638185795097088
1403638185845096960
1403638186195097088
1403638186245096960
1403638186295097088
1403638186645096960
1403638186695097088
1403638186745096960
1403638187095097088
1403638187145096960
1403638187195097088
1403638187545096960
1403638187595097088
1403638187645096960
1403638187995097088
1403638188045096960
1403638188095097088
1403638188445096960
1403638188495097088
1403638188545096960
1403638188895097088
1403638188945096960
1403638188995097088
1403638189345096960
1403638189395097088
1403638189445096960
1403638189795097088
1403638189845096960
1403638189895097088
1403638190245096960
1403638190295097088
1403638190345096960
1403638190695097088
1403638190745096960
1403638190795097088
1403638191145096960
1403638191195097088
1403638191245096960
1403638191595097088
1403638191645096960
1403638191695097088
1403638192045096960
1403638192095097088
1403638192145096960
1403638192495097088
1403638192545096960
1403638192595097088
1403638192945096960
1403638192995097088
1403638193045096960
1403638193395097088
1403638193445096960
1403638193495097088
1403638193845096960
1403638193895097088
1403638193945096960
1403638194295097088
1403638194345096960
1403638194395097088
1403638194745096960
1403638194795097088
1403638194845096960
1403638195195097088
1403638195245096960
1403638195295097088
1403638195645096960
1403638195695097088
1403638195745096960
1403638196095097088
1403638196145096960
1403638196195097088
1403638196545096960
1403638196595097088
1403638196645096960
1403638196995097088
1403638197045096960
1403638197095097088
1403638197445096960
1403638197495097088
1403638197545096960
1403638197895097088
1403638197945096960
1403638197995097088
1403638198345096960
1403638198395097088
1403638198445096960
1403638198795097088
1403638198845096960
1403638198895097088
1403638199245096960
1403638199295097088
1403638199345096960
1403638199695097088
1403638199745096960
1403638199795097088
1403638200145096960
1403638200195097088
1403638200245096960
1403638200595097088
1403638200645096960
1403638200695097088
1403638201045096960
1403638201095097088
1403638201145096960
1403638201495097088
1403638201545096960
1403638201595097088
1403638201945096960
1403638201995097088
1403638202045096960
1403638202395097088
1403638202445096960
1403638202495097088
1403638202845096960
1403638202895097088
1403638202945096960
1403638203295097088
1403638203345096960
1403638203395097088
1403638203745096960
1403638203795097088
1403638203845096960
1403638204195097088
1403638204245096960
1403638204295097088
1403638204645096960
1403638204695097088
1403638204745096960
1403638205095097088
1403638205145096960
1403638205195097088
1403638205545096960
1403638205595097088
1403638205645096960
1403638205995097088
1403638206045096960
1403638206095097088
1403638206445096960
1403638206495097088
1403638206545096960
1403638206895097088
1403638206945096960
1403638206995097088
1403638207345096960
1403638207395097088
1403638207445096960
1403638207795097088
1403638207845096960
1403638207895097088
1403638208245096960
1403638208295097088
1403638208345096960
1403638208695097088
1403638208745096960
1403638208795097088
1403638209145096960
1403638209195097088
1403638209245096960
1403638209595097088
1403638209645096960
1403638209695097088
1403638210045096960
1403638210095097088
1403638210145096960
1403638210495097088
1403638210545096960
1403638210595097088
1403638210945096960
1403638210995097088
1403638211045096960
1403638211395097088
1403638211445096960
1403638211495097088
1403638211845096960
1403638211895097088
1403638211945096960
1403638212295097088
1403638212345096960
1403638212395097088
1403638212745096960
1403638212795097088
1403638212845096960
1403638213195097088
1403638213245096960
1403638213295097088
1403638213645096960
1403638213695097088
1403638213745096960
1403638214095097088
1403638214145096960
1403638214195097088
1403638214545096960
1403638214595097088
1403638214645096960
1403638214995097088
1403638215045096960
1403638215095097088
1403638215445096960
1403638215495097088
1403638215545096960
1403638215895097088
1403638215945096960
1403638215995097088
1403638216345096960
1403638216395097088
1403638216445096960
1403638216795097088
1403638216845096960
1403638216895097088
1403638217245096960
1403638217295097088
1403638217345096960
1403638217695097088
1403638217745096960
1403638217795097088
1403638218145096960
1403638218195097088
1403638218245096960
1403638218595097088
1403638218645096960
1403638218695097088
1403638219045096960
1403638219095097088
1403638219145096960
1403638219495097088
1403638219545096960
1403638219595097088
1403638219945096960
1403638219995097088
1403638220045096960
1403638220395097088
1403638220445096960
1403638220495097088
1403638220845096960
1403638220895097088
1403638220945096960
1403638221295097088
1403638221345096960
1403638221395097088
1403638221745096960
1403638221795097088
1403638221845096960
1403638222195097088
1403638222245096960
1403638222295097088
1403638222645096960
1403638222695097088
1403638222745096960
1403638223095097088
1403638223145096960
1403638223195097088
1403638223545096960
1403638223595097088
1403638223645096960
1403638223995097088
1403638224045096960
1403638224095097088
1403638224445096960
1403638224495097088
1403638224545096960
1403638224895097088
1403638224945096960
1403638224995097088
1403638225345096960
1403638225395097088
1403638225445096960
1403638225795097088
1403638225845096960
1403638225895097088
1403638226245096960
1403638226295097088
1403638226345096960
1403638226695097088
1403638226745096960
1403638226795097088
1403638227145096960
1403638227195097088
1403638227245096960
1403638227595097088
1403638227645096960
1403638227695097088
1403638228045096960
1403638228095097088
1403638228145096960
1403638228495097088
1403638228545096960
1403638228595097088
