1403638127245096960
1403638127295097088
1403638127345096960
1403638127395097088
1403638127445096960
1403638128495097088
1403638128545096960
1403638128595097088
1403638128645096960
1403638128695097088
1403638129745096960
1403638129795097088
1403638129845096960
1403638129895097088
1403638129945096960
1403638130995097088
1403638131045096960
1403638131095097088
1403638131145096960
1403638131195097088
1403638132245096960
1403638132295097088
1403638132345096960
1403638132395097088
1403638132445096960
1403638133495097088
1403638133545096960
1403638133595097088
1403638133645096960
1403638133695097088
1403638134745096960
1403638134795097088
1403638134845096960
1403638134895097088
1403638134945096960
1403638135995097088
1403638136045096960
1403638136095097088
1403638136145096960
1403638136195097088
1403638137245096960
1403638137295097088
1403638137345096960
1403638137395097088
1403638137445096960
1403638138495097088
1403638138545096960
1403638138595097088
1403638138645096960
1403638138695097088
1403638139745096960
1403638139795097088
1403638139845096960
1403638139895097088
1403638139945096960
1403638140995097088
1403638141045096960
1403638141095097088
1403638141145096960
1403638141195097088
1403638142245096960
1403638142295097088
1403638142345096960
1403638142395097088
1403638142445096960
1403638143495097088
1403638143545096960
1403638143595097088
1403638143645096960
1403638143695097088
1403638144745096960
1403638144795097088
1403638144845096960
1403638144895097088
1403638144945096960
1403638145995097088
1403638146045096960
1403638146095097088
1403638146145096960
1403638146195097088
1403638147245096960
1403638147295097088
1403638147345096960
1403638147395097088
1403638147445096960
1403638148495097088
1403638148545096960
1403638148595097088
1403638148645096960
1403638148695097088
1403638149745096960
1403638149795097088
1403638149845096960
1403638149895097088
1403638149945096960
1403638150995097088
1403638151045096960
1403638151095097088
1403638151145096960
1403638151195097088
1403638152245096960
1403638152295097088
1403638152345096960
1403638152395097088
1403638152445096960
1403638153495097088
1403638153545096960
1403638153595097088
1403638153645096960
1403638153695097088
1403638154745096960
1403638154795097088
1403638154845096960
1403638154895097088
1403638154945096960
1403638155995097088
1403638156045096960
1403638156095097088
1403638156145096960
1403638156195097088
1403638157245096960
1403638157295097088
1403638157345096960
1403638157395097088
1403638157445096960
1403638158495097088
1403638158545096960
1403638158595097088
1403638158645096960
1403638158695097088
1403638159745096960
1403638159795097088
1403638159845096960
1403638159895097088
1403638159945096960
1403638160995097088
1403638161045096960
1403638161095097088
1403638161145096960
1403638161195097088
1403638162245096960
1403638162295097088
1403638162345096960
1403638162395097088
1403638162445096960
1403638163495097088
1403638163545096960
1403638163595097088
1403638163645096960
1403638163695097088
1403638164745096960
1403638164795097088
1403638164845096960
1403638164895097088
1403638164945096960
1403638165995097088
1403638166045096960
1403638166095097088
1403638166145096960
1403638166195097088
1403638167245096960
1403638167295097088
1403638167345096960
1403638167395097088
1403638167445096960
1403638168495097088
1403638168545096960
1403638168595097088
1403638168645096960
1403638168695097088
1403638169745096960
1403638169795097088
1403638169845096960
1403638169895097088
1403638169945096960
1403638170995097088
1403638171045096960
1403638171095097088
1403638171145096960
1403638171195097088
1403638172245096960
1403638172295097088
1403638172345096960
1403638172395097088
1403638172445096960
1403638173495097088
1403638173545096960
1403638173595097088
1403638173645096960
1403638173695097088
1403638174745096960
1403638174795097088
1403638174845096960
1403638174895097088
1403638174945096960
1403638175995097088
1403638176045096960
1403638176095097088
1403638176145096960
1403638176195097088
1403638177245096960
1403638177295097088
1403638177345096960
1403638177395097088
1403638177445096960
1403638178495097088
1403638178545096960
1403638178595097088
1403638178645096960
1403638178695097088
1403638179745096960
1403638179795097088
1403638179845096960
1403638179895097088
1403638179945096960
1403638180995097088
1403638181045096960
1403638181095097088
1403638181145096960
1403638181195097088
1403638182245096960
1403638182295097088
1403638182345096960
1403638182395097088
1403638182445096960
1403638183495097088
1403638183545096960
1403638183595097088
1403638183645096960
1403638183695097088
1403638184745096960
1403638184795097088
1403638184845096960
1403638184895097088
1403638184945096960
1403638185995097088
1403638186045096960
1403638186095097088
1403638186145096960
1403638186195097088
1403638187245096960
1403638187295097088
1403638187345096960
1403638187395097088
1403638187445096960
1403638188495097088
1403638188545096960
1403638188595097088
1403638188645096960
1403638188695097088
1403638189745096960
1403638189795097088
1403638189845096960
1403638189895097088
1403638189945096960
1403638190995097088
1403638191045096960
1403638191095097088
1403638191145096960
1403638191195097088
1403638192245096960
1403638192295097088
1403638192345096960
1403638192395097088
1403638192445096960
1403638193495097088
1403638193545096960
1403638193595097088
1403638193645096960
1403638193695097088
1403638194745096960
1403638194795097088
1403638194845096960
1403638194895097088
1403638194945096960
1403638195995097088
1403638196045096960
1403638196095097088
1403638196145096960
1403638196195097088
1403638197245096960
1403638197295097088
1403638197345096960
1403638197395097088
1403638197445096960
1403638198495097088
1403638198545096960
1403638198595097088
1403638198645096960
1403638198695097088
1403638199745096960
1403638199795097088
1403638199845096960
1403638199895097088
1403638199945096960
1403638200995097088
1403638201045096960
1403638201095097088
1403638201145096960
1403638201195097088
1403638202245096960
1403638202295097088
1403638202345096960
1403638202395097088
1403638202445096960
1403638203495097088
1403638203545096960
1403638203595097088
1403638203645096960
1403638203695097088
1403638204745096960
1403638204795097088
1403638204845096960
1403638204895097088
1403638204945096960
1403638205995097088
1403638206045096960
1403638206095097088
1403638206145096960
1403638206195097088
1403638207245096960
1403638207295097088
1403638207345096960
1403638207395097088
1403638207445096960
1403638208495097088
1403638208545096960
1403638208595097088
1403638208645096960
1403638208695097088
1403638209745096960
1403638209795097088
1403638209845096960
1403638209895097088
1403638209945096960
1403638210995097088
1403638211045096960
1403638211095097088
1403638211145096960
1403638211195097088
1403638212245096960
1403638212295097088
1403638212345096960
1403638212395097088
1403638212445096960
1403638213495097088
1403638213545096960
1403638213595097088
1403638213645096960
1403638213695097088
1403638214745096960
1403638214795097088
1403638214845096960
1403638214895097088
1403638214945096960
1403638215995097088
1403638216045096960
1403638216095097088
1403638216145096960
1403638216195097088
1403638217245096960
1403638217295097088
1403638217345096960
1403638217395097088
1403638217445096960
1403638218495097088
1403638218545096960
1403638218595097088
1403638218645096960
1403638218695097088
1403638219745096960
1403638219795097088
1403638219845096960
1403638219895097088
1403638219945096960
1403638220995097088
1403638221045096960
1403638221095097088
1403638221145096960
1403638221195097088
1403638222245096960
1403638222295097088
1403638222345096960
1403638222395097088
1403638222445096960
1403638223495097088
1403638223545096960
1403638223595097088
1403638223645096960
1403638223695097088
1403638224745096960
1403638224795097088
1403638224845096960
1403638224895097088
1403638224945096960
1403638225995097088
1403638226045096960
1403638226095097088
1403638226145096960
1403638226195097088
1403638227245096960
1403638227295097088
1403638227345096960
1403638227395097088
1403638227445096960
1403638228495097088
1403638228545096960
1403638228595097088
1403638228645096960
1403638228695097088
