1403638127245096960
1403638127295097088
1403638127445096960
1403638127495097088
1403638127645096960
1403638127695097088
1403638127845096960
1403638127895097088
1403638128045096960
1403638128095097088
1403638128245096960
1403638128295097088
1403638128445096960
1403638128495097088
1403638128645096960
1403638128695097088
1403638128845096960
1403638128895097088
1403638129045096960
1403638129095097088
1403638129245096960
1403638129295097088
1403638129445096960
1403638129495097088
1403638129645096960
1403638129695097088
1403638129845096960
1403638129895097088
1403638130045096960
1403638130095097088
1403638130245096960
1403638130295097088
1403638130445096960
1403638130495097088
1403638130645096960
1403638130695097088
1403638130845096960
1403638130895097088
1403638131045096960
1403638131095097088
1403638131245096960
1403638131295097088
1403638131445096960
1403638131495097088
1403638131645096960
1403638131695097088
1403638131845096960
1403638131895097088
1403638132045096960
1403638132095097088
1403638132245096960
1403638132295097088
1403638132445096960
1403638132495097088
1403638132645096960
1403638132695097088
1403638132845096960
1403638132895097088
1403638133045096960
1403638133095097088
1403638133245096960
1403638133295097088
1403638133445096960
1403638133495097088
1403638133645096960
1403638133695097088
1403638133845096960
1403638133895097088
1403638134045096960
1403638134095097088
1403638134245096960
1403638134295097088
1403638134445096960
1403638134495097088
1403638134645096960
1403638134695097088
1403638134845096960
1403638134895097088
1403638135045096960
1403638135095097088
1403638135245096960
1403638135295097088
1403638135445096960
1403638135495097088
1403638135645096960
1403638135695097088
1403638135845096960
1403638135895097088
1403638136045096960
1403638136095097088
1403638136245096960
1403638136295097088
1403638136445096960
1403638136495097088
1403638136645096960
1403638136695097088
1403638136845096960
1403638136895097088
1403638137045096960
1403638137095097088
1403638137245096960
1403638137295097088
1403638137445096960
1403638137495097088
1403638137645096960
1403638137695097088
1403638137845096960
1403638137895097088
1403638138045096960
1403638138095097088
1403638138245096960
1403638138295097088
1403638138445096960
1403638138495097088
1403638138645096960
1403638138695097088
1403638138845096960
1403638138895097088
1403638139045096960
1403638139095097088
1403638139245096960
1403638139295097088
1403638139445096960
1403638139495097088
1403638139645096960
1403638139695097088
1403638139845096960
1403638139895097088
1403638140045096960
1403638140095097088
1403638140245096960
1403638140295097088
1403638140445096960
1403638140495097088
1403638140645096960
1403638140695097088
1403638140845096960
1403638140895097088
1403638141045096960
1403638141095097088
1403638141245096960
1403638141295097088
1403638141445096960
1403638141495097088
1403638141645096960
1403638141695097088
1403638141845096960
1403638141895097088
1403638142045096960
1403638142095097088
1403638142245096960
1403638142295097088
1403638142445096960
1403638142495097088
1403638142645096960
1403638142695097088
1403638142845096960
1403638142895097088
1403638143045096960
1403638143095097088
1403638143245096960
1403638143295097088
1403638143445096960
1403638143495097088
1403638143645096960
1403638143695097088
1403638143845096960
1403638143895097088
1403638144045096960
1403638144095097088
1403638144245096960
1403638144295097088
1403638144445096960
1403638144495097088
1403638144645096960
1403638144695097088
1403638144845096960
1403638144895097088
1403638145045096960
1403638145095097088
1403638145245096960
1403638145295097088
1403638145445096960
1403638145495097088
1403638145645096960
1403638145695097088
1403638145845096960
1403638145895097088
1403638146045096960
1403638146095097088
1403638146245096960
1403638146295097088
1403638146445096960
1403638146495097088
1403638146645096960
1403638146695097088
1403638146845096960
1403638146895097088
1403638147045096960
1403638147095097088
1403638147245096960
1403638147295097088
1403638147445096960
1403638147495097088
1403638147645096960
1403638147695097088
1403638147845096960
1403638147895097088
1403638148045096960
1403638148095097088
1403638148245096960
1403638148295097088
1403638148445096960
1403638148495097088
1403638148645096960
1403638148695097088
1403638148845096960
1403638148895097088
1403638149045096960
1403638149095097088
1403638149245096960
1403638149295097088
1403638149445096960
1403638149495097088
1403638149645096960
1403638149695097088
1403638149845096960
1403638149895097088
1403638150045096960
1403638150095097088
1403638150245096960
1403638150295097088
1403638150445096960
1403638150495097088
1403638150645096960
1403638150695097088
1403638150845096960
1403638150895097088
1403638151045096960
1403638151095097088
1403638151245096960
1403638151295097088
1403638151445096960
1403638151495097088
1403638151645096960
1403638151695097088
1403638151845096960
1403638151895097088
1403638152045096960
1403638152095097088
1403638152245096960
1403638152295097088
1403638152445096960
1403638152495097088
1403638152645096960
1403638152695097088
1403638152845096960
1403638152895097088
1403638153045096960
1403638153095097088
1403638153245096960
1403638153295097088
1403638153445096960
1403638153495097088
1403638153645096960
1403638153695097088
1403638153845096960
1403638153895097088
1403638154045096960
1403638154095097088
1403638154245096960
1403638154295097088
1403638154445096960
1403638154495097088
1403638154645096960
1403638154695097088
1403638154845096960
1403638154895097088
1403638155045096960
1403638155095097088
1403638155245096960
1403638155295097088
1403638155445096960
1403638155495097088
1403638155645096960
1403638155695097088
1403638155845096960
1403638155895097088
1403638156045096960
1403638156095097088
1403638156245096960
1403638156295097088
1403638156445096960
1403638156495097088
1403638156645096960
1403638156695097088
1403638156845096960
1403638156895097088
1403638157045096960
1403638157095097088
1403638157245096960
1403638157295097088
1403638157445096960
1403638157495097088
1403638157645096960
1403638157695097088
1403638157845096960
1403638157895097088
1403638158045096960
1403638158095097088
1403638158245096960
1403638158295097088
1403638158445096960
1403638158495097088
1403638158645096960
1403638158695097088
1403638158845096960
1403638158895097088
1403638159045096960
1403638159095097088
1403638159245096960
1403638159295097088
1403638159445096960
1403638159495097088
1403638159645096960
1403638159695097088
1403638159845096960
1403638159895097088
1403638160045096960
1403638160095097088
1403638160245096960
1403638160295097088
1403638160445096960
1403638160495097088
1403638160645096960
1403638160695097088
1403638160845096960
1403638160895097088
1403638161045096960
1403638161095097088
1403638161245096960
1403638161295097088
1403638161445096960
1403638161495097088
1403638161645096960
1403638161695097088
1403638161845096960
1403638161895097088
1403638162045096960
1403638162095097088
1403638162245096960
1403638162295097088
1403638162445096960
1403638162495097088
1403638162645096960
1403638162695097088
1403638162845096960
1403638162895097088
1403638163045096960
1403638163095097088
1403638163245096960
1403638163295097088
1403638163445096960
1403638163495097088
1403638163645096960
1403638163695097088
1403638163845096960
1403638163895097088
1403638164045096960
1403638164095097088
1403638164245096960
1403638164295097088
1403638164445096960
1403638164495097088
1403638164645096960
1403638164695097088
1403638164845096960
1403638164895097088
1403638165045096960
1403638165095097088
1403638165245096960
1403638165295097088
1403638165445096960
1403638165495097088
1403638165645096960
1403638165695097088
1403638165845096960
1403638165895097088
1403638166045096960
1403638166095097088
1403638166245096960
1403638166295097088
1403638166445096960
1403638166495097088
1403638166645096960
1403638166695097088
1403638166845096960
1403638166895097088
1403638167045096960
1403638167095097088
1403638167245096960
1403638167295097088
1403638167445096960
1403638167495097088
1403638167645096960
1403638167695097088
1403638167845096960
1403638167895097088
1403638168045096960
1403638168095097088
1403638168245096960
1403638168295097088
1403638168445096960
1403638168495097088
1403638168645096960
1403638168695097088
1403638168845096960
1403638168895097088
1403638169045096960
1403638169095097088
1403638169245096960
1403638169295097088
1403638169445096960
1403638169495097088
1403638169645096960
1403638169695097088
1403638169845096960
1403638169895097088
1403638170045096960
1403638170095097088
1403638170245096960
1403638170295097088
1403638170445096960
1403638170495097088
1403638170645096960
1403638170695097088
1403638170845096960
1403638170895097088
1403638171045096960
1403638171095097088
1403638171245096960
1403638171295097088
1403638171445096960
1403638171495097088
1403638171645096960
1403638171695097088
1403638171845096960
1403638171895097088
1403638172045096960
1403638172095097088
1403638172245096960
1403638172295097088
1403638172445096960
1403638172495097088
1403638172645096960
1403638172695097088
1403638172845096960
1403638172895097088
1403638173045096960
1403638173095097088
1403638173245096960
1403638173295097088
1403638173445096960
1403638173495097088
1403638173645096960
1403638173695097088
1403638173845096960
1403638173895097088
1403638174045096960
1403638174095097088
1403638174245096960
1403638174295097088
1403638174445096960
1403638174495097088
1403638174645096960
1403638174695097088
1403638174845096960
1403638174895097088
1403638175045096960
1403638175095097088
1403638175245096960
1403638175295097088
1403638175445096960
1403638175495097088
1403638175645096960
1403638175695097088
1403638175845096960
1403638175895097088
1403638176045096960
1403638176095097088
1403638176245096960
1403638176295097088
1403638176445096960
1403638176495097088
1403638176645096960
1403638176695097088
1403638176845096960
1403638176895097088
1403638177045096960
1403638177095097088
1403638177245096960
1403638177295097088
1403638177445096960
1403638177495097088
1403638177645096960
1403638177695097088
1403638177845096960
1403638177895097088
1403638178045096960
1403638178095097088
1403638178245096960
1403638178295097088
1403638178445096960
1403638178495097088
1403638178645096960
1403638178695097088
1403638178845096960
1403638178895097088
1403638179045096960
1403638179095097088
1403638179245096960
1403638179295097088
1403638179445096960
1403638179495097088
1403638179645096960
1403638179695097088
1403638179845096960
1403638179895097088
1403638180045096960
1403638180095097088
1403638180245096960
1403638180295097088
1403638180445096960
1403638180495097088
1403638180645096960
1403638180695097088
1403638180845096960
1403638180895097088
1403638181045096960
1403638181095097088
1403638181245096960
1403638181295097088
1403638181445096960
1403638181495097088
1403638181645096960
1403638181695097088
1403638181845096960
1403638181895097088
1403638182045096960
1403638182095097088
1403638182245096960
1403638182295097088
1403638182445096960
1403638182495097088
1403638182645096960
1403638182695097088
1403638182845096960
1403638182895097088
1403638183045096960
1403638183095097088
1403638183245096960
1403638183295097088
1403638183445096960
1403638183495097088
1403638183645096960
1403638183695097088
1403638183845096960
1403638183895097088
1403638184045096960
1403638184095097088
1403638184245096960
1403638184295097088
1403638184445096960
1403638184495097088
1403638184645096960
1403638184695097088
1403638184845096960
1403638184895097088
1403638185045096960
1403638185095097088
1403638185245096960
1403638185295097088
1403638185445096960
1403638185495097088
1403638185645096960
1403638185695097088
1403638185845096960
1403638185895097088
1403638186045096960
1403638186095097088
1403638186245096960
1403638186295097088
1403638186445096960
1403638186495097088
1403638186645096960
1403638186695097088
1403638186845096960
1403638186895097088
1403638187045096960
1403638187095097088
1403638187245096960
1403638187295097088
1403638187445096960
1403638187495097088
1403638187645096960
1403638187695097088
1403638187845096960
1403638187895097088
1403638188045096960
1403638188095097088
1403638188245096960
1403638188295097088
1403638188445096960
1403638188495097088
1403638188645096960
1403638188695097088
1403638188845096960
1403638188895097088
1403638189045096960
1403638189095097088
1403638189245096960
1403638189295097088
1403638189445096960
1403638189495097088
1403638189645096960
1403638189695097088
1403638189845096960
1403638189895097088
1403638190045096960
1403638190095097088
1403638190245096960
1403638190295097088
1403638190445096960
1403638190495097088
1403638190645096960
1403638190695097088
1403638190845096960
1403638190895097088
1403638191045096960
1403638191095097088
1403638191245096960
1403638191295097088
1403638191445096960
1403638191495097088
1403638191645096960
1403638191695097088
1403638191845096960
1403638191895097088
1403638192045096960
1403638192095097088
1403638192245096960
1403638192295097088
1403638192445096960
1403638192495097088
1403638192645096960
1403638192695097088
1403638192845096960
1403638192895097088
1403638193045096960
1403638193095097088
1403638193245096960
1403638193295097088
1403638193445096960
1403638193495097088
1403638193645096960
1403638193695097088
1403638193845096960
1403638193895097088
1403638194045096960
1403638194095097088
1403638194245096960
1403638194295097088
1403638194445096960
1403638194495097088
1403638194645096960
1403638194695097088
1403638194845096960
1403638194895097088
1403638195045096960
1403638195095097088
1403638195245096960
1403638195295097088
1403638195445096960
1403638195495097088
1403638195645096960
1403638195695097088
1403638195845096960
1403638195895097088
1403638196045096960
1403638196095097088
1403638196245096960
1403638196295097088
1403638196445096960
1403638196495097088
1403638196645096960
1403638196695097088
1403638196845096960
1403638196895097088
1403638197045096960
1403638197095097088
1403638197245096960
1403638197295097088
1403638197445096960
1403638197495097088
1403638197645096960
1403638197695097088
1403638197845096960
1403638197895097088
1403638198045096960
1403638198095097088
1403638198245096960
1403638198295097088
1403638198445096960
1403638198495097088
1403638198645096960
1403638198695097088
1403638198845096960
1403638198895097088
1403638199045096960
1403638199095097088
1403638199245096960
1403638199295097088
1403638199445096960
1403638199495097088
1403638199645096960
1403638199695097088
1403638199845096960
1403638199895097088
1403638200045096960
1403638200095097088
1403638200245096960
1403638200295097088
1403638200445096960
1403638200495097088
1403638200645096960
1403638200695097088
1403638200845096960
1403638200895097088
1403638201045096960
1403638201095097088
1403638201245096960
1403638201295097088
1403638201445096960
1403638201495097088
1403638201645096960
1403638201695097088
1403638201845096960
1403638201895097088
1403638202045096960
1403638202095097088
1403638202245096960
1403638202295097088
1403638202445096960
1403638202495097088
1403638202645096960
1403638202695097088
1403638202845096960
1403638202895097088
1403638203045096960
1403638203095097088
1403638203245096960
1403638203295097088
1403638203445096960
1403638203495097088
1403638203645096960
1403638203695097088
1403638203845096960
1403638203895097088
1403638204045096960
1403638204095097088
1403638204245096960
1403638204295097088
1403638204445096960
1403638204495097088
1403638204645096960
1403638204695097088
1403638204845096960
1403638204895097088
1403638205045096960
1403638205095097088
1403638205245096960
1403638205295097088
1403638205445096960
1403638205495097088
1403638205645096960
1403638205695097088
1403638205845096960
1403638205895097088
1403638206045096960
1403638206095097088
1403638206245096960
1403638206295097088
1403638206445096960
1403638206495097088
1403638206645096960
1403638206695097088
1403638206845096960
1403638206895097088
1403638207045096960
1403638207095097088
1403638207245096960
1403638207295097088
1403638207445096960
1403638207495097088
1403638207645096960
1403638207695097088
1403638207845096960
1403638207895097088
1403638208045096960
1403638208095097088
1403638208245096960
1403638208295097088
1403638208445096960
1403638208495097088
1403638208645096960
1403638208695097088
1403638208845096960
1403638208895097088
1403638209045096960
1403638209095097088
1403638209245096960
1403638209295097088
1403638209445096960
1403638209495097088
1403638209645096960
1403638209695097088
1403638209845096960
1403638209895097088
1403638210045096960
1403638210095097088
1403638210245096960
1403638210295097088
1403638210445096960
1403638210495097088
1403638210645096960
1403638210695097088
1403638210845096960
1403638210895097088
1403638211045096960
1403638211095097088
1403638211245096960
1403638211295097088
1403638211445096960
1403638211495097088
1403638211645096960
1403638211695097088
1403638211845096960
1403638211895097088
1403638212045096960
1403638212095097088
1403638212245096960
1403638212295097088
1403638212445096960
1403638212495097088
1403638212645096960
1403638212695097088
1403638212845096960
1403638212895097088
1403638213045096960
1403638213095097088
1403638213245096960
1403638213295097088
1403638213445096960
1403638213495097088
1403638213645096960
1403638213695097088
1403638213845096960
1403638213895097088
1403638214045096960
1403638214095097088
1403638214245096960
1403638214295097088
1403638214445096960
1403638214495097088
1403638214645096960
1403638214695097088
1403638214845096960
1403638214895097088
1403638215045096960
1403638215095097088
1403638215245096960
1403638215295097088
1403638215445096960
1403638215495097088
1403638215645096960
1403638215695097088
1403638215845096960
1403638215895097088
1403638216045096960
1403638216095097088
1403638216245096960
1403638216295097088
1403638216445096960
1403638216495097088
1403638216645096960
1403638216695097088
1403638216845096960
1403638216895097088
1403638217045096960
1403638217095097088
1403638217245096960
1403638217295097088
1403638217445096960
1403638217495097088
1403638217645096960
1403638217695097088
1403638217845096960
1403638217895097088
1403638218045096960
1403638218095097088
1403638218245096960
1403638218295097088
1403638218445096960
1403638218495097088
1403638218645096960
1403638218695097088
1403638218845096960
1403638218895097088
1403638219045096960
1403638219095097088
1403638219245096960
1403638219295097088
1403638219445096960
1403638219495097088
1403638219645096960
1403638219695097088
1403638219845096960
1403638219895097088
1403638220045096960
1403638220095097088
1403638220245096960
1403638220295097088
1403638220445096960
1403638220495097088
1403638220645096960
1403638220695097088
1403638220845096960
1403638220895097088
1403638221045096960
1403638221095097088
1403638221245096960
1403638221295097088
1403638221445096960
1403638221495097088
1403638221645096960
1403638221695097088
1403638221845096960
1403638221895097088
1403638222045096960
1403638222095097088
1403638222245096960
1403638222295097088
1403638222445096960
1403638222495097088
1403638222645096960
1403638222695097088
1403638222845096960
1403638222895097088
1403638223045096960
1403638223095097088
1403638223245096960
1403638223295097088
1403638223445096960
1403638223495097088
1403638223645096960
1403638223695097088
1403638223845096960
1403638223895097088
1403638224045096960
1403638224095097088
1403638224245096960
1403638224295097088
1403638224445096960
1403638224495097088
1403638224645096960
1403638224695097088
1403638224845096960
1403638224895097088
1403638225045096960
1403638225095097088
1403638225245096960
1403638225295097088
1403638225445096960
1403638225495097088
1403638225645096960
1403638225695097088
1403638225845096960
1403638225895097088
1403638226045096960
1403638226095097088
1403638226245096960
1403638226295097088
1403638226445096960
1403638226495097088
1403638226645096960
1403638226695097088
1403638226845096960
1403638226895097088
1403638227045096960
1403638227095097088
1403638227245096960
1403638227295097088
1403638227445096960
1403638227495097088
1403638227645096960
1403638227695097088
1403638227845096960
1403638227895097088
1403638228045096960
1403638228095097088
1403638228245096960
1403638228295097088
1403638228445096960
1403638228495097088
1403638228645096960
1403638228695097088
1403638228845096960

