1403638127245096960
1403638127295097088
1403638127345096960
1403638127395097088
1403638127445096960
1403638127495097088
1403638127545096960
1403638127595097088
1403638127645096960
1403638127695097088
1403638127745096960
1403638127795097088
1403638127845096960
1403638127895097088
1403638127945096960
1403638127995097088
1403638128045096960
1403638128095097088
1403638128145096960
1403638128195097088
1403638128245096960
1403638128295097088
1403638128345096960
1403638128395097088
1403638128445096960
1403638128495097088
1403638128545096960
1403638128595097088
1403638128645096960
1403638128695097088
1403638128745096960
1403638128795097088
1403638128845096960
1403638128895097088
1403638128945096960
1403638128995097088
1403638129045096960
1403638129095097088
1403638129145096960
1403638129195097088
1403638129245096960
1403638129295097088
1403638129345096960
1403638129395097088
1403638129445096960
1403638129495097088
1403638129545096960
1403638129595097088
1403638129645096960
1403638129695097088
1403638129745096960
1403638129795097088
1403638129845096960
1403638129895097088
1403638129945096960
1403638129995097088
1403638130045096960
1403638130095097088
1403638130145096960
1403638130195097088
1403638130245096960
1403638130295097088
1403638130345096960
1403638130395097088
1403638130445096960
1403638130495097088
1403638130545096960
1403638130595097088
1403638130645096960
1403638130695097088
1403638130745096960
1403638130795097088
1403638130845096960
1403638130895097088
1403638130945096960
1403638130995097088
1403638131045096960
1403638131095097088
1403638131145096960
1403638131195097088
1403638131245096960
1403638131295097088
1403638131345096960
1403638131395097088
1403638131445096960
1403638131495097088
1403638131545096960
1403638131595097088
1403638131645096960
1403638131695097088
1403638131745096960
1403638131795097088
1403638131845096960
1403638131895097088
1403638131945096960
1403638131995097088
1403638132045096960
1403638132095097088
1403638132145096960
1403638132195097088
1403638132245096960
1403638132295097088
1403638132345096960
1403638132395097088
1403638132445096960
1403638132495097088
1403638132545096960
1403638132595097088
1403638132645096960
1403638132695097088
1403638132745096960
1403638132795097088
1403638132845096960
1403638132895097088
1403638132945096960
1403638132995097088
1403638133045096960
1403638133095097088
1403638133145096960
1403638133195097088
1403638133245096960
1403638133295097088
1403638133345096960
1403638133395097088
1403638133445096960
1403638133495097088
1403638133545096960
1403638133595097088
1403638133645096960
1403638133695097088
1403638133745096960
1403638133795097088
1403638133845096960
1403638133895097088
1403638133945096960
1403638133995097088
1403638134045096960
1403638134095097088
1403638134145096960
1403638134195097088
1403638134245096960
1403638134295097088
1403638134345096960
1403638134395097088
1403638134445096960
1403638134495097088
1403638134545096960
1403638134595097088
1403638134645096960
1403638134695097088
1403638134745096960
1403638134795097088
1403638134845096960
1403638134895097088
1403638134945096960
1403638134995097088
1403638135045096960
1403638135095097088
1403638135145096960
1403638135195097088
1403638135245096960
1403638135295097088
1403638135345096960
1403638135395097088
1403638135445096960
1403638135495097088
1403638135545096960
1403638135595097088
1403638135645096960
1403638135695097088
1403638135745096960
1403638135795097088
1403638135845096960
1403638135895097088
1403638135945096960
1403638135995097088
1403638136045096960
1403638136095097088
1403638136145096960
1403638136195097088
1403638136245096960
1403638136295097088
1403638136345096960
1403638136395097088
1403638136445096960
1403638136495097088
1403638136545096960
1403638136595097088
1403638136645096960
1403638136695097088
1403638136745096960
1403638136795097088
1403638136845096960
1403638136895097088
1403638136945096960
1403638136995097088
1403638137045096960
1403638137095097088
1403638137145096960
1403638137195097088
1403638137245096960
1403638137295097088
1403638137345096960
1403638137395097088
1403638137445096960
1403638137495097088
1403638137545096960
1403638137595097088
1403638137645096960
1403638137695097088
1403638137745096960
1403638137795097088
1403638137845096960
1403638137895097088
1403638137945096960
1403638137995097088
1403638138045096960
1403638138095097088
1403638138145096960
1403638138195097088
1403638138245096960
1403638138295097088
1403638138345096960
1403638138395097088
1403638138445096960
1403638138495097088
1403638138545096960
1403638138595097088
1403638138645096960
1403638138695097088
1403638138745096960
1403638138795097088
1403638138845096960
1403638138895097088
1403638138945096960
1403638138995097088
1403638139045096960
1403638139095097088
1403638139145096960
1403638139195097088
1403638139245096960
1403638139295097088
1403638139345096960
1403638139395097088
1403638139445096960
1403638139495097088
1403638139545096960
1403638139595097088
1403638139645096960
1403638139695097088
1403638139745096960
1403638139795097088
1403638139845096960
1403638139895097088
1403638139945096960
1403638139995097088
1403638140045096960
1403638140095097088
1403638140145096960
1403638140195097088
1403638140245096960
1403638140295097088
1403638140345096960
1403638140395097088
1403638140445096960
1403638140495097088
1403638140545096960
1403638140595097088
1403638140645096960
1403638140695097088
1403638140745096960
1403638140795097088
1403638140845096960
1403638140895097088
1403638140945096960
1403638140995097088
1403638141045096960
1403638141095097088
1403638141145096960
1403638141195097088
1403638141245096960
1403638141295097088
1403638141345096960
1403638141395097088
1403638141445096960
1403638141495097088
1403638141545096960
1403638141595097088
1403638141645096960
1403638141695097088
1403638141745096960
1403638141795097088
1403638141845096960
1403638141895097088
1403638141945096960
1403638141995097088
1403638142045096960
1403638142095097088
1403638142145096960
1403638142195097088
1403638142245096960
1403638142295097088
1403638142345096960
1403638142395097088
1403638142445096960
1403638142495097088
1403638142545096960
1403638142595097088
1403638142645096960
1403638142695097088
1403638142745096960
1403638142795097088
1403638142845096960
1403638142895097088
1403638142945096960
1403638142995097088
1403638143045096960
1403638143095097088
1403638143145096960
1403638143195097088
1403638143245096960
1403638143295097088
1403638143345096960
1403638143395097088
1403638143445096960
1403638143495097088
1403638143545096960
1403638143595097088
1403638143645096960
1403638143695097088
1403638143745096960
1403638143795097088
1403638143845096960
1403638143895097088
1403638143945096960
1403638143995097088
1403638144045096960
1403638144095097088
1403638144145096960
1403638144195097088
1403638144245096960
1403638144295097088
1403638144345096960
1403638144395097088
1403638144445096960
1403638144495097088
1403638144545096960
1403638144595097088
1403638144645096960
1403638144695097088
1403638144745096960
1403638144795097088
1403638144845096960
1403638144895097088
1403638144945096960
1403638144995097088
1403638145045096960
1403638145095097088
1403638145145096960
1403638145195097088
1403638145245096960
1403638145295097088
1403638145345096960
1403638145395097088
1403638145445096960
1403638145495097088
1403638145545096960
1403638145595097088
1403638145645096960
1403638145695097088
1403638145745096960
1403638145795097088
1403638145845096960
1403638145895097088
1403638145945096960
1403638145995097088
1403638146045096960
1403638146095097088
1403638146145096960
1403638146195097088
1403638146245096960
1403638146295097088
1403638146345096960
1403638146395097088
1403638146445096960
1403638146495097088
1403638146545096960
1403638146595097088
1403638146645096960
1403638146695097088
1403638146745096960
1403638146795097088
1403638146845096960
1403638146895097088
1403638146945096960
1403638146995097088
1403638147045096960
1403638147095097088
1403638147145096960
1403638147195097088
