1403638127245096960
1403638127295097088
1403638127345096960
1403638127395097088
1403638127445096960
1403638127495097088
1403638127545096960
1403638127595097088
1403638127645096960
1403638127695097088
1403638127745096960
1403638127795097088
1403638127845096960
1403638127895097088
1403638127945096960
1403638127995097088
1403638128045096960
1403638128095097088
1403638128145096960
1403638128195097088
1403638128245096960
1403638128295097088
1403638128345096960
1403638128395097088
1403638128445096960
1403638128495097088
1403638128545096960
1403638128595097088
1403638128645096960
1403638128695097088
1403638128745096960
1403638128795097088
1403638128845096960
1403638128895097088
1403638128945096960
1403638128995097088
1403638129045096960
1403638129095097088
1403638129145096960
1403638129195097088
1403638129245096960
1403638129295097088
1403638129345096960
1403638129395097088
1403638129445096960
1403638129495097088
1403638129545096960
1403638129595097088
1403638129645096960
1403638129695097088
1403638129745096960
1403638129795097088
1403638129845096960
1403638129895097088
1403638129945096960
1403638129995097088
1403638130045096960
1403638130095097088
1403638130145096960
1403638130195097088
1403638130245096960
1403638130295097088
1403638130345096960
1403638130395097088
1403638130445096960
1403638130495097088
1403638130545096960
1403638130595097088
1403638130645096960
1403638130695097088
1403638130745096960
1403638130795097088
1403638130845096960
1403638130895097088
1403638130945096960
1403638130995097088
1403638131045096960
1403638131095097088
1403638131145096960
1403638131195097088
1403638131245096960
1403638131295097088
1403638131345096960
1403638131395097088
1403638131445096960
1403638131495097088
1403638131545096960
1403638131595097088
1403638131645096960
1403638131695097088
1403638131745096960
1403638131795097088
1403638131845096960
1403638131895097088
1403638131945096960
1403638131995097088
1403638132045096960
1403638132095097088
1403638132145096960
1403638132195097088
1403638132245096960
1403638132295097088
1403638132345096960
1403638132395097088
1403638132445096960
1403638132495097088
1403638132545096960
1403638132595097088
1403638132645096960
1403638132695097088
1403638132745096960
1403638132795097088
1403638132845096960
1403638132895097088
1403638132945096960
1403638132995097088
1403638133045096960
1403638133095097088
1403638133145096960
1403638133195097088
1403638133245096960
1403638133295097088
1403638133345096960
1403638133395097088
1403638133445096960
1403638133495097088
1403638133545096960
1403638133595097088
1403638133645096960
1403638133695097088
1403638133745096960
1403638133795097088
1403638133845096960
1403638133895097088
1403638133945096960
1403638133995097088
1403638134045096960
1403638134095097088
1403638134145096960
1403638134195097088
1403638134245096960
1403638134295097088
1403638134345096960
1403638134395097088
1403638134445096960
1403638134495097088
1403638134545096960
1403638134595097088
1403638134645096960
1403638134695097088
1403638134745096960
1403638134795097088
1403638134845096960
1403638134895097088
1403638134945096960
1403638134995097088
1403638135045096960
1403638135095097088
1403638135145096960
1403638135195097088
1403638135245096960
1403638135295097088
1403638135345096960
1403638135395097088
1403638135445096960
1403638135495097088
1403638135545096960
1403638135595097088
1403638135645096960
1403638135695097088
1403638135745096960
1403638135795097088
1403638135845096960
1403638135895097088
1403638135945096960
1403638135995097088
1403638136045096960
1403638136095097088
1403638136145096960
1403638136195097088
1403638136245096960
1403638136295097088
1403638136345096960
1403638136395097088
1403638136445096960
1403638136495097088
1403638136545096960
1403638136595097088
1403638136645096960
1403638136695097088
1403638136745096960
1403638136795097088
1403638136845096960
1403638136895097088
1403638136945096960
1403638136995097088
1403638137045096960
1403638137095097088
1403638137145096960
1403638137195097088
