1403638518077829376, 1403638523077829376
1403638518077829376, 1403638528077829376
1403638518077829376, 1403638533077829376
1403638518077829376, 1403638538077829376
1403638518077829376, 1403638543077829376
1403638518077829376, 1403638548077829376
1403638518077829376, 1403638553077829376
1403638518077829376, 1403638558077829376
1403638518077829376, 1403638563077829376
1403638518077829376, 1403638568077829376
1403638518077829376, 1403638573077829376
1403638518077829376, 1403638578077829376
1403638518077829376, 1403638583077829376
1403638518077829376, 1403638588077829376
1403638518077829376, 1403638593077829376
1403638518077829376, 1403638598077829376
1403638518077829376, 1403638603077829376
1403638518077829376, 1403638608077829376
1403638518077829376, 1403638613077829376
1403638518077829376, 1403638618077829376
1403638518077829376, 1403638623077829376
1403638518077829376, 1403638628077829376
