1403638578077829376, 1403638605577829376
1403638578077829376, 1403638605577829376
1403638578077829376, 1403638605577829376
1403638578077829376, 1403638605577829376
1403638578077829376, 1403638605577829376
1403638578077829376, 1403638605577829376
1403638578077829376, 1403638605577829376
1403638578077829376, 1403638605577829376
1403638578077829376, 1403638605577829376
1403638578077829376, 1403638605577829376
1403638578077829376, 1403638605577829376
1403638578077829376, 1403638605577829376
1403638578077829376, 1403638605577829376
1403638578077829376, 1403638605577829376
1403638578077829376, 1403638605577829376
1403638578077829376, 1403638605577829376
1403638578077829376, 1403638605577829376
1403638578077829376, 1403638605577829376
1403638578077829376, 1403638605577829376
1403638578077829376, 1403638605577829376
1403638578077829376, 1403638605577829376
1403638578077829376, 1403638605577829376
