1403638193845096960.000000 1.822798252 -1.117800951 1.045880795 -0.015761575 -0.319151431 -0.030990774 0.947065711
1403638194045096960.000000 1.769968390 -1.110739470 1.026377201 -0.008037791 -0.318449587 -0.033987325 0.947296202
1403638194145096960.000000 1.741740942 -1.105807900 1.017071486 -0.017082147 -0.320212543 -0.031784907 0.946658254
1403638194245096960.000000 1.714418173 -1.101756215 1.008693695 -0.025346143 -0.321827531 -0.028831266 0.946019769
1403638194345096960.000000 1.689760685 -1.092309713 0.998395979 -0.024450220 -0.321105957 -0.030717082 0.946229160
1403638194445096960.000000 1.662977219 -1.085924149 0.986716509 -0.017740434 -0.320735872 -0.035014126 0.946354985
1403638194545096960.000000 1.635223389 -1.082478404 0.975587010 -0.010723767 -0.321381539 -0.037246577 0.946156204
1403638194695097088.000000 1.595331907 -1.074053168 0.958088517 0.001214748 -0.321682006 -0.041623481 0.945931673
1403638194845096960.000000 1.556672096 -1.069690108 0.940397739 0.012351923 -0.322917223 -0.043912888 0.945327222
1403638194995097088.000000 1.520746946 -1.063611388 0.925229371 0.018256307 -0.323898643 -0.043689594 0.944906116
1403638195145096960.000000 1.485586286 -1.054573178 0.915587604 0.022507904 -0.324614912 -0.043814451 0.944562793
1403638195345096960.000000 1.444611073 -1.040110469 0.905033886 0.045812812 -0.322106361 -0.054937638 0.943997085
1403638195595097088.000000 1.403061628 -1.021829844 0.900399208 0.012084639 -0.323461115 -0.044858702 0.945100307
1403638195795097088.000000 1.372962713 -1.009536862 0.902006507 0.010632397 -0.322742790 -0.045073774 0.945353031
1403638196045096960.000000 1.339937329 -1.002126336 0.903648496 0.027726028 -0.321085304 -0.049640812 0.945341885
1403638196295097088.000000 1.311228275 -1.009613752 0.909647465 0.009915097 -0.322547138 -0.041988738 0.945569634
1403638196595097088.000000 1.284236073 -1.017080903 0.921081126 0.013571756 -0.321909517 -0.046602093 0.945525408
1403638197195097088.000000 1.254572153 -1.020298600 0.966644883 0.006825604 -0.324737281 -0.042509500 0.944823802
1403638197495097088.000000 1.245209932 -1.037696242 0.989699066 -0.004581552 -0.331681490 -0.018969217 0.943189561
1403638197795097088.000000 1.227684617 -1.065720797 1.011292219 -0.007421556 -0.330252320 -0.019543318 0.943661153
1403638198195097088.000000 1.197329879 -1.079461336 1.045166850 -0.029731704 -0.324661821 -0.028447015 0.944934666
1403638198545096960.000000 1.168144107 -1.055299640 1.075716138 -0.008093724 -0.329538405 -0.015699843 0.943976939
1403638198895097088.000000 1.125472426 -1.029489279 1.106647849 -0.007801103 -0.344002545 0.033193208 0.938349426
1403638199295097088.000000 1.031512737 -1.025169253 1.148067117 -0.013255497 -0.340807766 0.021347744 0.939797103
1403638199695097088.000000 0.893193305 -1.041056514 1.184673548 -0.004451995 -0.332898676 0.027482009 0.942551553
1403638200095097088.000000 0.722885370 -1.064577341 1.226243973 -0.001452110 -0.291289538 0.002555166 0.956630409
1403638200445096960.000000 0.566808105 -1.082871675 1.267153859 -0.016598055 -0.242843583 0.043204267 0.968960702
1403638200795097088.000000 0.386017621 -1.104802728 1.294589758 -0.003996934 -0.206593186 0.081694439 0.975002229
1403638201095097088.000000 0.224898055 -1.114403963 1.317738175 -0.004612188 -0.179949746 0.056460001 0.982043326
1403638201395097088.000000 0.050105244 -1.116648316 1.348924398 -0.004932965 -0.181368083 0.047691204 0.982245803
1403638201795097088.000000 -0.176030844 -1.093165040 1.389760017 -0.011322939 -0.188532442 0.046348572 0.980907321
1403638202045096960.000000 -0.318446219 -1.070258141 1.410159111 -0.009517437 -0.177261442 0.044275373 0.983121276
1403638202245096960.000000 -0.435357571 -1.052651405 1.425436616 0.000686376 -0.159381673 0.030119075 0.986757219
1403638202395097088.000000 -0.519271374 -1.043788910 1.435579062 0.007836387 -0.152863890 0.028308537 0.987810612
1403638202545096960.000000 -0.600650012 -1.033339024 1.445080996 0.009728212 -0.148721263 0.025640888 0.988498807
1403638202645096960.000000 -0.652729094 -1.026045918 1.451616526 0.012579097 -0.147307485 0.023357809 0.988734901
1403638202795097088.000000 -0.729308367 -1.010185957 1.463763237 0.011870106 -0.148058608 0.024008607 0.988615870
1403638202945096960.000000 -0.803388476 -0.995166540 1.477690935 0.009726672 -0.149247497 0.024508109 0.988448262
1403638203095097088.000000 -0.874544621 -0.980978251 1.490135908 0.007391324 -0.149095818 0.023181275 0.988523364
1403638203245096960.000000 -0.944593430 -0.969661415 1.500714540 0.000028348 -0.151525557 0.029097550 0.988024950
1403638203445096960.000000 -1.032910347 -0.958627105 1.511336684 -0.005700817 -0.149255827 0.025738746 0.988447130
1403638203595097088.000000 -1.096939445 -0.947809100 1.517694592 -0.004257587 -0.147636771 0.021357734 0.988801837
1403638203795097088.000000 -1.179349661 -0.934621394 1.523328066 -0.002428012 -0.148021057 0.022726167 0.988720059
1403638203945096960.000000 -1.240083098 -0.928489268 1.525042534 -0.002201948 -0.147103354 0.023624321 0.988836527
1403638204145096960.000000 -1.317266822 -0.926196754 1.523378253 0.004365514 -0.143327519 0.019413698 0.989475250
