1403638194245096960.000000 10.264738083 -7.104125500 6.894041061 -0.033408709 -0.315531850 -0.031002969 0.947819769
1403638194395097088.000000 9.995352745 -7.043839455 6.812927723 -0.029191138 -0.316264659 -0.035009116 0.947575271
1403638194545096960.000000 9.749691010 -6.997401237 6.702155113 -0.018821353 -0.316097289 -0.039633851 0.947711647
1403638194695097088.000000 9.502399445 -6.956051826 6.587948322 -0.006311618 -0.316268355 -0.043938089 0.947630703
1403638194795097088.000000 9.336132050 -6.928663731 6.510211945 0.001026210 -0.317487359 -0.045187421 0.947184682
1403638194895097088.000000 9.180898666 -6.894210339 6.442685127 0.006539964 -0.318517596 -0.045633912 0.946795285
1403638194995097088.000000 9.036851883 -6.860923290 6.381866932 0.009474309 -0.318737060 -0.045861702 0.946685612
1403638195495097088.000000 8.404603958 -6.648666859 6.224494934 0.020767340 -0.317603797 -0.052019887 0.946567714
1403638195695097088.000000 8.212469101 -6.570735931 6.229956627 -0.000688052 -0.318516344 -0.045269642 0.946835518
1403638195895097088.000000 8.034234047 -6.509436607 6.234693050 0.011028819 -0.317132384 -0.048640657 0.947068930
1403638196095097088.000000 7.876931667 -6.495183468 6.248927593 0.018814936 -0.316135436 -0.050777510 0.947167397
1403638196345096960.000000 7.710449219 -6.547864437 6.281875610 -0.001375226 -0.317723364 -0.042013425 0.947251201
1403638196645096960.000000 7.548415184 -6.566157341 6.351094246 0.010701881 -0.316287071 -0.050848652 0.947239339
1403638196945096960.000000 7.431365013 -6.562997341 6.493279457 0.011926251 -0.317392856 -0.052171014 0.946782827
1403638197195097088.000000 7.374812126 -6.606009483 6.626057148 -0.001434438 -0.319852322 -0.044606786 0.946415722
1403638197495097088.000000 7.318607807 -6.719464779 6.765714169 -0.012865496 -0.326831579 -0.021251922 0.944756031
1403638197845096960.000000 7.183543205 -6.921108246 6.910020828 -0.018301213 -0.324315786 -0.024024701 0.945466638
1403638198195097088.000000 7.010652542 -6.987257481 7.096730709 -0.037838906 -0.320089012 -0.030940000 0.946125746
1403638198495097088.000000 6.850522518 -6.871194839 7.266203880 -0.019241501 -0.323684543 -0.023686625 0.945672810
1403638198845096960.000000 6.602281094 -6.705548763 7.465682507 -0.015574986 -0.340421379 0.030486157 0.939649582
1403638199195097088.000000 6.135045528 -6.650224209 7.675560474 -0.015156358 -0.337971479 0.020482570 0.940811336
1403638199545096960.000000 5.450685978 -6.727962494 7.890069485 -0.013241761 -0.341405869 0.027029898 0.939433932
1403638199895097088.000000 4.556315899 -6.878446579 8.080416679 -0.009914901 -0.304802626 0.000720407 0.952363670
1403638200245096960.000000 3.610086679 -6.952373981 8.300040245 -0.018542793 -0.269023448 0.018825855 0.962771058
1403638200595097088.000000 2.588194847 -7.047687531 8.487241745 -0.024103429 -0.223507196 0.058481149 0.972647667
1403638200895097088.000000 1.604258537 -7.169636250 8.614859581 -0.011584016 -0.193071276 0.077893607 0.978019357
1403638201195097088.000000 0.521348953 -7.235493660 8.791969299 -0.016615143 -0.175114170 0.046777930 0.983295858
1403638201445096960.000000 -0.378549099 -7.225057602 8.947285652 -0.017248752 -0.178790197 0.044107918 0.982746661
1403638201845096960.000000 -1.790594339 -7.062689781 9.187475204 -0.024260908 -0.183784992 0.041106366 0.981806874
1403638202045096960.000000 -2.463961363 -6.932025909 9.284792900 -0.021953227 -0.172062486 0.042588022 0.983920157
1403638202295097088.000000 -3.370487690 -6.815552711 9.389750481 -0.006602270 -0.151317373 0.028071785 0.988064468
1403638202545096960.000000 -4.234352112 -6.721060276 9.488444328 -0.001762571 -0.143349633 0.024228828 0.989373922
1403638202695097088.000000 -4.735569000 -6.656061649 9.546264648 0.001619935 -0.142225668 0.021347966 0.989602685
1403638202845096960.000000 -5.206450462 -6.569796085 9.613925934 0.000263899 -0.143017232 0.022752201 0.989458621
1403638202995097088.000000 -5.683644295 -6.472552776 9.699659348 -0.002150747 -0.144443154 0.021908624 0.989268184
1403638203145096960.000000 -6.129359722 -6.380924702 9.773114204 -0.005518977 -0.145456091 0.022862030 0.989085138
1403638203345096960.000000 -6.701131821 -6.309171677 9.841181755 -0.013874232 -0.145875663 0.025699543 0.988871753
1403638203495097088.000000 -7.120852470 -6.247035980 9.895501137 -0.015913341 -0.144598275 0.022904377 0.989097297
1403638203645096960.000000 -7.523462296 -6.180025101 9.922768593 -0.012658237 -0.143399552 0.019912831 0.989383578
1403638203795097088.000000 -7.914886951 -6.124837875 9.950580597 -0.013208007 -0.143706650 0.020869119 0.989312112
1403638203995097088.000000 -8.424377441 -6.079843998 9.956294060 -0.012952982 -0.142256767 0.020951955 0.989523232
1403638204195097088.000000 -8.918115616 -6.072370052 9.932050705 -0.004416270 -0.138232872 0.014213531 0.990287900
1403638204345096960.000000 -9.269032478 -6.082072735 9.912294388 0.004984082 -0.132704899 -0.004101240 0.991134584
1403638204545096960.000000 -9.683740616 -6.099031925 9.889008522 0.010810460 -0.130618036 -0.017481787 0.991219699
1403638204795097088.000000 -10.041153908 -6.061058044 9.902961731 0.007614633 -0.113960244 0.004697894 0.993445039
