1403638193495097088.000000 1.069534063 -0.641023040 0.958439350 -0.087925076 -0.456880182 -0.124144480 0.876423299
1403638193645096960.000000 1.056434989 -0.640318155 0.937246203 -0.083924800 -0.444122285 -0.123799883 0.883394361
1403638193895097088.000000 1.029771090 -0.625643790 0.906399012 -0.065871038 -0.424485087 -0.131651461 0.893387556
1403638194095097088.000000 1.009482026 -0.615942478 0.881867051 -0.066986926 -0.415230840 -0.129111543 0.898012400
1403638194295097088.000000 0.990111470 -0.606748104 0.858181477 -0.080758646 -0.408891648 -0.120867066 0.900931060
1403638194395097088.000000 0.979312003 -0.601567566 0.846382320 -0.074725740 -0.403200567 -0.123788878 0.903615892
1403638194595097088.000000 0.960238695 -0.593147218 0.819102287 -0.061507139 -0.392041832 -0.127988681 0.908921838
1403638194745096960.000000 0.949214995 -0.583853483 0.797328711 -0.049175646 -0.383466095 -0.130138338 0.913016737
1403638194895097088.000000 0.938640654 -0.574486017 0.774149954 -0.039682966 -0.376366556 -0.127950191 0.916734576
1403638195095097088.000000 0.926581800 -0.561950564 0.747123122 -0.034294199 -0.366675615 -0.124172784 0.921387017
1403638195245096960.000000 0.918800950 -0.551077247 0.727980733 -0.020943202 -0.357297421 -0.126927048 0.925088882
1403638195395097088.000000 0.908147633 -0.545104742 0.714832306 -0.008056053 -0.350322038 -0.129965439 0.927533567
1403638195545096960.000000 0.899720669 -0.539087832 0.704292655 -0.031695139 -0.348624170 -0.121318176 0.928837180
1403638195695097088.000000 0.891190827 -0.535472810 0.696178079 -0.042335812 -0.346866310 -0.114038214 0.929992855
1403638195845096960.000000 0.883827925 -0.532107234 0.687855363 -0.034556404 -0.341407299 -0.115734629 0.932122529
1403638196195097088.000000 0.867371500 -0.522143543 0.669620752 -0.031340674 -0.332773685 -0.112120666 0.935792923
1403638196345096960.000000 0.862061560 -0.521060646 0.662975073 -0.044207912 -0.331578076 -0.105885006 0.936424077
1403638196745096960.000000 0.847870231 -0.519374311 0.653991818 -0.022981124 -0.322309107 -0.117157228 0.939075589
1403638196945096960.000000 0.842522264 -0.520040572 0.658203661 -0.029032620 -0.323362827 -0.113064326 0.939047396
1403638197145096960.000000 0.838715494 -0.521675348 0.663671374 -0.042364985 -0.325063676 -0.107558958 0.938599944
1403638197345096960.000000 0.835902214 -0.528730273 0.668132901 -0.047607265 -0.331228256 -0.090656489 0.937978029
1403638197795097088.000000 0.824808002 -0.549759507 0.670805812 -0.056483403 -0.329855055 -0.085174538 0.938483119
1403638198045096960.000000 0.815576375 -0.559285760 0.672424316 -0.084276155 -0.323852777 -0.088981085 0.938136041
1403638198295097088.000000 0.804059327 -0.563121080 0.679956198 -0.069191672 -0.321308017 -0.092438892 0.939908862
1403638198595097088.000000 0.786246836 -0.562365651 0.692280769 -0.044470061 -0.331453681 -0.067940749 0.939970732
1403638198895097088.000000 0.761895895 -0.562571347 0.701594591 -0.039983917 -0.344778389 -0.027357923 0.937433004
1403638199145096960.000000 0.727225721 -0.568970084 0.709273577 -0.034307301 -0.343229592 -0.033762965 0.938017309
1403638199395097088.000000 0.682979643 -0.583166301 0.713065326 -0.039211094 -0.342193335 -0.034440283 0.938179135
1403638199695097088.000000 0.618062735 -0.602544487 0.717605889 -0.025537072 -0.331051677 -0.028793491 0.942827463
1403638199995097088.000000 0.533565879 -0.626403213 0.732485652 -0.022785157 -0.299632728 -0.056846764 0.952086926
1403638200295097088.000000 0.449158072 -0.643615425 0.755792022 -0.034707967 -0.268819064 -0.028630141 0.962139249
1403638200495097088.000000 0.390772521 -0.656615913 0.768112183 -0.040343065 -0.243639588 -0.005808196 0.969008982
1403638200695097088.000000 0.328711897 -0.671089649 0.777554452 -0.035290901 -0.223106444 0.020104324 0.973947585
1403638200895097088.000000 0.263344646 -0.686011076 0.786836028 -0.026160119 -0.203475073 0.025906073 0.978387654
1403638201095097088.000000 0.192877218 -0.698412776 0.798125565 -0.031562563 -0.186594084 0.001014096 0.981929421
1403638201245096960.000000 0.139284730 -0.705466151 0.807523489 -0.034864496 -0.183611989 -0.008391174 0.982344508
1403638201445096960.000000 0.068013579 -0.710634172 0.820357442 -0.033974972 -0.187690467 -0.007909894 0.981608570
1403638201645096960.000000 -0.004369676 -0.711098850 0.834514022 -0.039163552 -0.192484096 -0.007294323 0.980491161
1403638201795097088.000000 -0.056805640 -0.711449146 0.844190598 -0.038469367 -0.194515526 -0.008091331 0.980111420
1403638201945096960.000000 -0.109514356 -0.707165420 0.853843212 -0.038634438 -0.191285506 -0.010114531 0.980721653
1403638202095097088.000000 -0.163644820 -0.703951061 0.861940384 -0.037236731 -0.177347600 -0.012834518 0.983359814
1403638202245096960.000000 -0.218047917 -0.702069759 0.870061040 -0.029047105 -0.163871050 -0.022854682 0.985789120
1403638202395097088.000000 -0.271406889 -0.701539159 0.877159715 -0.022482410 -0.157235101 -0.024557410 0.986999810
1403638202595097088.000000 -0.339605689 -0.699512124 0.887003899 -0.020286277 -0.152205944 -0.028816694 0.987720311
1403638202745096960.000000 -0.387435496 -0.695237994 0.895135462 -0.018581513 -0.151469409 -0.029709112 0.987840652

