1403638192445096960.000000 21.266660690 -8.051602364 9.506124496 -0.008661847 -0.339551032 -0.102481127 0.934947968
1403638192545096960.000000 21.104547501 -8.104862213 9.557504654 -0.015446667 -0.338830560 -0.102908373 0.935074925
1403638192645096960.000000 20.892940521 -8.173662186 9.663980484 -0.027885204 -0.341081947 -0.100477666 0.934232175
1403638192795097088.000000 20.574928284 -8.273017883 9.781805038 -0.048078027 -0.341989905 -0.101510882 0.932966769
1403638192895097088.000000 20.354408264 -8.322784424 9.862089157 -0.063727126 -0.341086894 -0.104686439 0.932008207
1403638192995097088.000000 20.123802185 -8.372551918 9.928558350 -0.085591391 -0.337690324 -0.112002298 0.930642188
1403638193145096960.000000 19.777132034 -8.501271248 9.953424454 -0.085987397 -0.326202035 -0.115985982 0.934208572
1403638193295097088.000000 19.436985016 -8.643622398 9.905427933 -0.066575006 -0.316406757 -0.109135710 0.939970136
1403638193445096960.000000 19.075347900 -8.780541420 9.794694901 -0.057171471 -0.313171178 -0.095773883 0.943123877
1403638193595097088.000000 18.696506500 -8.861574173 9.665212631 -0.056972846 -0.309602499 -0.091744140 0.944713414
1403638193795097088.000000 18.178375244 -8.967907906 9.457686424 -0.032366950 -0.303607851 -0.100008704 0.946980953
1403638193995097088.000000 17.658399582 -9.001049995 9.241090775 -0.021030633 -0.302156031 -0.104561798 0.947273076
1403638194195097088.000000 17.148729324 -8.957599640 9.049192429 -0.033825014 -0.305872768 -0.099957019 0.946206272
1403638194395097088.000000 16.650144577 -8.885146141 8.851013184 -0.032981120 -0.305596858 -0.102613471 0.946040869
1403638194645096960.000000 15.995668411 -8.829621315 8.562196732 -0.015280659 -0.304845870 -0.109589741 0.945952237
1403638194895097088.000000 15.399814606 -8.805350304 8.285460472 0.003615457 -0.305776834 -0.112350821 0.945444226
1403638195145096960.000000 14.857476234 -8.724044800 8.080941200 0.010818250 -0.305681676 -0.112833396 0.945362508
1403638195395097088.000000 14.351041794 -8.594809532 7.966016293 0.033481877 -0.302031428 -0.122627437 0.944784880
1403638195645096960.000000 13.958578110 -8.483972549 7.933726311 -0.003961390 -0.305958658 -0.112740643 0.945337594
1403638195945096960.000000 13.539434433 -8.405405045 7.950296402 0.011855113 -0.302788228 -0.116752312 0.945805311
1403638196245096960.000000 13.206329346 -8.489839554 7.977253437 0.002125180 -0.304338574 -0.112288073 0.945920169
1403638196645096960.000000 12.860210419 -8.609110832 8.108008385 0.007585784 -0.303671956 -0.117598072 0.945460975
1403638196945096960.000000 12.681476593 -8.637952805 8.316226006 0.008956969 -0.304474682 -0.119063154 0.945007324
1403638197295097088.000000 12.580867767 -8.754694939 8.581977844 -0.008698113 -0.311013103 -0.102754250 0.944794536
1403638197645096960.000000 12.469871521 -9.047122955 8.798804283 -0.018873872 -0.315845728 -0.088724196 0.944464564
1403638197995097088.000000 12.272757530 -9.368764877 9.024785042 -0.041183524 -0.312194645 -0.093248390 0.944533288
1403638198395097088.000000 11.940896034 -9.313373566 9.354251862 -0.028525352 -0.310843259 -0.097144440 0.945053279
1403638198795097088.000000 11.514242172 -9.085252762 9.706848145 -0.017815573 -0.330438912 -0.040463280 0.942791283
1403638199195097088.000000 10.724078178 -9.071701050 10.046111107 -0.018547766 -0.327901185 -0.046827432 0.943368435
1403638199595097088.000000 9.541929245 -9.378043175 10.369466782 -0.014799635 -0.329158545 -0.039917823 0.943314493
1403638199995097088.000000 7.992132664 -9.815073967 10.672079086 -0.017251324 -0.285219282 -0.071109347 0.955665112
1403638200395097088.000000 6.302530766 -10.189420700 11.083779335 -0.039820001 -0.238903508 -0.034768127 0.969603360
1403638200745096960.000000 4.724526882 -10.572623253 11.270006180 -0.032762021 -0.200483218 0.009927965 0.979098856
1403638201045096960.000000 3.202027082 -10.910992622 11.468857765 -0.030710937 -0.172225162 -0.008501433 0.984542072
1403638201395097088.000000 1.383609772 -11.146659851 11.805494308 -0.034632184 -0.170092657 -0.020429537 0.984607399
1403638201695097088.000000 -0.167995453 -11.194090843 12.067469597 -0.041913770 -0.175359473 -0.021201396 0.983383358
1403638201995097088.000000 -1.709323168 -11.143007278 12.312232018 -0.041143309 -0.169279382 -0.021410195 0.984476149
1403638202145096960.000000 -2.538353205 -11.134087563 12.408672333 -0.036912989 -0.154812768 -0.028847395 0.986832440
1403638202395097088.000000 -3.860988617 -11.137354851 12.557718277 -0.025274634 -0.139408916 -0.036816210 0.989227414
1403638202595097088.000000 -4.859810352 -11.135664940 12.657844543 -0.023134580 -0.133916691 -0.040971722 0.989874959
1403638202695097088.000000 -5.331783772 -11.116053581 12.703264236 -0.020930927 -0.132811546 -0.042091373 0.990025938
1403638202845096960.000000 -6.029985428 -11.098363876 12.794795990 -0.021779532 -0.133767545 -0.040646885 0.989939272
1403638202995097088.000000 -6.723033428 -11.051749229 12.917369843 -0.023880128 -0.134843096 -0.041495107 0.989709675
1403638203145096960.000000 -7.389111519 -11.007159233 13.015007973 -0.026976507 -0.135971770 -0.040490031 0.989517331
1403638203295097088.000000 -8.018764496 -11.007081032 13.079258919 -0.034865476 -0.136857778 -0.037023894 0.989284396
