1403638193745096960.000000 0.824921548 -0.518138587 0.524244845 -0.038440913 -0.310565263 -0.035055932 0.949127257
1403638193845096960.000000 0.812277377 -0.517469108 0.519341469 -0.028979288 -0.309900671 -0.037544958 0.949585259
1403638193945096960.000000 0.799485326 -0.515852392 0.514545858 -0.023356138 -0.309890091 -0.039599717 0.949660182
1403638194145096960.000000 0.774657130 -0.513159692 0.505206823 -0.030254576 -0.311281145 -0.038611714 0.949051023
1403638194245096960.000000 0.762377501 -0.510986030 0.500805020 -0.038609739 -0.312829614 -0.035941109 0.948343396
1403638194345096960.000000 0.750549197 -0.507999301 0.496047884 -0.036839925 -0.312406957 -0.037593093 0.948489070
1403638194495097088.000000 0.731526136 -0.502845347 0.489218444 -0.027566692 -0.312162608 -0.044002555 0.948608637
1403638194645096960.000000 0.713195324 -0.499250025 0.480377078 -0.016800959 -0.312764287 -0.046662480 0.948535085
1403638194845096960.000000 0.689454973 -0.496511579 0.469530106 -0.000354837 -0.314187467 -0.050559811 0.948013604
1403638195295097088.000000 0.643329322 -0.482826501 0.453585386 0.027484007 -0.313267618 -0.059607107 0.947393835
1403638195495097088.000000 0.626519501 -0.476261497 0.451281816 0.015903231 -0.313928127 -0.056457341 0.947633266
1403638195795097088.000000 0.605967343 -0.468064755 0.451176554 -0.002486762 -0.313815564 -0.051889449 0.948061764
1403638195995097088.000000 0.592898965 -0.465229392 0.452326596 0.013847460 -0.312919021 -0.055790860 0.948038638
1403638196245096960.000000 0.580206156 -0.467659622 0.454098225 0.000515100 -0.313578725 -0.049877413 0.948251188
1403638196495097088.000000 0.569149256 -0.471073002 0.457324713 -0.005450546 -0.313577294 -0.049394213 0.948261440
1403638196745096960.000000 0.560140848 -0.471284479 0.463128507 0.014236772 -0.312372178 -0.059800088 0.947968841
1403638197345096960.000000 0.549654603 -0.477480650 0.485187918 -0.012574201 -0.320579708 -0.034293145 0.946517050
1403638197645096960.000000 0.542972803 -0.488578677 0.494783580 -0.021026986 -0.322848767 -0.026100488 0.945856929
1403638197995097088.000000 0.532130778 -0.502186775 0.506080985 -0.043239012 -0.317875206 -0.030399356 0.946658134
1403638198345096960.000000 0.518701196 -0.498831689 0.520137906 -0.035228081 -0.316733569 -0.035482150 0.947195768
1403638198745096960.000000 0.501127839 -0.484766573 0.537191391 -0.018805025 -0.334796339 0.016389495 0.941960275
1403638199095097088.000000 0.472241491 -0.478435963 0.552550554 -0.018270655 -0.334802270 0.018807953 0.941923499
1403638199445096960.000000 0.426991731 -0.481546491 0.567248344 -0.026757654 -0.335349202 0.018077789 0.941540301
1403638199795097088.000000 0.365955144 -0.491252959 0.580569386 -0.017594008 -0.311369002 0.007600769 0.950095832
1403638200195097088.000000 0.287999034 -0.499823004 0.598124027 -0.020044308 -0.272041440 0.008999704 0.962034643
1403638200545096960.000000 0.212955371 -0.508791983 0.611575365 -0.031223433 -0.225429818 0.049074616 0.972521544
1403638200895097088.000000 0.127819031 -0.519924998 0.623169065 -0.016891912 -0.190421566 0.074608915 0.978717446
1403638201145096960.000000 0.063660696 -0.523184359 0.633154035 -0.021028655 -0.171795011 0.048119068 0.983732104
1403638201395097088.000000 -0.002401322 -0.523075223 0.643534064 -0.022884289 -0.173449010 0.042854220 0.983643889
1403638201645096960.000000 -0.067157924 -0.518321157 0.653655767 -0.028691564 -0.177701607 0.042608134 0.982742846
1403638201895097088.000000 -0.130922705 -0.508872747 0.664258420 -0.029324517 -0.178620219 0.039848618 0.982673407
1403638202045096960.000000 -0.170714825 -0.502542555 0.669430017 -0.027800199 -0.168176100 0.040407252 0.984536052
1403638202195097088.000000 -0.212552279 -0.497392535 0.674381435 -0.020466411 -0.154497266 0.030300282 0.987316370
1403638202345096960.000000 -0.251102448 -0.492552489 0.678617001 -0.012310127 -0.144464180 0.023954144 0.989143431
1403638202495097088.000000 -0.289493620 -0.488479555 0.682187855 -0.008765494 -0.140938774 0.025029717 0.989663064
1403638202645096960.000000 -0.326219380 -0.483718842 0.686550856 -0.005145026 -0.138171315 0.020442851 0.990183949
1403638202795097088.000000 -0.361604035 -0.476576179 0.691620946 -0.005857340 -0.138818756 0.020804806 0.990081906
1403638202945096960.000000 -0.396280318 -0.469948858 0.697737217 -0.007994289 -0.140389174 0.021359980 0.989833713
1403638203095097088.000000 -0.429161459 -0.464325488 0.702904165 -0.009990341 -0.140125915 0.019876922 0.989883780
1403638203295097088.000000 -0.472220004 -0.457753122 0.708497107 -0.019989254 -0.142161831 0.025182875 0.989321113
1403638203495097088.000000 -0.512406230 -0.452582002 0.711995482 -0.022034205 -0.139765725 0.021489698 0.989706099
1403638203695097088.000000 -0.551836073 -0.446071923 0.714753687 -0.019381635 -0.138312399 0.017690688 0.990040958
1403638203895097088.000000 -0.589568138 -0.441424340 0.716666400 -0.020360412 -0.138783634 0.020233616 0.989906669
1403638204145096960.000000 -0.634995818 -0.438965380 0.716144025 -0.013511685 -0.134832680 0.016123705 0.990645051
1403638204345096960.000000 -0.669672966 -0.439843982 0.713920116 -0.001966998 -0.128310293 -0.005070160 0.991719186
