1403638192845096960.000000 4.112245560 -1.863281012 2.103760958 -0.061782505 -0.356409937 -0.098261476 0.927092016
1403638192945096960.000000 4.067077637 -1.877336979 2.124052286 -0.082984574 -0.353783101 -0.103865966 0.925830960
1403638193045096960.000000 4.019776344 -1.890506029 2.136573792 -0.098910406 -0.348362863 -0.110697657 0.925530136
1403638193195097088.000000 3.948518991 -1.905105829 2.139147043 -0.087621920 -0.337044686 -0.109197825 0.931020439
1403638193345096960.000000 3.879279137 -1.931876898 2.127547979 -0.070059828 -0.329433948 -0.099703230 0.936282098
1403638193495097088.000000 3.801738262 -1.960035801 2.102586985 -0.066664018 -0.326440901 -0.088335097 0.938716769
1403638193745096960.000000 3.667147160 -1.987756848 2.052666187 -0.046287332 -0.319185883 -0.093369655 0.941944778
1403638193895097088.000000 3.583376646 -1.989753842 2.022196293 -0.033852831 -0.317567945 -0.097343951 0.942618012
1403638194095097088.000000 3.474940777 -1.987704158 1.984916925 -0.033240478 -0.318582505 -0.097790740 0.942251146
1403638194345096960.000000 3.341021299 -1.971156478 1.937720060 -0.044654686 -0.320780754 -0.096107848 0.941206098
1403638194545096960.000000 3.234343052 -1.956501007 1.896231413 -0.031435478 -0.319738001 -0.102532059 0.941417336
1403638194795097088.000000 3.104018211 -1.946751475 1.839253664 -0.011297097 -0.319593340 -0.108242668 0.941284239
1403638195045096960.000000 2.983041286 -1.931628346 1.794981480 -0.001296559 -0.320883989 -0.109043881 0.940819442
1403638195295097088.000000 2.874377489 -1.907719612 1.766720057 0.019869292 -0.317316383 -0.118372075 0.940693140
1403638195545096960.000000 2.785583496 -1.884049416 1.757774353 -0.000330043 -0.318994731 -0.113923728 0.940884471
1403638195895097088.000000 2.680665016 -1.856698275 1.765670300 -0.001446477 -0.318699330 -0.111960582 0.941219151
1403638196245096960.000000 2.599502087 -1.871105433 1.777588129 -0.007267266 -0.319322675 -0.108338796 0.941404760
1403638196545096960.000000 2.546310186 -1.895595551 1.794438601 -0.011264857 -0.319281280 -0.110081822 0.941177189
1403638196845096960.000000 2.505850315 -1.898950696 1.828194976 0.007819728 -0.317273319 -0.118728064 0.940840125
1403638197195097088.000000 2.482028484 -1.918002844 1.884987831 -0.013546420 -0.322005510 -0.107765794 0.940486848
1403638197545096960.000000 2.463611364 -1.968287230 1.934850931 -0.026264014 -0.330130637 -0.085532896 0.939685106
1403638197895097088.000000 2.427770615 -2.033526421 1.977127671 -0.034928244 -0.327070057 -0.089021780 0.940149069
1403638198245096960.000000 2.375752926 -2.051900148 2.036741257 -0.047303431 -0.324416876 -0.094337180 0.940008819
1403638198645096960.000000 2.306066990 -2.009821892 2.108232021 -0.025333731 -0.335827053 -0.061571024 0.939567685
1403638199045096960.000000 2.176013708 -1.983493924 2.187578440 -0.024839876 -0.343854934 -0.037278734 0.937953651
1403638199445096960.000000 1.964812756 -2.020484209 2.261358738 -0.032993391 -0.343901277 -0.040176876 0.937565565
1403638199845096960.000000 1.675712585 -2.106657267 2.332095146 -0.024918633 -0.313168436 -0.057045851 0.947655201
1403638200245096960.000000 1.344497442 -2.185343742 2.407277584 -0.033883356 -0.273098528 -0.043507934 0.960404158
1403638200595097088.000000 1.024058819 -2.259380579 2.463198662 -0.041658256 -0.229764089 -0.002753918 0.972350478
1403638200945096960.000000 0.660173893 -2.347502708 2.504223824 -0.029467924 -0.194194093 0.012733898 0.980437756
1403638201195097088.000000 0.384160936 -2.401745796 2.550513744 -0.034083098 -0.180126384 -0.011305800 0.982987761
1403638201845096960.000000 -0.332476258 -2.425620079 2.680541992 -0.041789819 -0.188677579 -0.016097538 0.981017470
1403638202045096960.000000 -0.560467958 -2.415799379 2.717750549 -0.039461423 -0.178370714 -0.014882476 0.983059108
1403638202345096960.000000 -0.900764465 -2.408553123 2.763953447 -0.025812142 -0.153257817 -0.031325620 0.987352252
1403638202595097088.000000 -1.172789574 -2.407416821 2.796236753 -0.021054618 -0.147429407 -0.034060571 0.988261700
1403638202795097088.000000 -1.375580788 -2.395135164 2.829267979 -0.019270146 -0.147429526 -0.034283821 0.988290370
1403638202995097088.000000 -1.572565198 -2.378239632 2.867027283 -0.022735139 -0.148877025 -0.034326870 0.987998188
1403638203145096960.000000 -1.713860035 -2.367702246 2.892915249 -0.025736071 -0.150084272 -0.033498764 0.987770319
1403638203295097088.000000 -1.849547148 -2.364353895 2.912525177 -0.033881269 -0.151359245 -0.029644599 0.987453103
1403638203495097088.000000 -2.021873474 -2.360621452 2.933047056 -0.036244467 -0.149228215 -0.033355970 0.987575114
1403638203645096960.000000 -2.150871992 -2.351699829 2.948585510 -0.033440534 -0.148353979 -0.036133289 0.987708092
1403638203795097088.000000 -2.271074295 -2.346941471 2.958373308 -0.034168791 -0.148329675 -0.035118528 0.987723410
1403638203945096960.000000 -2.390758514 -2.348997355 2.962569237 -0.033820402 -0.147706017 -0.034198917 0.987861097
1403638204095097088.000000 -2.503278732 -2.355669737 2.958700418 -0.030161643 -0.144690409 -0.036138449 0.988356709
1403638204245096960.000000 -2.614917755 -2.366178513 2.956494093 -0.023649920 -0.140107542 -0.045655549 0.988800347
