1403638568077829376
1403638568127829504
1403638568177829376
1403638568227829504
1403638568277829376
1403638568327829504
1403638568377829376
1403638568427829504
1403638568477829376
1403638568527829504
1403638568577829376
1403638568627829504
1403638568677829376
1403638568727829504
1403638568777829376
1403638568827829504
1403638568877829376
1403638568927829504
1403638568977829376
1403638569027829504
1403638569077829376
1403638569127829504
1403638569177829376
1403638569227829504
1403638569277829376
1403638569327829504
1403638569377829376
1403638569427829504
1403638569477829376
1403638569527829504
1403638569577829376
1403638569627829504
1403638569677829376
1403638569727829504
1403638569777829376
1403638569827829504
1403638569877829376
1403638569927829504
1403638569977829376
1403638570027829504
1403638570077829376
1403638570127829504
1403638570177829376
1403638570227829504
1403638570277829376
1403638570327829504
1403638570377829376
1403638570427829504
1403638570477829376
1403638570527829504
1403638570577829376
1403638570627829504
1403638570677829376
1403638570727829504
1403638570777829376
1403638570827829504
1403638570877829376
1403638570927829504
1403638570977829376
1403638571027829504
1403638571077829376
1403638571127829504
1403638571177829376
1403638571227829504
1403638571277829376
1403638571327829504
1403638571377829376
1403638571427829504
1403638571477829376
1403638571527829504
1403638571577829376
1403638571627829504
1403638571677829376
1403638571727829504
1403638571777829376
1403638571827829504
1403638571877829376
1403638571927829504
1403638571977829376
1403638572027829504
1403638572077829376
1403638572127829504
1403638572177829376
1403638572227829504
1403638572277829376
1403638572327829504
1403638572377829376
1403638572427829504
1403638572477829376
1403638572527829504
1403638572577829376
1403638572627829504
1403638572677829376
1403638572727829504
1403638572777829376
1403638572827829504
1403638572877829376
1403638572927829504
1403638572977829376
1403638573027829504
