1403638127245096960, 1403638128245096960
1403638128245096960, 1403638129245096960
1403638129245096960, 1403638130245096960
1403638130245096960, 1403638131245096960
1403638131245096960, 1403638132245096960
1403638132245096960, 1403638133245096960
1403638133245096960, 1403638134245096960
1403638134245096960, 1403638135245096960
1403638135245096960, 1403638136245096960
1403638136245096960, 1403638137245096960
1403638137245096960, 1403638138245096960
1403638138245096960, 1403638139245096960
1403638139245096960, 1403638140245096960
1403638140245096960, 1403638141245096960
1403638141245096960, 1403638142245096960
1403638142245096960, 1403638143245096960
1403638143245096960, 1403638144245096960
1403638144245096960, 1403638145245096960
1403638145245096960, 1403638146245096960
1403638146245096960, 1403638147245096960
1403638147245096960, 1403638148245096960
1403638148245096960, 1403638149245096960
1403638149245096960, 1403638150245096960
1403638150245096960, 1403638151245096960
1403638151245096960, 1403638152245096960
1403638152245096960, 1403638153245096960
1403638153245096960, 1403638154245096960
1403638154245096960, 1403638155245096960
1403638155245096960, 1403638156245096960
1403638156245096960, 1403638157245096960
1403638157245096960, 1403638158245096960
1403638158245096960, 1403638159245096960
1403638159245096960, 1403638160245096960
1403638160245096960, 1403638161245096960
1403638161245096960, 1403638162245096960
1403638162245096960, 1403638163245096960
1403638163245096960, 1403638164245096960
1403638164245096960, 1403638165245096960
1403638165245096960, 1403638166245096960
1403638166245096960, 1403638167245096960
1403638167245096960, 1403638168245096960
1403638168245096960, 1403638169245096960
1403638169245096960, 1403638170245096960
1403638170245096960, 1403638171245096960
1403638171245096960, 1403638172245096960
1403638172245096960, 1403638173245096960
1403638173245096960, 1403638174245096960
1403638174245096960, 1403638175245096960
1403638175245096960, 1403638176245096960
1403638176245096960, 1403638177245096960
1403638177245096960, 1403638178245096960
1403638178245096960, 1403638179245096960
1403638179245096960, 1403638180245096960
1403638180245096960, 1403638181245096960
1403638181245096960, 1403638182245096960
1403638182245096960, 1403638183245096960
1403638183245096960, 1403638184245096960
1403638184245096960, 1403638185245096960
1403638185245096960, 1403638186245096960
1403638186245096960, 1403638187245096960
1403638187245096960, 1403638188245096960
1403638188245096960, 1403638189245096960
1403638189245096960, 1403638190245096960
1403638190245096960, 1403638191245096960
1403638191245096960, 1403638192245096960
1403638192245096960, 1403638193245096960
1403638193245096960, 1403638194245096960
1403638194245096960, 1403638195245096960
1403638195245096960, 1403638196245096960
1403638196245096960, 1403638197245096960
1403638197245096960, 1403638198245096960
1403638198245096960, 1403638199245096960
1403638199245096960, 1403638200245096960
1403638200245096960, 1403638201245096960
1403638201245096960, 1403638202245096960
1403638202245096960, 1403638203245096960
1403638203245096960, 1403638204245096960
1403638204245096960, 1403638205245096960
1403638205245096960, 1403638206245096960
1403638206245096960, 1403638207245096960
1403638207245096960, 1403638208245096960
1403638208245096960, 1403638209245096960
1403638209245096960, 1403638210245096960
1403638210245096960, 1403638211245096960
1403638211245096960, 1403638212245096960
1403638212245096960, 1403638213245096960
1403638213245096960, 1403638214245096960
1403638214245096960, 1403638215245096960
1403638215245096960, 1403638216245096960
1403638216245096960, 1403638217245096960
1403638217245096960, 1403638218245096960
1403638218245096960, 1403638219245096960
1403638219245096960, 1403638220245096960
1403638220245096960, 1403638221245096960
1403638221245096960, 1403638222245096960
1403638222245096960, 1403638223245096960
1403638223245096960, 1403638224245096960
1403638224245096960, 1403638225245096960
1403638225245096960, 1403638226245096960
1403638226245096960, 1403638227245096960
1403638227245096960, 1403638228245096960
