1403638127245096960, 1403638127495097088
1403638127495097088, 1403638127745096960
1403638127745096960, 1403638127995097088
1403638127995097088, 1403638128245096960
1403638128245096960, 1403638128495097088
1403638128495097088, 1403638128745096960
1403638128745096960, 1403638128995097088
1403638128995097088, 1403638129245096960
1403638129245096960, 1403638129495097088
1403638129495097088, 1403638129745096960
1403638129745096960, 1403638129995097088
1403638129995097088, 1403638130245096960
1403638130245096960, 1403638130495097088
1403638130495097088, 1403638130745096960
1403638130745096960, 1403638130995097088
1403638130995097088, 1403638131245096960
1403638131245096960, 1403638131495097088
1403638131495097088, 1403638131745096960
1403638131745096960, 1403638131995097088
1403638131995097088, 1403638132245096960
1403638132245096960, 1403638132495097088
1403638132495097088, 1403638132745096960
1403638132745096960, 1403638132995097088
1403638132995097088, 1403638133245096960
1403638133245096960, 1403638133495097088
1403638133495097088, 1403638133745096960
1403638133745096960, 1403638133995097088
1403638133995097088, 1403638134245096960
1403638134245096960, 1403638134495097088
1403638134495097088, 1403638134745096960
1403638134745096960, 1403638134995097088
1403638134995097088, 1403638135245096960
1403638135245096960, 1403638135495097088
1403638135495097088, 1403638135745096960
1403638135745096960, 1403638135995097088
1403638135995097088, 1403638136245096960
1403638136245096960, 1403638136495097088
1403638136495097088, 1403638136745096960
1403638136745096960, 1403638136995097088
1403638136995097088, 1403638137245096960
1403638137245096960, 1403638137495097088
1403638137495097088, 1403638137745096960
1403638137745096960, 1403638137995097088
1403638137995097088, 1403638138245096960
1403638138245096960, 1403638138495097088
1403638138495097088, 1403638138745096960
1403638138745096960, 1403638138995097088
1403638138995097088, 1403638139245096960
1403638139245096960, 1403638139495097088
1403638139495097088, 1403638139745096960
1403638139745096960, 1403638139995097088
1403638139995097088, 1403638140245096960
1403638140245096960, 1403638140495097088
1403638140495097088, 1403638140745096960
1403638140745096960, 1403638140995097088
1403638140995097088, 1403638141245096960
1403638141245096960, 1403638141495097088
1403638141495097088, 1403638141745096960
1403638141745096960, 1403638141995097088
1403638141995097088, 1403638142245096960
1403638142245096960, 1403638142495097088
1403638142495097088, 1403638142745096960
1403638142745096960, 1403638142995097088
1403638142995097088, 1403638143245096960
1403638143245096960, 1403638143495097088
1403638143495097088, 1403638143745096960
1403638143745096960, 1403638143995097088
1403638143995097088, 1403638144245096960
1403638144245096960, 1403638144495097088
1403638144495097088, 1403638144745096960
1403638144745096960, 1403638144995097088
1403638144995097088, 1403638145245096960
1403638145245096960, 1403638145495097088
1403638145495097088, 1403638145745096960
1403638145745096960, 1403638145995097088
1403638145995097088, 1403638146245096960
1403638146245096960, 1403638146495097088
1403638146495097088, 1403638146745096960
1403638146745096960, 1403638146995097088
1403638146995097088, 1403638147245096960
1403638147245096960, 1403638147495097088
1403638147495097088, 1403638147745096960
1403638147745096960, 1403638147995097088
1403638147995097088, 1403638148245096960
1403638148245096960, 1403638148495097088
1403638148495097088, 1403638148745096960
1403638148745096960, 1403638148995097088
1403638148995097088, 1403638149245096960
1403638149245096960, 1403638149495097088
1403638149495097088, 1403638149745096960
1403638149745096960, 1403638149995097088
1403638149995097088, 1403638150245096960
1403638150245096960, 1403638150495097088
1403638150495097088, 1403638150745096960
1403638150745096960, 1403638150995097088
1403638150995097088, 1403638151245096960
1403638151245096960, 1403638151495097088
1403638151495097088, 1403638151745096960
1403638151745096960, 1403638151995097088
1403638151995097088, 1403638152245096960
1403638152245096960, 1403638152495097088
1403638152495097088, 1403638152745096960
1403638152745096960, 1403638152995097088
1403638152995097088, 1403638153245096960
1403638153245096960, 1403638153495097088
1403638153495097088, 1403638153745096960
1403638153745096960, 1403638153995097088
1403638153995097088, 1403638154245096960
1403638154245096960, 1403638154495097088
1403638154495097088, 1403638154745096960
1403638154745096960, 1403638154995097088
1403638154995097088, 1403638155245096960
1403638155245096960, 1403638155495097088
1403638155495097088, 1403638155745096960
1403638155745096960, 1403638155995097088
1403638155995097088, 1403638156245096960
1403638156245096960, 1403638156495097088
1403638156495097088, 1403638156745096960
1403638156745096960, 1403638156995097088
1403638156995097088, 1403638157245096960
1403638157245096960, 1403638157495097088
1403638157495097088, 1403638157745096960
1403638157745096960, 1403638157995097088
1403638157995097088, 1403638158245096960
1403638158245096960, 1403638158495097088
1403638158495097088, 1403638158745096960
1403638158745096960, 1403638158995097088
1403638158995097088, 1403638159245096960
1403638159245096960, 1403638159495097088
1403638159495097088, 1403638159745096960
1403638159745096960, 1403638159995097088
1403638159995097088, 1403638160245096960
1403638160245096960, 1403638160495097088
1403638160495097088, 1403638160745096960
1403638160745096960, 1403638160995097088
1403638160995097088, 1403638161245096960
1403638161245096960, 1403638161495097088
1403638161495097088, 1403638161745096960
1403638161745096960, 1403638161995097088
1403638161995097088, 1403638162245096960
1403638162245096960, 1403638162495097088
1403638162495097088, 1403638162745096960
1403638162745096960, 1403638162995097088
1403638162995097088, 1403638163245096960
1403638163245096960, 1403638163495097088
1403638163495097088, 1403638163745096960
1403638163745096960, 1403638163995097088
1403638163995097088, 1403638164245096960
1403638164245096960, 1403638164495097088
1403638164495097088, 1403638164745096960
1403638164745096960, 1403638164995097088
1403638164995097088, 1403638165245096960
1403638165245096960, 1403638165495097088
1403638165495097088, 1403638165745096960
1403638165745096960, 1403638165995097088
1403638165995097088, 1403638166245096960
1403638166245096960, 1403638166495097088
1403638166495097088, 1403638166745096960
1403638166745096960, 1403638166995097088
1403638166995097088, 1403638167245096960
1403638167245096960, 1403638167495097088
1403638167495097088, 1403638167745096960
1403638167745096960, 1403638167995097088
1403638167995097088, 1403638168245096960
1403638168245096960, 1403638168495097088
1403638168495097088, 1403638168745096960
1403638168745096960, 1403638168995097088
1403638168995097088, 1403638169245096960
1403638169245096960, 1403638169495097088
1403638169495097088, 1403638169745096960
1403638169745096960, 1403638169995097088
1403638169995097088, 1403638170245096960
1403638170245096960, 1403638170495097088
1403638170495097088, 1403638170745096960
1403638170745096960, 1403638170995097088
1403638170995097088, 1403638171245096960
1403638171245096960, 1403638171495097088
1403638171495097088, 1403638171745096960
1403638171745096960, 1403638171995097088
1403638171995097088, 1403638172245096960
1403638172245096960, 1403638172495097088
1403638172495097088, 1403638172745096960
1403638172745096960, 1403638172995097088
1403638172995097088, 1403638173245096960
1403638173245096960, 1403638173495097088
1403638173495097088, 1403638173745096960
1403638173745096960, 1403638173995097088
1403638173995097088, 1403638174245096960
1403638174245096960, 1403638174495097088
1403638174495097088, 1403638174745096960
1403638174745096960, 1403638174995097088
1403638174995097088, 1403638175245096960
1403638175245096960, 1403638175495097088
1403638175495097088, 1403638175745096960
1403638175745096960, 1403638175995097088
1403638175995097088, 1403638176245096960
1403638176245096960, 1403638176495097088
1403638176495097088, 1403638176745096960
1403638176745096960, 1403638176995097088
1403638176995097088, 1403638177245096960
1403638177245096960, 1403638177495097088
1403638177495097088, 1403638177745096960
1403638177745096960, 1403638177995097088
1403638177995097088, 1403638178245096960
1403638178245096960, 1403638178495097088
1403638178495097088, 1403638178745096960
1403638178745096960, 1403638178995097088
1403638178995097088, 1403638179245096960
1403638179245096960, 1403638179495097088
1403638179495097088, 1403638179745096960
1403638179745096960, 1403638179995097088
1403638179995097088, 1403638180245096960
1403638180245096960, 1403638180495097088
1403638180495097088, 1403638180745096960
1403638180745096960, 1403638180995097088
1403638180995097088, 1403638181245096960
1403638181245096960, 1403638181495097088
1403638181495097088, 1403638181745096960
1403638181745096960, 1403638181995097088
1403638181995097088, 1403638182245096960
1403638182245096960, 1403638182495097088
1403638182495097088, 1403638182745096960
1403638182745096960, 1403638182995097088
1403638182995097088, 1403638183245096960
1403638183245096960, 1403638183495097088
1403638183495097088, 1403638183745096960
1403638183745096960, 1403638183995097088
1403638183995097088, 1403638184245096960
1403638184245096960, 1403638184495097088
1403638184495097088, 1403638184745096960
1403638184745096960, 1403638184995097088
1403638184995097088, 1403638185245096960
1403638185245096960, 1403638185495097088
1403638185495097088, 1403638185745096960
1403638185745096960, 1403638185995097088
1403638185995097088, 1403638186245096960
1403638186245096960, 1403638186495097088
1403638186495097088, 1403638186745096960
1403638186745096960, 1403638186995097088
1403638186995097088, 1403638187245096960
1403638187245096960, 1403638187495097088
1403638187495097088, 1403638187745096960
1403638187745096960, 1403638187995097088
1403638187995097088, 1403638188245096960
1403638188245096960, 1403638188495097088
1403638188495097088, 1403638188745096960
1403638188745096960, 1403638188995097088
1403638188995097088, 1403638189245096960
1403638189245096960, 1403638189495097088
1403638189495097088, 1403638189745096960
1403638189745096960, 1403638189995097088
1403638189995097088, 1403638190245096960
1403638190245096960, 1403638190495097088
1403638190495097088, 1403638190745096960
1403638190745096960, 1403638190995097088
1403638190995097088, 1403638191245096960
1403638191245096960, 1403638191495097088
1403638191495097088, 1403638191745096960
1403638191745096960, 1403638191995097088
1403638191995097088, 1403638192245096960
1403638192245096960, 1403638192495097088
1403638192495097088, 1403638192745096960
1403638192745096960, 1403638192995097088
1403638192995097088, 1403638193245096960
1403638193245096960, 1403638193495097088
1403638193495097088, 1403638193745096960
1403638193745096960, 1403638193995097088
1403638193995097088, 1403638194245096960
1403638194245096960, 1403638194495097088
1403638194495097088, 1403638194745096960
1403638194745096960, 1403638194995097088
1403638194995097088, 1403638195245096960
1403638195245096960, 1403638195495097088
1403638195495097088, 1403638195745096960
1403638195745096960, 1403638195995097088
1403638195995097088, 1403638196245096960
1403638196245096960, 1403638196495097088
1403638196495097088, 1403638196745096960
1403638196745096960, 1403638196995097088
1403638196995097088, 1403638197245096960
1403638197245096960, 1403638197495097088
1403638197495097088, 1403638197745096960
1403638197745096960, 1403638197995097088
1403638197995097088, 1403638198245096960
1403638198245096960, 1403638198495097088
1403638198495097088, 1403638198745096960
1403638198745096960, 1403638198995097088
1403638198995097088, 1403638199245096960
1403638199245096960, 1403638199495097088
1403638199495097088, 1403638199745096960
1403638199745096960, 1403638199995097088
1403638199995097088, 1403638200245096960
1403638200245096960, 1403638200495097088
1403638200495097088, 1403638200745096960
1403638200745096960, 1403638200995097088
1403638200995097088, 1403638201245096960
1403638201245096960, 1403638201495097088
1403638201495097088, 1403638201745096960
1403638201745096960, 1403638201995097088
1403638201995097088, 1403638202245096960
1403638202245096960, 1403638202495097088
1403638202495097088, 1403638202745096960
1403638202745096960, 1403638202995097088
1403638202995097088, 1403638203245096960
1403638203245096960, 1403638203495097088
1403638203495097088, 1403638203745096960
1403638203745096960, 1403638203995097088
1403638203995097088, 1403638204245096960
1403638204245096960, 1403638204495097088
1403638204495097088, 1403638204745096960
1403638204745096960, 1403638204995097088
1403638204995097088, 1403638205245096960
1403638205245096960, 1403638205495097088
1403638205495097088, 1403638205745096960
1403638205745096960, 1403638205995097088
1403638205995097088, 1403638206245096960
1403638206245096960, 1403638206495097088
1403638206495097088, 1403638206745096960
1403638206745096960, 1403638206995097088
1403638206995097088, 1403638207245096960
1403638207245096960, 1403638207495097088
1403638207495097088, 1403638207745096960
1403638207745096960, 1403638207995097088
1403638207995097088, 1403638208245096960
1403638208245096960, 1403638208495097088
1403638208495097088, 1403638208745096960
1403638208745096960, 1403638208995097088
1403638208995097088, 1403638209245096960
1403638209245096960, 1403638209495097088
1403638209495097088, 1403638209745096960
1403638209745096960, 1403638209995097088
1403638209995097088, 1403638210245096960
1403638210245096960, 1403638210495097088
1403638210495097088, 1403638210745096960
1403638210745096960, 1403638210995097088
1403638210995097088, 1403638211245096960
1403638211245096960, 1403638211495097088
1403638211495097088, 1403638211745096960
1403638211745096960, 1403638211995097088
1403638211995097088, 1403638212245096960
1403638212245096960, 1403638212495097088
1403638212495097088, 1403638212745096960
1403638212745096960, 1403638212995097088
1403638212995097088, 1403638213245096960
1403638213245096960, 1403638213495097088
1403638213495097088, 1403638213745096960
1403638213745096960, 1403638213995097088
1403638213995097088, 1403638214245096960
1403638214245096960, 1403638214495097088
1403638214495097088, 1403638214745096960
1403638214745096960, 1403638214995097088
1403638214995097088, 1403638215245096960
1403638215245096960, 1403638215495097088
1403638215495097088, 1403638215745096960
1403638215745096960, 1403638215995097088
1403638215995097088, 1403638216245096960
1403638216245096960, 1403638216495097088
1403638216495097088, 1403638216745096960
1403638216745096960, 1403638216995097088
1403638216995097088, 1403638217245096960
1403638217245096960, 1403638217495097088
1403638217495097088, 1403638217745096960
1403638217745096960, 1403638217995097088
1403638217995097088, 1403638218245096960
1403638218245096960, 1403638218495097088
1403638218495097088, 1403638218745096960
1403638218745096960, 1403638218995097088
1403638218995097088, 1403638219245096960
1403638219245096960, 1403638219495097088
1403638219495097088, 1403638219745096960
1403638219745096960, 1403638219995097088
1403638219995097088, 1403638220245096960
1403638220245096960, 1403638220495097088
1403638220495097088, 1403638220745096960
1403638220745096960, 1403638220995097088
1403638220995097088, 1403638221245096960
1403638221245096960, 1403638221495097088
1403638221495097088, 1403638221745096960
1403638221745096960, 1403638221995097088
1403638221995097088, 1403638222245096960
1403638222245096960, 1403638222495097088
1403638222495097088, 1403638222745096960
1403638222745096960, 1403638222995097088
1403638222995097088, 1403638223245096960
1403638223245096960, 1403638223495097088
1403638223495097088, 1403638223745096960
1403638223745096960, 1403638223995097088
1403638223995097088, 1403638224245096960
1403638224245096960, 1403638224495097088
1403638224495097088, 1403638224745096960
1403638224745096960, 1403638224995097088
1403638224995097088, 1403638225245096960
1403638225245096960, 1403638225495097088
1403638225495097088, 1403638225745096960
1403638225745096960, 1403638225995097088
1403638225995097088, 1403638226245096960
1403638226245096960, 1403638226495097088
1403638226495097088, 1403638226745096960
1403638226745096960, 1403638226995097088
1403638226995097088, 1403638227245096960
1403638227245096960, 1403638227495097088
1403638227495097088, 1403638227745096960
1403638227745096960, 1403638227995097088
1403638227995097088, 1403638228245096960
1403638228245096960, 1403638228495097088
1403638228495097088, 1403638228745096960
