3.6
4.0
4.0
4.0
4.2
16.3
15.3
18.3
16.4
18.1
25.9
25.5
24.4
24.8
23.1
23.6
23.0
23.1
23.9
22.8
20.9
22.2
23.9
24.0
21.5
25.6
23.6
24.4
24.9
24.0
24.7
24.6
24.9
25.8
24.5
24.3
24.3
25.8
23.8
22.7
24.0
24.7
24.5
23.5
24.1
23.3
24.7
25.0
25.4
26.3
24.4
26.2
25.8
25.3
25.8
25.9
24.1
23.6
24.0
23.1
24.4
25.7
25.6
23.0
26.3
25.4
24.7
25.2
24.4
24.4
22.9
23.9
24.7
23.7
24.1
24.4
24.3
26.1
24.1
26.6
24.9
25.0
23.3
25.4
25.7
25.0
23.0
25.3
24.6
23.9
24.7
24.6
23.1
24.5
23.2
22.0
22.8
23.9
22.1
24.9
22.2
20.7
22.3
23.0
23.8
22.3
23.4
21.5
22.8
21.8
23.7
22.7
23.5
20.3
6.5
2.4
3.2
2.5
