1403638518077829376
1403638518127829504
1403638518177829376
1403638518227829504
1403638518277829376
1403638518327829504
1403638518377829376
1403638518427829504
1403638518477829376
1403638518527829504
1403638518577829376
1403638518627829504
1403638518677829376
1403638518727829504
1403638518777829376
1403638518827829504
1403638518877829376
1403638518927829504
1403638518977829376
1403638519027829504
1403638519077829376
1403638519127829504
1403638519177829376
1403638519227829504
1403638519277829376
1403638519327829504
1403638519377829376
1403638519427829504
1403638519477829376
1403638519527829504
1403638519577829376
1403638519627829504
1403638519677829376
1403638519727829504
1403638519777829376
1403638519827829504
1403638519877829376
1403638519927829504
1403638519977829376
1403638520027829504
1403638520077829376
1403638520127829504
1403638520177829376
1403638520227829504
1403638520277829376
1403638520327829504
1403638520377829376
1403638520427829504
1403638520477829376
1403638520527829504
1403638520577829376
1403638520627829504
1403638520677829376
1403638520727829504
1403638520777829376
1403638520827829504
1403638520877829376
1403638520927829504
1403638520977829376
1403638521027829504
1403638521077829376
1403638521127829504
1403638521177829376
1403638521227829504
1403638521277829376
1403638521327829504
1403638521377829376
1403638521427829504
1403638521477829376
1403638521527829504
1403638521577829376
1403638521627829504
1403638521677829376
1403638521727829504
1403638521777829376
1403638521827829504
1403638521877829376
1403638521927829504
1403638521977829376
1403638522027829504
1403638522077829376
1403638522127829504
1403638522177829376
1403638522227829504
1403638522277829376
1403638522327829504
1403638522377829376
1403638522427829504
1403638522477829376
1403638522527829504
1403638522577829376
1403638522627829504
1403638522677829376
1403638522727829504
1403638522777829376
1403638522827829504
1403638522877829376
1403638522927829504
1403638522977829376
1403638523027829504
1403638523077829376
1403638523127829504
1403638523177829376
1403638523227829504
1403638523277829376
1403638523327829504
1403638523377829376
1403638523427829504
1403638523477829376
1403638523527829504
1403638523577829376
1403638523627829504
1403638523677829376
1403638523727829504
1403638523777829376
1403638523827829504
1403638523877829376
1403638523927829504
1403638523977829376
1403638524027829504
1403638524077829376
1403638524127829504
1403638524177829376
1403638524227829504
1403638524277829376
1403638524327829504
1403638524377829376
1403638524427829504
1403638524477829376
1403638524527829504
1403638524577829376
1403638524627829504
1403638524677829376
1403638524727829504
1403638524777829376
1403638524827829504
1403638524877829376
1403638524927829504
1403638524977829376
1403638525027829504
1403638525077829376
1403638525127829504
1403638525177829376
1403638525227829504
1403638525277829376
1403638525327829504
1403638525377829376
1403638525427829504
1403638525477829376
1403638525527829504
1403638525577829376
1403638525627829504
1403638525677829376
1403638525727829504
1403638525777829376
1403638525827829504
1403638525877829376
1403638525927829504
1403638525977829376
1403638526027829504
1403638526077829376
1403638526127829504
1403638526177829376
1403638526227829504
1403638526277829376
1403638526327829504
1403638526377829376
1403638526427829504
1403638526477829376
1403638526527829504
1403638526577829376
1403638526627829504
1403638526677829376
1403638526727829504
1403638526777829376
1403638526827829504
1403638526877829376
1403638526927829504
1403638526977829376
1403638527027829504
1403638527077829376
1403638527127829504
1403638527177829376
1403638527227829504
1403638527277829376
1403638527327829504
1403638527377829376
1403638527427829504
1403638527477829376
1403638527527829504
1403638527577829376
1403638527627829504
1403638527677829376
1403638527727829504
1403638527777829376
1403638527827829504
1403638527877829376
1403638527927829504
1403638527977829376
1403638528027829504
1403638528077829376
1403638528127829504
1403638528177829376
1403638528227829504
1403638528277829376
1403638528327829504
1403638528377829376
1403638528427829504
1403638528477829376
1403638528527829504
1403638528577829376
1403638528627829504
1403638528677829376
1403638528727829504
1403638528777829376
1403638528827829504
1403638528877829376
1403638528927829504
1403638528977829376
1403638529027829504
1403638529077829376
1403638529127829504
1403638529177829376
1403638529227829504
1403638529277829376
1403638529327829504
1403638529377829376
1403638529427829504
1403638529477829376
1403638529527829504
1403638529577829376
1403638529627829504
1403638529677829376
1403638529727829504
1403638529777829376
1403638529827829504
1403638529877829376
1403638529927829504
1403638529977829376
1403638530027829504
1403638530077829376
1403638530127829504
1403638530177829376
1403638530227829504
1403638530277829376
1403638530327829504
1403638530377829376
1403638530427829504
1403638530477829376
1403638530527829504
1403638530577829376
1403638530627829504
1403638530677829376
1403638530727829504
1403638530777829376
1403638530827829504
1403638530877829376
1403638530927829504
1403638530977829376
1403638531027829504
1403638531077829376
1403638531127829504
1403638531177829376
1403638531227829504
1403638531277829376
1403638531327829504
1403638531377829376
1403638531427829504
1403638531477829376
1403638531527829504
1403638531577829376
1403638531627829504
1403638531677829376
1403638531727829504
1403638531777829376
1403638531827829504
1403638531877829376
1403638531927829504
1403638531977829376
1403638532027829504
1403638532077829376
1403638532127829504
1403638532177829376
1403638532227829504
1403638532277829376
1403638532327829504
1403638532377829376
1403638532427829504
1403638532477829376
1403638532527829504
1403638532577829376
1403638532627829504
1403638532677829376
1403638532727829504
1403638532777829376
1403638532827829504
1403638532877829376
1403638532927829504
1403638532977829376
1403638533027829504
1403638533077829376
1403638533127829504
1403638533177829376
1403638533227829504
1403638533277829376
1403638533327829504
1403638533377829376
1403638533427829504
1403638533477829376
1403638533527829504
1403638533577829376
1403638533627829504
1403638533677829376
1403638533727829504
1403638533777829376
1403638533827829504
1403638533877829376
1403638533927829504
1403638533977829376
1403638534027829504
1403638534077829376
1403638534127829504
1403638534177829376
1403638534227829504
1403638534277829376
1403638534327829504
1403638534377829376
1403638534427829504
1403638534477829376
1403638534527829504
1403638534577829376
1403638534627829504
1403638534677829376
1403638534727829504
1403638534777829376
1403638534827829504
1403638534877829376
1403638534927829504
1403638534977829376
1403638535027829504
1403638535077829376
1403638535127829504
1403638535177829376
1403638535227829504
1403638535277829376
1403638535327829504
1403638535377829376
1403638535427829504
1403638535477829376
1403638535527829504
1403638535577829376
1403638535627829504
1403638535677829376
1403638535727829504
1403638535777829376
1403638535827829504
1403638535877829376
1403638535927829504
1403638535977829376
1403638536027829504
1403638536077829376
1403638536127829504
1403638536177829376
1403638536227829504
1403638536277829376
1403638536327829504
1403638536377829376
1403638536427829504
1403638536477829376
1403638536527829504
1403638536577829376
1403638536627829504
1403638536677829376
1403638536727829504
1403638536777829376
1403638536827829504
1403638536877829376
1403638536927829504
1403638536977829376
1403638537027829504
1403638537077829376
1403638537127829504
1403638537177829376
1403638537227829504
1403638537277829376
1403638537327829504
1403638537377829376
1403638537427829504
1403638537477829376
1403638537527829504
1403638537577829376
1403638537627829504
1403638537677829376
1403638537727829504
1403638537777829376
1403638537827829504
1403638537877829376
1403638537927829504
1403638537977829376
1403638538027829504
1403638538077829376
1403638538127829504
1403638538177829376
1403638538227829504
1403638538277829376
1403638538327829504
1403638538377829376
1403638538427829504
1403638538477829376
1403638538527829504
1403638538577829376
1403638538627829504
1403638538677829376
1403638538727829504
1403638538777829376
1403638538827829504
1403638538877829376
1403638538927829504
1403638538977829376
1403638539027829504
1403638539077829376
1403638539127829504
1403638539177829376
1403638539227829504
1403638539277829376
1403638539327829504
1403638539377829376
1403638539427829504
1403638539477829376
1403638539527829504
1403638539577829376
1403638539627829504
1403638539677829376
1403638539727829504
1403638539777829376
1403638539827829504
1403638539877829376
1403638539927829504
1403638539977829376
1403638540027829504
1403638540077829376
1403638540127829504
1403638540177829376
1403638540227829504
1403638540277829376
1403638540327829504
1403638540377829376
1403638540427829504
1403638540477829376
1403638540527829504
1403638540577829376
1403638540627829504
1403638540677829376
1403638540727829504
1403638540777829376
1403638540827829504
1403638540877829376
1403638540927829504
1403638540977829376
1403638541027829504
1403638541077829376
1403638541127829504
1403638541177829376
1403638541227829504
1403638541277829376
1403638541327829504
1403638541377829376
1403638541427829504
1403638541477829376
1403638541527829504
1403638541577829376
1403638541627829504
1403638541677829376
1403638541727829504
1403638541777829376
1403638541827829504
1403638541877829376
1403638541927829504
1403638541977829376
1403638542027829504
1403638542077829376
1403638542127829504
1403638542177829376
1403638542227829504
1403638542277829376
1403638542327829504
1403638542377829376
1403638542427829504
1403638542477829376
1403638542527829504
1403638542577829376
1403638542627829504
1403638542677829376
1403638542727829504
1403638542777829376
1403638542827829504
1403638542877829376
1403638542927829504
1403638542977829376
1403638543027829504
1403638543077829376
1403638543127829504
1403638543177829376
1403638543227829504
1403638543277829376
1403638543327829504
1403638543377829376
1403638543427829504
1403638543477829376
1403638543527829504
1403638543577829376
1403638543627829504
1403638543677829376
1403638543727829504
1403638543777829376
1403638543827829504
1403638543877829376
1403638543927829504
1403638543977829376
1403638544027829504
1403638544077829376
1403638544127829504
1403638544177829376
1403638544227829504
1403638544277829376
1403638544327829504
1403638544377829376
1403638544427829504
1403638544477829376
1403638544527829504
1403638544577829376
1403638544627829504
1403638544677829376
1403638544727829504
1403638544777829376
1403638544827829504
1403638544877829376
1403638544927829504
1403638544977829376
1403638545027829504
1403638545077829376
1403638545127829504
1403638545177829376
1403638545227829504
1403638545277829376
1403638545327829504
1403638545377829376
1403638545427829504
1403638545477829376
1403638545527829504
1403638545577829376
1403638545627829504
1403638545677829376
1403638545727829504
1403638545777829376
1403638545827829504
1403638545877829376
1403638545927829504
1403638545977829376
1403638546027829504
1403638546077829376
1403638546127829504
1403638546177829376
1403638546227829504
1403638546277829376
1403638546327829504
1403638546377829376
1403638546427829504
1403638546477829376
1403638546527829504
1403638546577829376
1403638546627829504
1403638546677829376
1403638546727829504
1403638546777829376
1403638546827829504
1403638546877829376
1403638546927829504
1403638546977829376
1403638547027829504
1403638547077829376
1403638547127829504
1403638547177829376
1403638547227829504
1403638547277829376
1403638547327829504
1403638547377829376
1403638547427829504
1403638547477829376
1403638547527829504
1403638547577829376
1403638547627829504
1403638547677829376
1403638547727829504
1403638547777829376
1403638547827829504
1403638547877829376
1403638547927829504
1403638547977829376
1403638548027829504
