1403638132245096960.000000 0.000778661 0.000112068 0.000997325 -0.007287957 0.001189821 0.047054920 0.998865008
1403638132945096960.000000 -0.007604903 -0.046447504 -0.013590224 -0.062644698 0.035679869 -0.038355589 0.996660173
1403638133945096960.000000 0.045807090 -0.012580893 -0.009962946 -0.020003263 -0.097972579 -0.037990984 0.994262516
1403638135395097088.000000 -0.020859940 -0.023003679 0.020330770 -0.002790412 -0.086125039 -0.037372123 0.995579243
1403638136345096960.000000 0.035348285 -0.016914045 -0.006784118 -0.011463235 -0.153275982 -0.034437865 0.987516642
1403638136745096960.000000 0.035697199 -0.018157421 -0.010826769 -0.005585980 -0.147003159 -0.055328749 0.987571537
1403638137095097088.000000 0.012264579 -0.019217553 -0.003145397 -0.038735818 -0.098587677 -0.086668111 0.990590036
1403638138045096960.000000 -0.012500865 0.020091470 0.015011100 0.050958775 -0.116933681 -0.004809729 0.991819859
1403638138295097088.000000 -0.007703573 0.025547251 0.014083368 0.025637362 -0.117391787 -0.015169394 0.992638826
1403638138745096960.000000 -0.006168246 0.025920589 0.012250970 0.016724110 -0.117501147 -0.014623194 0.992824256
