1403638205595097088.000000 -13.260621071 -8.751320839 11.514682770 -0.041342694 0.133257911 0.128109694 0.981896639
1403638205795097088.000000 -13.593717575 -8.805875778 11.522418976 -0.059533104 0.167803496 0.159228295 0.971053123
1403638205995097088.000000 -13.962581635 -8.874824524 11.404908180 -0.055096500 0.214176059 0.169980139 0.960312307
1403638206295097088.000000 -14.635018349 -8.982821465 11.063896179 -0.053106852 0.286231011 0.183400005 0.938944042
1403638206495097088.000000 -15.111282349 -8.985223770 10.792644501 -0.050320346 0.320035905 0.171396047 0.930412948
1403638206845096960.000000 -15.864293098 -8.863925934 10.259835243 -0.048868984 0.347663373 0.170836598 0.920628488
1403638207545096960.000000 -16.965316772 -8.168312073 9.122744560 -0.059724402 0.410167158 0.177580953 0.892558634
1403638208045096960.000000 -17.346595764 -7.726562500 8.111018181 -0.012082777 0.445744932 0.200150236 0.872413516
1403638209045096960.000000 -17.583999634 -6.954538345 6.403717518 -0.016105643 0.486055076 0.212292105 0.847598433
1403638209695097088.000000 -17.457366943 -6.280780792 5.603611469 -0.014018858 0.492526621 0.206452861 0.845339119
