1403638161195097088.000000 -1.170886040 -0.242859632 0.145070076 -0.021363422 0.596968472 0.226390764 0.769362986
1403638161545096960.000000 -1.191210866 -0.266306162 0.158931613 -0.005995306 0.529725194 0.226420671 0.817367077
1403638161945096960.000000 -1.212160826 -0.286844939 0.179962933 -0.008486518 0.504774988 0.206395745 0.838171244
1403638162295097088.000000 -1.228272438 -0.307159722 0.202797294 0.000723550 0.489946336 0.198091865 0.848947406
1403638162695097088.000000 -1.246418118 -0.332011878 0.234122753 -0.006238617 0.487210363 0.201929331 0.849595010
1403638163095097088.000000 -1.262197971 -0.368625879 0.267964393 -0.015599024 0.480871439 0.178011298 0.858388782
1403638163495097088.000000 -1.271132827 -0.392318368 0.312453866 -0.023705529 0.426688373 0.175113931 0.886966825
1403638163895097088.000000 -1.275923729 -0.420482427 0.352279067 -0.025097055 0.402644932 0.165862799 0.899853706
1403638164295097088.000000 -1.273855209 -0.458924323 0.387688696 -0.018836293 0.411767930 0.151181728 0.898463368
1403638164695097088.000000 -1.262347937 -0.494459867 0.427791953 -0.016581176 0.413371921 0.144404560 0.898886025
