1403638130945096960.000000 -0.004938589 -0.085401163 -0.022603188 -0.029768007 0.031439111 -0.039688960 0.998273611
1403638131345096960.000000 -0.003373892 -0.070184268 -0.019428136 -0.018921811 0.020612421 -0.009515413 0.999563158
1403638131945096960.000000 0.001456237 -0.014495720 -0.005456712 -0.016899073 0.003274051 0.022828305 0.999591172
1403638132145096960.000000 0.002330754 -0.007132625 -0.004867140 -0.001527181 0.005882183 0.053231262 0.998563707
1403638132945096960.000000 -0.006732742 -0.076246820 -0.023927925 -0.059036769 0.045060266 -0.041177578 0.996387780
1403638133445096960.000000 0.018871171 -0.052831966 -0.015737090 -0.038490783 -0.006462227 -0.007740718 0.999208093
1403638133695097088.000000 0.041990884 -0.040743958 -0.015465538 -0.028407987 -0.045665648 -0.037073072 0.997864306
1403638133945096960.000000 0.054678962 -0.029427357 -0.013591527 -0.020236256 -0.087567039 -0.038088012 0.995224476
1403638134245096960.000000 0.049641285 -0.034674041 -0.004495424 -0.022732444 -0.089343220 -0.030122615 0.995285690
1403638134545096960.000000 0.022837123 -0.044508927 0.007017451 -0.024300916 -0.083317704 -0.057136331 0.994586885
