1403638149745096960
1403638149795097088
1403638149845096960
1403638149895097088
1403638149945096960
1403638149995097088
1403638150045096960
1403638150095097088
1403638150145096960
1403638150195097088
1403638150245096960
1403638150295097088
1403638150345096960
1403638150395097088
1403638150445096960
1403638150495097088
1403638150545096960
1403638150595097088
1403638150645096960
1403638150695097088
1403638150745096960
1403638150795097088
1403638150845096960
1403638150895097088
1403638150945096960
1403638150995097088
1403638151045096960
1403638151095097088
1403638151145096960
1403638151195097088
1403638151245096960
1403638151295097088
1403638151345096960
1403638151395097088
1403638151445096960
1403638151495097088
1403638151545096960
1403638151595097088
1403638151645096960
1403638151695097088
1403638151745096960
1403638151795097088
1403638151845096960
1403638151895097088
1403638151945096960
1403638151995097088
1403638152045096960
1403638152095097088
1403638152145096960
1403638152195097088
1403638152245096960
1403638152295097088
1403638152345096960
1403638152395097088
1403638152445096960
1403638152495097088
1403638152545096960
1403638152595097088
1403638152645096960
1403638152695097088
1403638152745096960
1403638152795097088
1403638152845096960
1403638152895097088
1403638152945096960
1403638152995097088
1403638153045096960
1403638153095097088
1403638153145096960
1403638153195097088
1403638153245096960
1403638153295097088
1403638153345096960
1403638153395097088
1403638153445096960
1403638153495097088
1403638153545096960
1403638153595097088
1403638153645096960
1403638153695097088
1403638153745096960
1403638153795097088
1403638153845096960
1403638153895097088
1403638153945096960
1403638153995097088
1403638154045096960
1403638154095097088
1403638154145096960
1403638154195097088
1403638154245096960
1403638154295097088
1403638154345096960
1403638154395097088
1403638154445096960
1403638154495097088
1403638154545096960
1403638154595097088
1403638154645096960
1403638154695097088
1403638154745096960
1403638154795097088
1403638154845096960
1403638154895097088
1403638154945096960
1403638154995097088
1403638155045096960
1403638155095097088
1403638155145096960
1403638155195097088
1403638155245096960
1403638155295097088
1403638155345096960
1403638155395097088
1403638155445096960
1403638155495097088
1403638155545096960
1403638155595097088
1403638155645096960
1403638155695097088
1403638155745096960
1403638155795097088
1403638155845096960
1403638155895097088
1403638155945096960
1403638155995097088
1403638156045096960
1403638156095097088
1403638156145096960
1403638156195097088
1403638156245096960
1403638156295097088
1403638156345096960
1403638156395097088
1403638156445096960
1403638156495097088
1403638156545096960
1403638156595097088
1403638156645096960
1403638156695097088
1403638156745096960
1403638156795097088
1403638156845096960
1403638156895097088
1403638156945096960
1403638156995097088
1403638157045096960
1403638157095097088
1403638157145096960
1403638157195097088
