1403638209745096960
1403638209795097088
1403638209845096960
1403638209895097088
1403638209945096960
1403638209995097088
1403638210045096960
1403638210095097088
1403638210145096960
1403638210195097088
1403638210245096960
1403638210295097088
1403638210345096960
1403638210395097088
1403638210445096960
1403638210495097088
1403638210545096960
1403638210595097088
1403638210645096960
1403638210695097088
1403638210745096960
1403638210795097088
1403638210845096960
1403638210895097088
1403638210945096960
1403638210995097088
1403638211045096960
1403638211095097088
1403638211145096960
1403638211195097088
1403638211245096960
1403638211295097088
1403638211345096960
1403638211395097088
1403638211445096960
1403638211495097088
1403638211545096960
1403638211595097088
1403638211645096960
1403638211695097088
1403638211745096960
1403638211795097088
1403638211845096960
1403638211895097088
1403638211945096960
1403638211995097088
1403638212045096960
1403638212095097088
1403638212145096960
1403638212195097088
1403638212245096960
1403638212295097088
1403638212345096960
1403638212395097088
1403638212445096960
1403638212495097088
1403638212545096960
1403638212595097088
1403638212645096960
1403638212695097088
1403638212745096960
1403638212795097088
1403638212845096960
1403638212895097088
1403638212945096960
1403638212995097088
1403638213045096960
1403638213095097088
1403638213145096960
1403638213195097088
1403638213245096960
1403638213295097088
1403638213345096960
1403638213395097088
1403638213445096960
1403638213495097088
1403638213545096960
1403638213595097088
1403638213645096960
1403638213695097088
1403638213745096960
1403638213795097088
1403638213845096960
1403638213895097088
1403638213945096960
1403638213995097088
1403638214045096960
1403638214095097088
1403638214145096960
1403638214195097088
1403638214245096960
1403638214295097088
1403638214345096960
1403638214395097088
1403638214445096960
1403638214495097088
1403638214545096960
1403638214595097088
1403638214645096960
1403638214695097088
1403638214745096960
1403638214795097088
1403638214845096960
1403638214895097088
1403638214945096960
1403638214995097088
1403638215045096960
1403638215095097088
1403638215145096960
1403638215195097088
1403638215245096960
1403638215295097088
1403638215345096960
1403638215395097088
1403638215445096960
1403638215495097088
1403638215545096960
1403638215595097088
1403638215645096960
1403638215695097088
1403638215745096960
1403638215795097088
1403638215845096960
1403638215895097088
1403638215945096960
1403638215995097088
1403638216045096960
1403638216095097088
1403638216145096960
1403638216195097088
1403638216245096960
1403638216295097088
1403638216345096960
1403638216395097088
1403638216445096960
1403638216495097088
1403638216545096960
1403638216595097088
1403638216645096960
1403638216695097088
1403638216745096960
1403638216795097088
1403638216845096960
1403638216895097088
1403638216945096960
1403638216995097088
1403638217045096960
1403638217095097088
1403638217145096960
1403638217195097088
