1403638187245096960
1403638187295097088
1403638187345096960
1403638187395097088
1403638187445096960
1403638187495097088
1403638187545096960
1403638187595097088
1403638187645096960
1403638187695097088
1403638187745096960
1403638187795097088
1403638187845096960
1403638187895097088
1403638187945096960
1403638187995097088
1403638188045096960
1403638188095097088
1403638188145096960
1403638188195097088
1403638188245096960
1403638188295097088
1403638188345096960
1403638188395097088
1403638188445096960
1403638188495097088
1403638188545096960
1403638188595097088
1403638188645096960
1403638188695097088
1403638188745096960
1403638188795097088
1403638188845096960
1403638188895097088
1403638188945096960
1403638188995097088
1403638189045096960
1403638189095097088
1403638189145096960
1403638189195097088
1403638189245096960
1403638189295097088
1403638189345096960
1403638189395097088
1403638189445096960
1403638189495097088
1403638189545096960
1403638189595097088
1403638189645096960
1403638189695097088
1403638189745096960
1403638189795097088
1403638189845096960
1403638189895097088
1403638189945096960
1403638189995097088
1403638190045096960
1403638190095097088
1403638190145096960
1403638190195097088
1403638190245096960
1403638190295097088
1403638190345096960
1403638190395097088
1403638190445096960
1403638190495097088
1403638190545096960
1403638190595097088
1403638190645096960
1403638190695097088
1403638190745096960
1403638190795097088
1403638190845096960
1403638190895097088
1403638190945096960
1403638190995097088
1403638191045096960
1403638191095097088
1403638191145096960
1403638191195097088
1403638191245096960
1403638191295097088
1403638191345096960
1403638191395097088
1403638191445096960
1403638191495097088
1403638191545096960
1403638191595097088
1403638191645096960
1403638191695097088
1403638191745096960
1403638191795097088
1403638191845096960
1403638191895097088
1403638191945096960
1403638191995097088
1403638192045096960
1403638192095097088
1403638192145096960
1403638192195097088
1403638192245096960
1403638192295097088
1403638192345096960
1403638192395097088
1403638192445096960
1403638192495097088
1403638192545096960
1403638192595097088
1403638192645096960
1403638192695097088
1403638192745096960
1403638192795097088
1403638192845096960
1403638192895097088
1403638192945096960
1403638192995097088
1403638193045096960
1403638193095097088
1403638193145096960
1403638193195097088
1403638193245096960
1403638193295097088
1403638193345096960
1403638193395097088
1403638193445096960
1403638193495097088
1403638193545096960
1403638193595097088
1403638193645096960
1403638193695097088
1403638193745096960
1403638193795097088
1403638193845096960
1403638193895097088
1403638193945096960
1403638193995097088
1403638194045096960
1403638194095097088
1403638194145096960
1403638194195097088
1403638194245096960
1403638194295097088
1403638194345096960
1403638194395097088
1403638194445096960
1403638194495097088
1403638194545096960
1403638194595097088
1403638194645096960
1403638194695097088
