1403638172245096960
1403638172295097088
1403638172345096960
1403638172395097088
1403638172445096960
1403638172495097088
1403638172545096960
1403638172595097088
1403638172645096960
1403638172695097088
1403638172745096960
1403638172795097088
1403638172845096960
1403638172895097088
1403638172945096960
1403638172995097088
1403638173045096960
1403638173095097088
1403638173145096960
1403638173195097088
1403638173245096960
1403638173295097088
1403638173345096960
1403638173395097088
1403638173445096960
1403638173495097088
1403638173545096960
1403638173595097088
1403638173645096960
1403638173695097088
1403638173745096960
1403638173795097088
1403638173845096960
1403638173895097088
1403638173945096960
1403638173995097088
1403638174045096960
1403638174095097088
1403638174145096960
1403638174195097088
1403638174245096960
1403638174295097088
1403638174345096960
1403638174395097088
1403638174445096960
1403638174495097088
1403638174545096960
1403638174595097088
1403638174645096960
1403638174695097088
1403638174745096960
1403638174795097088
1403638174845096960
1403638174895097088
1403638174945096960
1403638174995097088
1403638175045096960
1403638175095097088
1403638175145096960
1403638175195097088
1403638175245096960
1403638175295097088
1403638175345096960
1403638175395097088
1403638175445096960
1403638175495097088
1403638175545096960
1403638175595097088
1403638175645096960
1403638175695097088
1403638175745096960
1403638175795097088
1403638175845096960
1403638175895097088
1403638175945096960
1403638175995097088
1403638176045096960
1403638176095097088
1403638176145096960
1403638176195097088
1403638176245096960
1403638176295097088
1403638176345096960
1403638176395097088
1403638176445096960
1403638176495097088
1403638176545096960
1403638176595097088
1403638176645096960
1403638176695097088
1403638176745096960
1403638176795097088
1403638176845096960
1403638176895097088
1403638176945096960
1403638176995097088
1403638177045096960
1403638177095097088
1403638177145096960
1403638177195097088
1403638177245096960
1403638177295097088
1403638177345096960
1403638177395097088
1403638177445096960
1403638177495097088
1403638177545096960
1403638177595097088
1403638177645096960
1403638177695097088
1403638177745096960
1403638177795097088
1403638177845096960
1403638177895097088
1403638177945096960
1403638177995097088
1403638178045096960
1403638178095097088
1403638178145096960
1403638178195097088
1403638178245096960
1403638178295097088
1403638178345096960
1403638178395097088
1403638178445096960
1403638178495097088
1403638178545096960
1403638178595097088
1403638178645096960
1403638178695097088
1403638178745096960
1403638178795097088
1403638178845096960
1403638178895097088
1403638178945096960
1403638178995097088
1403638179045096960
1403638179095097088
1403638179145096960
1403638179195097088
1403638179245096960
1403638179295097088
1403638179345096960
1403638179395097088
1403638179445096960
1403638179495097088
1403638179545096960
1403638179595097088
1403638179645096960
1403638179695097088
