1403638217245096960
1403638217295097088
1403638217345096960
1403638217395097088
1403638217445096960
1403638217495097088
1403638217545096960
1403638217595097088
1403638217645096960
1403638217695097088
1403638217745096960
1403638217795097088
1403638217845096960
1403638217895097088
1403638217945096960
1403638217995097088
1403638218045096960
1403638218095097088
1403638218145096960
1403638218195097088
1403638218245096960
1403638218295097088
1403638218345096960
1403638218395097088
1403638218445096960
1403638218495097088
1403638218545096960
1403638218595097088
1403638218645096960
1403638218695097088
1403638218745096960
1403638218795097088
1403638218845096960
1403638218895097088
1403638218945096960
1403638218995097088
1403638219045096960
1403638219095097088
1403638219145096960
1403638219195097088
1403638219245096960
1403638219295097088
1403638219345096960
1403638219395097088
1403638219445096960
1403638219495097088
1403638219545096960
1403638219595097088
1403638219645096960
1403638219695097088
1403638219745096960
1403638219795097088
1403638219845096960
1403638219895097088
1403638219945096960
1403638219995097088
1403638220045096960
1403638220095097088
1403638220145096960
1403638220195097088
1403638220245096960
1403638220295097088
1403638220345096960
1403638220395097088
1403638220445096960
1403638220495097088
1403638220545096960
1403638220595097088
1403638220645096960
1403638220695097088
1403638220745096960
1403638220795097088
1403638220845096960
1403638220895097088
1403638220945096960
1403638220995097088
1403638221045096960
1403638221095097088
1403638221145096960
1403638221195097088
1403638221245096960
1403638221295097088
1403638221345096960
1403638221395097088
1403638221445096960
1403638221495097088
1403638221545096960
1403638221595097088
1403638221645096960
1403638221695097088
1403638221745096960
1403638221795097088
1403638221845096960
1403638221895097088
1403638221945096960
1403638221995097088
1403638222045096960
1403638222095097088
1403638222145096960
1403638222195097088
1403638222245096960
1403638222295097088
1403638222345096960
1403638222395097088
1403638222445096960
1403638222495097088
1403638222545096960
1403638222595097088
1403638222645096960
1403638222695097088
1403638222745096960
1403638222795097088
1403638222845096960
1403638222895097088
1403638222945096960
1403638222995097088
1403638223045096960
1403638223095097088
1403638223145096960
1403638223195097088
1403638223245096960
1403638223295097088
1403638223345096960
1403638223395097088
1403638223445096960
1403638223495097088
1403638223545096960
1403638223595097088
1403638223645096960
1403638223695097088
1403638223745096960
1403638223795097088
1403638223845096960
1403638223895097088
1403638223945096960
1403638223995097088
1403638224045096960
1403638224095097088
1403638224145096960
1403638224195097088
1403638224245096960
1403638224295097088
1403638224345096960
1403638224395097088
1403638224445096960
1403638224495097088
1403638224545096960
1403638224595097088
1403638224645096960
1403638224695097088
