1403638202245096960
1403638202295097088
1403638202345096960
1403638202395097088
1403638202445096960
1403638202495097088
1403638202545096960
1403638202595097088
1403638202645096960
1403638202695097088
1403638202745096960
1403638202795097088
1403638202845096960
1403638202895097088
1403638202945096960
1403638202995097088
1403638203045096960
1403638203095097088
1403638203145096960
1403638203195097088
1403638203245096960
1403638203295097088
1403638203345096960
1403638203395097088
1403638203445096960
1403638203495097088
1403638203545096960
1403638203595097088
1403638203645096960
1403638203695097088
1403638203745096960
1403638203795097088
1403638203845096960
1403638203895097088
1403638203945096960
1403638203995097088
1403638204045096960
1403638204095097088
1403638204145096960
1403638204195097088
1403638204245096960
1403638204295097088
1403638204345096960
1403638204395097088
1403638204445096960
1403638204495097088
1403638204545096960
1403638204595097088
1403638204645096960
1403638204695097088
1403638204745096960
1403638204795097088
1403638204845096960
1403638204895097088
1403638204945096960
1403638204995097088
1403638205045096960
1403638205095097088
1403638205145096960
1403638205195097088
1403638205245096960
1403638205295097088
1403638205345096960
1403638205395097088
1403638205445096960
1403638205495097088
1403638205545096960
1403638205595097088
1403638205645096960
1403638205695097088
1403638205745096960
1403638205795097088
1403638205845096960
1403638205895097088
1403638205945096960
1403638205995097088
1403638206045096960
1403638206095097088
1403638206145096960
1403638206195097088
1403638206245096960
1403638206295097088
1403638206345096960
1403638206395097088
1403638206445096960
1403638206495097088
1403638206545096960
1403638206595097088
1403638206645096960
1403638206695097088
1403638206745096960
1403638206795097088
1403638206845096960
1403638206895097088
1403638206945096960
1403638206995097088
1403638207045096960
1403638207095097088
1403638207145096960
1403638207195097088
1403638207245096960
1403638207295097088
1403638207345096960
1403638207395097088
1403638207445096960
1403638207495097088
1403638207545096960
1403638207595097088
1403638207645096960
1403638207695097088
1403638207745096960
1403638207795097088
1403638207845096960
1403638207895097088
1403638207945096960
1403638207995097088
1403638208045096960
1403638208095097088
1403638208145096960
1403638208195097088
1403638208245096960
1403638208295097088
1403638208345096960
1403638208395097088
1403638208445096960
1403638208495097088
1403638208545096960
1403638208595097088
1403638208645096960
1403638208695097088
1403638208745096960
1403638208795097088
1403638208845096960
1403638208895097088
1403638208945096960
1403638208995097088
1403638209045096960
1403638209095097088
1403638209145096960
1403638209195097088
1403638209245096960
1403638209295097088
1403638209345096960
1403638209395097088
1403638209445096960
1403638209495097088
1403638209545096960
1403638209595097088
1403638209645096960
1403638209695097088
