1403638548077829376
1403638548127829504
1403638548177829376
1403638548227829504
1403638548277829376
1403638548327829504
1403638548377829376
1403638548427829504
1403638548477829376
1403638548527829504
1403638548577829376
1403638548627829504
1403638548677829376
1403638548727829504
1403638548777829376
1403638548827829504
1403638548877829376
1403638548927829504
1403638548977829376
1403638549027829504
1403638549077829376
1403638549127829504
1403638549177829376
1403638549227829504
1403638549277829376
1403638549327829504
1403638549377829376
1403638549427829504
1403638549477829376
1403638549527829504
1403638549577829376
1403638549627829504
1403638549677829376
1403638549727829504
1403638549777829376
1403638549827829504
1403638549877829376
1403638549927829504
1403638549977829376
1403638550027829504
1403638550077829376
1403638550127829504
1403638550177829376
1403638550227829504
1403638550277829376
1403638550327829504
1403638550377829376
1403638550427829504
1403638550477829376
1403638550527829504
1403638550577829376
1403638550627829504
1403638550677829376
1403638550727829504
1403638550777829376
1403638550827829504
1403638550877829376
1403638550927829504
1403638550977829376
1403638551027829504
1403638551077829376
1403638551127829504
1403638551177829376
1403638551227829504
1403638551277829376
1403638551327829504
1403638551377829376
1403638551427829504
1403638551477829376
1403638551527829504
1403638551577829376
1403638551627829504
1403638551677829376
1403638551727829504
1403638551777829376
1403638551827829504
1403638551877829376
1403638551927829504
1403638551977829376
1403638552027829504
1403638552077829376
1403638552127829504
1403638552177829376
1403638552227829504
1403638552277829376
1403638552327829504
1403638552377829376
1403638552427829504
1403638552477829376
1403638552527829504
1403638552577829376
1403638552627829504
1403638552677829376
1403638552727829504
1403638552777829376
1403638552827829504
1403638552877829376
1403638552927829504
1403638552977829376
1403638553027829504
1403638553077829376
1403638553127829504
1403638553177829376
1403638553227829504
1403638553277829376
1403638553327829504
1403638553377829376
1403638553427829504
1403638553477829376
1403638553527829504
1403638553577829376
1403638553627829504
1403638553677829376
1403638553727829504
1403638553777829376
1403638553827829504
1403638553877829376
1403638553927829504
1403638553977829376
1403638554027829504
1403638554077829376
1403638554127829504
1403638554177829376
1403638554227829504
1403638554277829376
1403638554327829504
1403638554377829376
1403638554427829504
1403638554477829376
1403638554527829504
1403638554577829376
1403638554627829504
1403638554677829376
1403638554727829504
1403638554777829376
1403638554827829504
1403638554877829376
1403638554927829504
1403638554977829376
1403638555027829504
1403638555077829376
1403638555127829504
1403638555177829376
1403638555227829504
1403638555277829376
1403638555327829504
1403638555377829376
1403638555427829504
1403638555477829376
1403638555527829504
