1403638555577829376
1403638555627829504
1403638555677829376
1403638555727829504
1403638555777829376
1403638555827829504
1403638555877829376
1403638555927829504
1403638555977829376
1403638556027829504
1403638556077829376
1403638556127829504
1403638556177829376
1403638556227829504
1403638556277829376
1403638556327829504
1403638556377829376
1403638556427829504
1403638556477829376
1403638556527829504
1403638556577829376
1403638556627829504
1403638556677829376
1403638556727829504
1403638556777829376
1403638556827829504
1403638556877829376
1403638556927829504
1403638556977829376
1403638557027829504
1403638557077829376
1403638557127829504
1403638557177829376
1403638557227829504
1403638557277829376
1403638557327829504
1403638557377829376
1403638557427829504
1403638557477829376
1403638557527829504
1403638557577829376
1403638557627829504
1403638557677829376
1403638557727829504
1403638557777829376
1403638557827829504
1403638557877829376
1403638557927829504
1403638557977829376
1403638558027829504
1403638558077829376
1403638558127829504
1403638558177829376
1403638558227829504
1403638558277829376
1403638558327829504
1403638558377829376
1403638558427829504
1403638558477829376
1403638558527829504
1403638558577829376
1403638558627829504
1403638558677829376
1403638558727829504
1403638558777829376
1403638558827829504
1403638558877829376
1403638558927829504
1403638558977829376
1403638559027829504
1403638559077829376
1403638559127829504
1403638559177829376
1403638559227829504
1403638559277829376
1403638559327829504
1403638559377829376
1403638559427829504
1403638559477829376
1403638559527829504
1403638559577829376
1403638559627829504
1403638559677829376
1403638559727829504
1403638559777829376
1403638559827829504
1403638559877829376
1403638559927829504
1403638559977829376
1403638560027829504
1403638560077829376
1403638560127829504
1403638560177829376
1403638560227829504
1403638560277829376
1403638560327829504
1403638560377829376
1403638560427829504
1403638560477829376
1403638560527829504
1403638560577829376
1403638560627829504
1403638560677829376
1403638560727829504
1403638560777829376
1403638560827829504
1403638560877829376
1403638560927829504
1403638560977829376
1403638561027829504
1403638561077829376
1403638561127829504
1403638561177829376
1403638561227829504
1403638561277829376
1403638561327829504
1403638561377829376
1403638561427829504
1403638561477829376
1403638561527829504
1403638561577829376
1403638561627829504
1403638561677829376
1403638561727829504
1403638561777829376
1403638561827829504
1403638561877829376
1403638561927829504
1403638561977829376
1403638562027829504
1403638562077829376
1403638562127829504
1403638562177829376
1403638562227829504
1403638562277829376
1403638562327829504
1403638562377829376
1403638562427829504
1403638562477829376
1403638562527829504
1403638562577829376
1403638562627829504
1403638562677829376
1403638562727829504
1403638562777829376
1403638562827829504
1403638562877829376
1403638562927829504
1403638562977829376
1403638563027829504
