1403638608077829376
1403638608127829504
1403638608177829376
1403638608227829504
1403638608277829376
1403638608327829504
1403638608377829376
1403638608427829504
1403638608477829376
1403638608527829504
1403638608577829376
1403638608627829504
1403638608677829376
1403638608727829504
1403638608777829376
1403638608827829504
1403638608877829376
1403638608927829504
1403638608977829376
1403638609027829504
1403638609077829376
1403638609127829504
1403638609177829376
1403638609227829504
1403638609277829376
1403638609327829504
1403638609377829376
1403638609427829504
1403638609477829376
1403638609527829504
1403638609577829376
1403638609627829504
1403638609677829376
1403638609727829504
1403638609777829376
1403638609827829504
1403638609877829376
1403638609927829504
1403638609977829376
1403638610027829504
1403638610077829376
1403638610127829504
1403638610177829376
1403638610227829504
1403638610277829376
1403638610327829504
1403638610377829376
1403638610427829504
1403638610477829376
1403638610527829504
1403638610577829376
1403638610627829504
1403638610677829376
1403638610727829504
1403638610777829376
1403638610827829504
1403638610877829376
1403638610927829504
1403638610977829376
1403638611027829504
1403638611077829376
1403638611127829504
1403638611177829376
1403638611227829504
1403638611277829376
1403638611327829504
1403638611377829376
1403638611427829504
1403638611477829376
1403638611527829504
1403638611577829376
1403638611627829504
1403638611677829376
1403638611727829504
1403638611777829376
1403638611827829504
1403638611877829376
1403638611927829504
1403638611977829376
1403638612027829504
1403638612077829376
1403638612127829504
1403638612177829376
1403638612227829504
1403638612277829376
1403638612327829504
1403638612377829376
1403638612427829504
1403638612477829376
1403638612527829504
1403638612577829376
1403638612627829504
1403638612677829376
1403638612727829504
1403638612777829376
1403638612827829504
1403638612877829376
1403638612927829504
1403638612977829376
1403638613027829504
1403638613077829376
1403638613127829504
1403638613177829376
1403638613227829504
1403638613277829376
1403638613327829504
1403638613377829376
1403638613427829504
1403638613477829376
1403638613527829504
1403638613577829376
1403638613627829504
1403638613677829376
1403638613727829504
1403638613777829376
1403638613827829504
1403638613877829376
1403638613927829504
1403638613977829376
1403638614027829504
1403638614077829376
1403638614127829504
1403638614177829376
1403638614227829504
1403638614277829376
1403638614327829504
1403638614377829376
1403638614427829504
1403638614477829376
1403638614527829504
1403638614577829376
1403638614627829504
1403638614677829376
1403638614727829504
1403638614777829376
1403638614827829504
1403638614877829376
1403638614927829504
1403638614977829376
1403638615027829504
1403638615077829376
1403638615127829504
1403638615177829376
1403638615227829504
1403638615277829376
1403638615327829504
1403638615377829376
1403638615427829504
1403638615477829376
1403638615527829504
