1403638540577829376
1403638540627829504
1403638540677829376
1403638540727829504
1403638540777829376
1403638540827829504
1403638540877829376
1403638540927829504
1403638540977829376
1403638541027829504
1403638541077829376
1403638541127829504
1403638541177829376
1403638541227829504
1403638541277829376
1403638541327829504
1403638541377829376
1403638541427829504
1403638541477829376
1403638541527829504
1403638541577829376
1403638541627829504
1403638541677829376
1403638541727829504
1403638541777829376
1403638541827829504
1403638541877829376
1403638541927829504
1403638541977829376
1403638542027829504
1403638542077829376
1403638542127829504
1403638542177829376
1403638542227829504
1403638542277829376
1403638542327829504
1403638542377829376
1403638542427829504
1403638542477829376
1403638542527829504
1403638542577829376
1403638542627829504
1403638542677829376
1403638542727829504
1403638542777829376
1403638542827829504
1403638542877829376
1403638542927829504
1403638542977829376
1403638543027829504
1403638543077829376
1403638543127829504
1403638543177829376
1403638543227829504
1403638543277829376
1403638543327829504
1403638543377829376
1403638543427829504
1403638543477829376
1403638543527829504
1403638543577829376
1403638543627829504
1403638543677829376
1403638543727829504
1403638543777829376
1403638543827829504
1403638543877829376
1403638543927829504
1403638543977829376
1403638544027829504
1403638544077829376
1403638544127829504
1403638544177829376
1403638544227829504
1403638544277829376
1403638544327829504
1403638544377829376
1403638544427829504
1403638544477829376
1403638544527829504
1403638544577829376
1403638544627829504
1403638544677829376
1403638544727829504
1403638544777829376
1403638544827829504
1403638544877829376
1403638544927829504
1403638544977829376
1403638545027829504
1403638545077829376
1403638545127829504
1403638545177829376
1403638545227829504
1403638545277829376
1403638545327829504
1403638545377829376
1403638545427829504
1403638545477829376
1403638545527829504
1403638545577829376
1403638545627829504
1403638545677829376
1403638545727829504
1403638545777829376
1403638545827829504
1403638545877829376
1403638545927829504
1403638545977829376
1403638546027829504
1403638546077829376
1403638546127829504
1403638546177829376
1403638546227829504
1403638546277829376
1403638546327829504
1403638546377829376
1403638546427829504
1403638546477829376
1403638546527829504
1403638546577829376
1403638546627829504
1403638546677829376
1403638546727829504
1403638546777829376
1403638546827829504
1403638546877829376
1403638546927829504
1403638546977829376
1403638547027829504
1403638547077829376
1403638547127829504
1403638547177829376
1403638547227829504
1403638547277829376
1403638547327829504
1403638547377829376
1403638547427829504
1403638547477829376
1403638547527829504
1403638547577829376
1403638547627829504
1403638547677829376
1403638547727829504
1403638547777829376
1403638547827829504
1403638547877829376
1403638547927829504
1403638547977829376
1403638548027829504
