1403638533077829376
1403638533127829504
1403638533177829376
1403638533227829504
1403638533277829376
1403638533327829504
1403638533377829376
1403638533427829504
1403638533477829376
1403638533527829504
1403638533577829376
1403638533627829504
1403638533677829376
1403638533727829504
1403638533777829376
1403638533827829504
1403638533877829376
1403638533927829504
1403638533977829376
1403638534027829504
1403638534077829376
1403638534127829504
1403638534177829376
1403638534227829504
1403638534277829376
1403638534327829504
1403638534377829376
1403638534427829504
1403638534477829376
1403638534527829504
1403638534577829376
1403638534627829504
1403638534677829376
1403638534727829504
1403638534777829376
1403638534827829504
1403638534877829376
1403638534927829504
1403638534977829376
1403638535027829504
1403638535077829376
1403638535127829504
1403638535177829376
1403638535227829504
1403638535277829376
1403638535327829504
1403638535377829376
1403638535427829504
1403638535477829376
1403638535527829504
1403638535577829376
1403638535627829504
1403638535677829376
1403638535727829504
1403638535777829376
1403638535827829504
1403638535877829376
1403638535927829504
1403638535977829376
1403638536027829504
1403638536077829376
1403638536127829504
1403638536177829376
1403638536227829504
1403638536277829376
1403638536327829504
1403638536377829376
1403638536427829504
1403638536477829376
1403638536527829504
1403638536577829376
1403638536627829504
1403638536677829376
1403638536727829504
1403638536777829376
1403638536827829504
1403638536877829376
1403638536927829504
1403638536977829376
1403638537027829504
1403638537077829376
1403638537127829504
1403638537177829376
1403638537227829504
1403638537277829376
1403638537327829504
1403638537377829376
1403638537427829504
1403638537477829376
1403638537527829504
1403638537577829376
1403638537627829504
1403638537677829376
1403638537727829504
1403638537777829376
1403638537827829504
1403638537877829376
1403638537927829504
1403638537977829376
1403638538027829504
1403638538077829376
1403638538127829504
1403638538177829376
1403638538227829504
1403638538277829376
1403638538327829504
1403638538377829376
1403638538427829504
1403638538477829376
1403638538527829504
1403638538577829376
1403638538627829504
1403638538677829376
1403638538727829504
1403638538777829376
1403638538827829504
1403638538877829376
1403638538927829504
1403638538977829376
1403638539027829504
1403638539077829376
1403638539127829504
1403638539177829376
1403638539227829504
1403638539277829376
1403638539327829504
1403638539377829376
1403638539427829504
1403638539477829376
1403638539527829504
1403638539577829376
1403638539627829504
1403638539677829376
1403638539727829504
1403638539777829376
1403638539827829504
1403638539877829376
1403638539927829504
1403638539977829376
1403638540027829504
1403638540077829376
1403638540127829504
1403638540177829376
1403638540227829504
1403638540277829376
1403638540327829504
1403638540377829376
1403638540427829504
1403638540477829376
1403638540527829504
