1403638525577829376
1403638525627829504
1403638525677829376
1403638525727829504
1403638525777829376
1403638525827829504
1403638525877829376
1403638525927829504
1403638525977829376
1403638526027829504
1403638526077829376
1403638526127829504
1403638526177829376
1403638526227829504
1403638526277829376
1403638526327829504
1403638526377829376
1403638526427829504
1403638526477829376
1403638526527829504
1403638526577829376
1403638526627829504
1403638526677829376
1403638526727829504
1403638526777829376
1403638526827829504
1403638526877829376
1403638526927829504
1403638526977829376
1403638527027829504
1403638527077829376
1403638527127829504
1403638527177829376
1403638527227829504
1403638527277829376
1403638527327829504
1403638527377829376
1403638527427829504
1403638527477829376
1403638527527829504
1403638527577829376
1403638527627829504
1403638527677829376
1403638527727829504
1403638527777829376
1403638527827829504
1403638527877829376
1403638527927829504
1403638527977829376
1403638528027829504
1403638528077829376
1403638528127829504
1403638528177829376
1403638528227829504
1403638528277829376
1403638528327829504
1403638528377829376
1403638528427829504
1403638528477829376
1403638528527829504
1403638528577829376
1403638528627829504
1403638528677829376
1403638528727829504
1403638528777829376
1403638528827829504
1403638528877829376
1403638528927829504
1403638528977829376
1403638529027829504
1403638529077829376
1403638529127829504
1403638529177829376
1403638529227829504
1403638529277829376
1403638529327829504
1403638529377829376
1403638529427829504
1403638529477829376
1403638529527829504
1403638529577829376
1403638529627829504
1403638529677829376
1403638529727829504
1403638529777829376
1403638529827829504
1403638529877829376
1403638529927829504
1403638529977829376
1403638530027829504
1403638530077829376
1403638530127829504
1403638530177829376
1403638530227829504
1403638530277829376
1403638530327829504
1403638530377829376
1403638530427829504
1403638530477829376
1403638530527829504
1403638530577829376
1403638530627829504
1403638530677829376
1403638530727829504
1403638530777829376
1403638530827829504
1403638530877829376
1403638530927829504
1403638530977829376
1403638531027829504
1403638531077829376
1403638531127829504
1403638531177829376
1403638531227829504
1403638531277829376
1403638531327829504
1403638531377829376
1403638531427829504
1403638531477829376
1403638531527829504
1403638531577829376
1403638531627829504
1403638531677829376
1403638531727829504
1403638531777829376
1403638531827829504
1403638531877829376
1403638531927829504
1403638531977829376
1403638532027829504
1403638532077829376
1403638532127829504
1403638532177829376
1403638532227829504
1403638532277829376
1403638532327829504
1403638532377829376
1403638532427829504
1403638532477829376
1403638532527829504
1403638532577829376
1403638532627829504
1403638532677829376
1403638532727829504
1403638532777829376
1403638532827829504
1403638532877829376
1403638532927829504
1403638532977829376
1403638533027829504
