1403638563077829376
1403638563127829504
1403638563177829376
1403638563227829504
1403638563277829376
1403638563327829504
1403638563377829376
1403638563427829504
1403638563477829376
1403638563527829504
1403638563577829376
1403638563627829504
1403638563677829376
1403638563727829504
1403638563777829376
1403638563827829504
1403638563877829376
1403638563927829504
1403638563977829376
1403638564027829504
1403638564077829376
1403638564127829504
1403638564177829376
1403638564227829504
1403638564277829376
1403638564327829504
1403638564377829376
1403638564427829504
1403638564477829376
1403638564527829504
1403638564577829376
1403638564627829504
1403638564677829376
1403638564727829504
1403638564777829376
1403638564827829504
1403638564877829376
1403638564927829504
1403638564977829376
1403638565027829504
1403638565077829376
1403638565127829504
1403638565177829376
1403638565227829504
1403638565277829376
1403638565327829504
1403638565377829376
1403638565427829504
1403638565477829376
1403638565527829504
1403638565577829376
1403638565627829504
1403638565677829376
1403638565727829504
1403638565777829376
1403638565827829504
1403638565877829376
1403638565927829504
1403638565977829376
1403638566027829504
1403638566077829376
1403638566127829504
1403638566177829376
1403638566227829504
1403638566277829376
1403638566327829504
1403638566377829376
1403638566427829504
1403638566477829376
1403638566527829504
1403638566577829376
1403638566627829504
1403638566677829376
1403638566727829504
1403638566777829376
1403638566827829504
1403638566877829376
1403638566927829504
1403638566977829376
1403638567027829504
1403638567077829376
1403638567127829504
1403638567177829376
1403638567227829504
1403638567277829376
1403638567327829504
1403638567377829376
1403638567427829504
1403638567477829376
1403638567527829504
1403638567577829376
1403638567627829504
1403638567677829376
1403638567727829504
1403638567777829376
1403638567827829504
1403638567877829376
1403638567927829504
1403638567977829376
1403638568027829504
1403638568077829376
1403638568127829504
1403638568177829376
1403638568227829504
1403638568277829376
1403638568327829504
1403638568377829376
1403638568427829504
1403638568477829376
1403638568527829504
1403638568577829376
1403638568627829504
1403638568677829376
1403638568727829504
1403638568777829376
1403638568827829504
1403638568877829376
1403638568927829504
1403638568977829376
1403638569027829504
1403638569077829376
1403638569127829504
1403638569177829376
1403638569227829504
1403638569277829376
1403638569327829504
1403638569377829376
1403638569427829504
1403638569477829376
1403638569527829504
1403638569577829376
1403638569627829504
1403638569677829376
1403638569727829504
1403638569777829376
1403638569827829504
1403638569877829376
1403638569927829504
1403638569977829376
1403638570027829504
1403638570077829376
1403638570127829504
1403638570177829376
1403638570227829504
1403638570277829376
1403638570327829504
1403638570377829376
1403638570427829504
1403638570477829376
1403638570527829504
