1403638578077829376
1403638578127829504
1403638578177829376
1403638578227829504
1403638578277829376
1403638578327829504
1403638578377829376
1403638578427829504
1403638578477829376
1403638578527829504
1403638578577829376
1403638578627829504
1403638578677829376
1403638578727829504
1403638578777829376
1403638578827829504
1403638578877829376
1403638578927829504
1403638578977829376
1403638579027829504
1403638579077829376
1403638579127829504
1403638579177829376
1403638579227829504
1403638579277829376
1403638579327829504
1403638579377829376
1403638579427829504
1403638579477829376
1403638579527829504
1403638579577829376
1403638579627829504
1403638579677829376
1403638579727829504
1403638579777829376
1403638579827829504
1403638579877829376
1403638579927829504
1403638579977829376
1403638580027829504
1403638580077829376
1403638580127829504
1403638580177829376
1403638580227829504
1403638580277829376
1403638580327829504
1403638580377829376
1403638580427829504
1403638580477829376
1403638580527829504
1403638580577829376
1403638580627829504
1403638580677829376
1403638580727829504
1403638580777829376
1403638580827829504
1403638580877829376
1403638580927829504
1403638580977829376
1403638581027829504
1403638581077829376
1403638581127829504
1403638581177829376
1403638581227829504
1403638581277829376
1403638581327829504
1403638581377829376
1403638581427829504
1403638581477829376
1403638581527829504
1403638581577829376
1403638581627829504
1403638581677829376
1403638581727829504
1403638581777829376
1403638581827829504
1403638581877829376
1403638581927829504
1403638581977829376
1403638582027829504
1403638582077829376
1403638582127829504
1403638582177829376
1403638582227829504
1403638582277829376
1403638582327829504
1403638582377829376
1403638582427829504
1403638582477829376
1403638582527829504
1403638582577829376
1403638582627829504
1403638582677829376
1403638582727829504
1403638582777829376
1403638582827829504
1403638582877829376
1403638582927829504
1403638582977829376
1403638583027829504
1403638583077829376
1403638583127829504
1403638583177829376
1403638583227829504
1403638583277829376
1403638583327829504
1403638583377829376
1403638583427829504
1403638583477829376
1403638583527829504
1403638583577829376
1403638583627829504
1403638583677829376
1403638583727829504
1403638583777829376
1403638583827829504
1403638583877829376
1403638583927829504
1403638583977829376
1403638584027829504
1403638584077829376
1403638584127829504
1403638584177829376
1403638584227829504
1403638584277829376
1403638584327829504
1403638584377829376
1403638584427829504
1403638584477829376
1403638584527829504
1403638584577829376
1403638584627829504
1403638584677829376
1403638584727829504
1403638584777829376
1403638584827829504
1403638584877829376
1403638584927829504
1403638584977829376
1403638585027829504
1403638585077829376
1403638585127829504
1403638585177829376
1403638585227829504
1403638585277829376
1403638585327829504
1403638585377829376
1403638585427829504
1403638585477829376
1403638585527829504
