1403638585577829376
1403638585627829504
1403638585677829376
1403638585727829504
1403638585777829376
1403638585827829504
1403638585877829376
1403638585927829504
1403638585977829376
1403638586027829504
1403638586077829376
1403638586127829504
1403638586177829376
1403638586227829504
1403638586277829376
1403638586327829504
1403638586377829376
1403638586427829504
1403638586477829376
1403638586527829504
1403638586577829376
1403638586627829504
1403638586677829376
1403638586727829504
1403638586777829376
1403638586827829504
1403638586877829376
1403638586927829504
1403638586977829376
1403638587027829504
1403638587077829376
1403638587127829504
1403638587177829376
1403638587227829504
1403638587277829376
1403638587327829504
1403638587377829376
1403638587427829504
1403638587477829376
1403638587527829504
1403638587577829376
1403638587627829504
1403638587677829376
1403638587727829504
1403638587777829376
1403638587827829504
1403638587877829376
1403638587927829504
1403638587977829376
1403638588027829504
1403638588077829376
1403638588127829504
1403638588177829376
1403638588227829504
1403638588277829376
1403638588327829504
1403638588377829376
1403638588427829504
1403638588477829376
1403638588527829504
1403638588577829376
1403638588627829504
1403638588677829376
1403638588727829504
1403638588777829376
1403638588827829504
1403638588877829376
1403638588927829504
1403638588977829376
1403638589027829504
1403638589077829376
1403638589127829504
1403638589177829376
1403638589227829504
1403638589277829376
1403638589327829504
1403638589377829376
1403638589427829504
1403638589477829376
1403638589527829504
1403638589577829376
1403638589627829504
1403638589677829376
1403638589727829504
1403638589777829376
1403638589827829504
1403638589877829376
1403638589927829504
1403638589977829376
1403638590027829504
1403638590077829376
1403638590127829504
1403638590177829376
1403638590227829504
1403638590277829376
1403638590327829504
1403638590377829376
1403638590427829504
1403638590477829376
1403638590527829504
1403638590577829376
1403638590627829504
1403638590677829376
1403638590727829504
1403638590777829376
1403638590827829504
1403638590877829376
1403638590927829504
1403638590977829376
1403638591027829504
1403638591077829376
1403638591127829504
1403638591177829376
1403638591227829504
1403638591277829376
1403638591327829504
1403638591377829376
1403638591427829504
1403638591477829376
1403638591527829504
1403638591577829376
1403638591627829504
1403638591677829376
1403638591727829504
1403638591777829376
1403638591827829504
1403638591877829376
1403638591927829504
1403638591977829376
1403638592027829504
1403638592077829376
1403638592127829504
1403638592177829376
1403638592227829504
1403638592277829376
1403638592327829504
1403638592377829376
1403638592427829504
1403638592477829376
1403638592527829504
1403638592577829376
1403638592627829504
1403638592677829376
1403638592727829504
1403638592777829376
1403638592827829504
1403638592877829376
1403638592927829504
1403638592977829376
1403638593027829504
