1403638518077829376, 1403638525577829376
1403638525577829376, 1403638533077829376
1403638533077829376, 1403638540577829376
1403638540577829376, 1403638548077829376
1403638548077829376, 1403638555577829376
1403638555577829376, 1403638563077829376
1403638563077829376, 1403638570577829376
1403638570577829376, 1403638578077829376
1403638578077829376, 1403638585577829376
1403638585577829376, 1403638593077829376
1403638593077829376, 1403638600577829376
1403638600577829376, 1403638608077829376
1403638608077829376, 1403638615577829376
