1403638127245096960, 1403638134745096960
1403638134745096960, 1403638142245096960
1403638142245096960, 1403638149745096960
1403638149745096960, 1403638157245096960
1403638157245096960, 1403638164745096960
1403638164745096960, 1403638172245096960
1403638172245096960, 1403638179745096960
1403638179745096960, 1403638187245096960
1403638187245096960, 1403638194745096960
1403638194745096960, 1403638202245096960
1403638202245096960, 1403638209745096960
1403638209745096960, 1403638217245096960
1403638217245096960, 1403638224745096960
