1403638524027829504.000000 -0.256056368 0.235261455 0.044137992 -0.003019705 -0.005185222 -0.001415823 0.999980986
1403638524077829376.000000 -0.255748510 0.247390494 0.041404895 0.000655987 -0.005099203 0.003493136 0.999980688
1403638524177829376.000000 -0.255510807 0.217701659 0.021846432 0.009566836 -0.001675461 0.007198586 0.999926925
1403638524227829504.000000 -0.254369020 0.176971704 0.004235631 0.011881385 0.001187357 0.006557561 0.999907196
1403638524377829376.000000 -0.247318268 -0.001278646 -0.060214937 0.006781240 0.010201213 -0.001779110 0.999923408
1403638524727829504.000000 -0.244406983 -0.422290206 -0.173012584 -0.035687476 0.002022404 -0.010162236 0.999309301
1403638525677829376.000000 -0.276774287 0.035041437 0.019507067 0.014043014 0.017686693 -0.005553105 0.999729514
1403638525827829504.000000 -0.279752016 0.129884407 0.056629740 0.007151767 0.007712593 -0.009063061 0.999903619
1403638526027829504.000000 -0.240608543 0.188116133 0.066187315 0.002024109 -0.006693126 -0.003103598 0.999970734
1403638526227829504.000000 -0.103284590 0.170028687 0.031363070 0.008144330 -0.019217107 -0.013660392 0.999688864
1403638526427829504.000000 0.092749469 0.127808824 -0.034944080 -0.005628014 -0.033906229 -0.025320163 0.999088407
1403638528577829376.000000 0.170931205 -0.018822744 0.276639700 -0.027134020 -0.079884924 -0.049837675 0.995187581
1403638529327829504.000000 -0.014319379 -0.068348236 0.210623622 -0.017105717 -0.110120349 -0.047300205 0.992644727
1403638530027829504.000000 -0.203285322 0.255757898 0.154803976 0.009866577 -0.103444405 -0.040966731 0.993742228
1403638530427829504.000000 -0.173828870 0.290770113 0.309631109 0.013805239 -0.119512245 -0.051828902 0.991382897
1403638530827829504.000000 -0.139166683 0.321559906 0.378698647 0.027404027 -0.123792835 -0.060382295 0.990090072
1403638531327829504.000000 -0.145881936 0.337155700 0.395020783 0.006341571 -0.123021014 -0.054643404 0.990878224
1403638539177829376.000000 -0.138827354 0.290300846 0.429787308 -0.024545243 -0.124502115 -0.053400766 0.990477204
1403638540477829376.000000 -0.076688185 -0.323960543 0.681699991 -0.013949362 -0.109288648 -0.043860584 0.992943943
1403638540927829504.000000 -0.072440170 -0.560597122 1.061415315 -0.018559972 -0.024570636 0.013416744 0.999435723
1403638541327829504.000000 -0.203556865 -0.735236347 1.474193096 -0.021944584 0.037901193 0.038536459 0.998296976
1403638541877829376.000000 -0.658588052 -1.221427441 1.975849986 -0.028259277 0.071431279 0.040357277 0.996228039
1403638542427829504.000000 -1.293667436 -1.701340675 2.416347504 -0.033533681 0.192296192 0.089317963 0.976688266
1403638542927829504.000000 -1.991503000 -1.996598959 2.735755682 -0.037761360 0.225584000 0.106551223 0.967642903
1403638543427829504.000000 -2.833012342 -2.344784498 2.859233379 -0.026324438 0.226597264 0.095562994 0.968931615
1403638543927829504.000000 -3.723618984 -2.505385876 3.047828674 -0.032421026 0.311743706 0.144373372 0.938573956
1403638544327829504.000000 -4.511321545 -2.785845518 3.116678238 -0.026293175 0.363301545 0.148554847 0.919375956
1403638544777829376.000000 -5.415852547 -3.011170387 3.310592890 -0.038732585 0.370391011 0.146040425 0.916505575
1403638545227829504.000000 -6.279762745 -3.158386469 3.524856091 -0.031734049 0.372072250 0.150592610 0.915356219
1403638545577829376.000000 -6.940702438 -3.174468040 3.749799013 -0.033606224 0.382885426 0.152386084 0.910520673
1403638545827829504.000000 -7.388017654 -3.228488922 3.873379230 -0.031656016 0.424211949 0.171676770 0.888577044
1403638546027829504.000000 -7.750127792 -3.326504707 3.930134296 -0.032041918 0.464341074 0.196581692 0.862969458
1403638546327829504.000000 -8.308702469 -3.457717180 4.038973808 -0.031252373 0.498982161 0.211588264 0.839803874
1403638546677829376.000000 -8.997920990 -3.524011135 4.175941467 -0.028749989 0.513638437 0.215539649 0.829994977
1403638547077829376.000000 -9.824319839 -3.703407049 4.274365425 -0.035423029 0.523515463 0.231725410 0.819133759
1403638547377829376.000000 -10.479077339 -3.748342037 4.357765198 -0.037307080 0.523524940 0.235014960 0.818106234
1403638547677829376.000000 -11.188121796 -3.698714018 4.387659073 -0.027302949 0.525263429 0.222817704 0.820795417
1403638547977829376.000000 -11.921656609 -3.586071014 4.448756695 -0.033585705 0.522191584 0.228455752 0.820972562
1403638548327829504.000000 -12.814844131 -3.572270632 4.398209572 -0.027617928 0.550352514 0.236360222 0.800301909
1403638548827829504.000000 -14.183543205 -3.681183100 4.202980042 -0.026564896 0.593861997 0.253348351 0.763175547
1403638549177829376.000000 -15.189647675 -3.838704348 4.031447411 -0.026092527 0.597650468 0.252712190 0.760440409
1403638549477829376.000000 -16.083175659 -4.048465252 3.848581791 -0.022601977 0.598758042 0.244819015 0.762260854
1403638549827829504.000000 -17.124883652 -4.283315182 3.709174633 -0.023840852 0.598613381 0.242062077 0.763216555
1403638550327829504.000000 -18.634109497 -4.795701027 3.448425293 -0.020615472 0.598521054 0.243146002 0.763038397
1403638550727829504.000000 -19.839965820 -5.257033825 3.314015388 -0.021899989 0.605213702 0.229146168 0.762055635
1403638551127829504.000000 -20.982028961 -5.619397163 3.320072651 -0.041992389 0.611719012 0.209196761 0.761756659
1403638551527829504.000000 -21.883621216 -6.019715309 3.432676792 -0.024048679 0.588992834 0.195033327 0.783882082
1403638551977829376.000000 -22.633094788 -6.470105648 3.855527878 -0.025184900 0.513725460 0.159073651 0.842702448
1403638552377829376.000000 -23.066383362 -7.049612999 4.369385719 -0.025027461 0.492326349 0.159070358 0.855385900
1403638552777829376.000000 -23.310251236 -7.559421539 4.997076988 -0.039757803 0.499440402 0.148225263 0.852647603
1403638553277829376.000000 -23.294292450 -7.999716282 5.932230949 -0.055789106 0.506435573 0.156788543 0.846066177
1403638553777829376.000000 -22.827629089 -8.540683746 6.745729446 -0.077125281 0.504572749 0.172665641 0.842404068
1403638554177829376.000000 -22.147085190 -8.976408005 7.155669689 -0.059251200 0.500186265 0.181994617 0.844500422
1403638554627829504.000000 -21.291297913 -9.260212898 7.576844692 -0.035801310 0.495199680 0.198022082 0.845152557
1403638555027829504.000000 -20.566474915 -9.566192627 7.887386322 -0.032744318 0.498526663 0.179569215 0.847439587
1403638555977829376.000000 -18.790344238 -10.094572067 8.975140572 -0.033250481 0.454859883 0.175492942 0.872467279
1403638556327829504.000000 -18.170454025 -10.384761810 9.325206757 -0.017487068 0.453358948 0.180217460 0.872743666
1403638556777829376.000000 -17.520606995 -10.761120796 9.903170586 -0.007698739 0.457926363 0.165482923 0.873418331
1403638557327829504.000000 -16.813720703 -11.397566795 10.818870544 -0.020255642 0.460107058 0.161882401 0.872745812
1403638557827829504.000000 -16.155231476 -11.974802971 11.792245865 -0.034033131 0.453151435 0.179957584 0.872416615
1403638558227829504.000000 -15.696386337 -12.366111755 12.544360161 -0.008670704 0.448699057 0.188198537 0.873599052
1403638558677829376.000000 -15.424999237 -12.957178116 13.374439240 0.005796239 0.445101917 0.189502627 0.875179648
1403638558977829376.000000 -15.406355858 -13.440838814 13.984617233 -0.007375932 0.449353904 0.175722405 0.875870049
1403638559277829376.000000 -15.434165001 -13.815313339 14.708950996 -0.025341598 0.449762791 0.179093450 0.874640942
1403638559577829376.000000 -15.486862183 -14.081837654 15.440166473 -0.034947097 0.447766066 0.188713774 0.873310566
1403638559927829504.000000 -15.609113693 -14.348686218 16.230812073 -0.034834016 0.448554218 0.185884848 0.873517334
1403638560227829504.000000 -15.730648041 -14.534067154 16.898309708 -0.033655770 0.403352082 0.159949005 0.900328100
1403638560427829504.000000 -15.809930801 -14.606509209 17.346351624 -0.043848086 0.355102897 0.133130834 0.924259424
1403638560627829504.000000 -15.874734879 -14.641165733 17.788532257 -0.048540000 0.304566592 0.100392409 0.945941031
1403638560827829504.000000 -15.903430939 -14.666244507 18.211734772 -0.046079826 0.260941297 0.067302004 0.961902678
1403638561127829504.000000 -15.825605392 -14.797062874 18.751472473 -0.058558788 0.195390627 0.034790773 0.978357255
1403638561627829504.000000 -15.414132118 -15.037556648 19.365627289 -0.044782709 0.145708367 0.045736060 0.987254679
1403638561827829504.000000 -15.192622185 -15.052423477 19.575309753 -0.043532357 0.145603552 0.050757796 0.987080634
1403638562077829376.000000 -14.910922050 -15.029798508 19.827053070 -0.044530116 0.126189634 0.047415521 0.989871204
1403638562427829504.000000 -14.528545380 -15.061098099 20.078266144 -0.047242355 0.084864356 0.029381497 0.994838119
1403638562777829376.000000 -14.121131897 -15.176939011 20.213623047 -0.046436988 0.015585535 -0.019543003 0.998608410
1403638562977829376.000000 -13.844179153 -15.214246750 20.262655258 -0.046006851 -0.032784004 -0.043615341 0.997449875
1403638563277829376.000000 -13.397970200 -15.153594017 20.308822632 -0.049837228 -0.090225793 -0.073263846 0.991971731
1403638563627829504.000000 -12.802519798 -14.966325760 20.260150909 -0.066407628 -0.110770382 -0.077309445 0.988606691
1403638563977829376.000000 -12.116404533 -14.812913895 19.966068268 -0.062383831 -0.100782603 -0.082122065 0.989548922
1403638564327829504.000000 -11.309370995 -14.601774216 19.509597778 -0.065535940 -0.088538542 -0.071023218 0.991373658
1403638564677829376.000000 -10.410971642 -14.388452530 18.864990234 -0.064290121 -0.079297289 -0.072948195 0.992097437
1403638565027829504.000000 -9.420539856 -13.990585327 18.139028549 -0.063988574 -0.076440431 -0.084041134 0.991463244
1403638565327829504.000000 -8.471935272 -13.346044540 17.549240112 -0.059709568 -0.076922476 -0.082814150 0.991796136
1403638565627829504.000000 -7.459334373 -12.625740051 16.881603241 -0.065171868 -0.087809004 -0.066761471 0.991758585
1403638565877829376.000000 -6.585776329 -12.090175629 16.248680115 -0.056408055 -0.100401536 -0.045182198 0.992318630
1403638566227829504.000000 -5.464863777 -11.347373962 15.284035683 -0.051755846 -0.104222260 -0.045234874 0.992175817
1403638566527829504.000000 -4.590503216 -10.542665482 14.526067734 -0.050580479 -0.100853622 -0.046209190 0.992539585
1403638566777829376.000000 -3.871032238 -9.839764595 13.897781372 -0.007099546 -0.093787014 -0.046449974 0.994482756
1403638567027829504.000000 -3.219093323 -9.069301605 13.372759819 0.010143298 -0.089435577 -0.044364560 0.994952321
1403638567127829504.000000 -2.955123663 -8.789812088 13.203157425 -0.012274740 -0.090728372 -0.039838828 0.995002806
1403638567577829376.000000 -1.837702990 -7.503707886 12.512650490 -0.033788487 -0.098551303 -0.033436980 0.993995965
1403638567727829504.000000 -1.477277994 -7.110637665 12.285367966 -0.025615074 -0.101064451 -0.032130416 0.994030893
1403638568127829504.000000 -0.735560894 -6.329685211 11.652822495 -0.016426405 -0.106153630 -0.032392442 0.993686199
1403638568327829504.000000 -0.402765989 -6.044661999 11.357441902 -0.017421091 -0.108468294 -0.029882981 0.993497908
1403638568677829376.000000 0.086736441 -5.556347370 10.944472313 -0.009342469 -0.109964103 -0.027611062 0.993508041
1403638568927829504.000000 0.368566513 -5.279357433 10.721547127 -0.008653543 -0.109811865 -0.028317979 0.993511200
1403638569277829376.000000 0.683389425 -5.083351135 10.458374977 -0.004682678 -0.111701533 -0.024171596 0.993436754
1403638570227829504.000000 0.877251983 -4.836602688 10.319066048 -0.020973833 -0.108827375 -0.032590613 0.993304849
1403638570527829504.000000 0.812533855 -4.739337444 10.389925957 -0.024274189 -0.113934249 -0.074852712 0.990366995
1403638570777829376.000000 0.827381611 -4.611679077 10.479846954 -0.044829376 -0.157528192 -0.130589902 0.977814615
1403638571277829376.000000 1.242586136 -4.125738144 10.419849396 -0.043769985 -0.273986548 -0.152694851 0.948525071
1403638571727829504.000000 1.867961645 -3.757474899 9.969602585 -0.036589622 -0.318463504 -0.158442512 0.933883369
1403638572027829504.000000 2.326151133 -3.474174500 9.605094910 -0.028927337 -0.367583662 -0.189723909 0.909972668
1403638572277829376.000000 2.788198233 -3.277405024 9.211051941 -0.023186650 -0.416766167 -0.205343068 0.885213315
1403638572627829504.000000 3.505658627 -2.968722820 8.628908157 -0.005481663 -0.472194642 -0.218078002 0.854075015
1403638573077829376.000000 4.536660671 -2.705360413 7.900630951 0.013215131 -0.482667625 -0.210021973 0.850145936
1403638573427829504.000000 5.422612190 -2.556658268 7.462121010 0.017051758 -0.478345484 -0.208616614 0.852862179
1403638573777829376.000000 6.400966644 -2.569532633 7.097276211 0.019430386 -0.491133273 -0.204661131 0.846477628
1403638574027829504.000000 7.166557789 -2.621759415 6.938723564 -0.009423393 -0.530756593 -0.211673528 0.820611358
1403638574327829504.000000 8.034646988 -2.613624573 6.773585320 -0.043920610 -0.586218476 -0.252695978 0.768481374
1403638574677829376.000000 8.956900597 -2.480802298 6.478182793 -0.031753615 -0.643881619 -0.270122319 0.715151846
1403638574977829376.000000 9.653171539 -2.431307077 6.150588036 -0.006371527 -0.656403303 -0.273665875 0.702994347
1403638575377829376.000000 10.555351257 -2.252016783 5.757583618 -0.015503545 -0.645498931 -0.292263955 0.705459058
1403638575627829504.000000 11.136556625 -2.079690933 5.489471912 0.002111397 -0.640757084 -0.288309097 0.711550236
1403638575977829376.000000 12.054035187 -1.954631805 5.051115990 0.019784776 -0.638276041 -0.280194402 0.716731012
1403638576277829376.000000 12.938067436 -1.992335796 4.665652275 0.018551631 -0.640562177 -0.273229927 0.717412949
1403638576577829376.000000 13.904140472 -1.983681202 4.377451897 0.035159487 -0.646185040 -0.259227276 0.716944873
1403638576877829376.000000 14.916785240 -1.958574295 4.236861229 0.024793942 -0.651532114 -0.246130481 0.717154741
1403638577127829504.000000 15.771799088 -1.940352917 4.227667809 0.003420242 -0.649279892 -0.254975259 0.716527402
1403638577527829504.000000 17.064771652 -2.091735363 4.254617691 0.014305380 -0.652402341 -0.245520577 0.716858566
1403638577977829376.000000 18.494958878 -2.246928692 4.504185677 0.010768458 -0.648519099 -0.251429737 0.718394160
1403638578427829504.000000 19.862709045 -2.516993999 4.833415031 -0.011276067 -0.641023278 -0.268030941 0.719111502
1403638578977829376.000000 21.452592850 -2.664416313 5.274180412 0.000813953 -0.648288429 -0.251897484 0.718518674
1403638579377829376.000000 22.529045105 -2.879044056 5.588148117 -0.007789984 -0.644247651 -0.257596493 0.720089078
1403638579977829376.000000 23.917951584 -3.125999451 6.129391193 -0.019771891 -0.578993380 -0.214216426 0.786439478
1403638580477829376.000000 24.673500061 -3.112989426 6.657651901 -0.040638328 -0.407269955 -0.157171324 0.898764074
1403638581077829376.000000 25.272235870 -3.087352514 7.078307152 -0.018778142 -0.330521733 -0.139286414 0.933274925
1403638582377829376.000000 26.322732925 -3.719608784 7.500857353 -0.032666806 -0.353558034 -0.128713533 0.925938666
1403638582977829376.000000 26.328235626 -4.342291355 7.438774109 -0.025469989 -0.354421347 -0.129979953 0.925657630
1403638583477829376.000000 26.185638428 -4.719451904 7.497660637 -0.016221980 -0.354261398 -0.134202570 0.925324500
1403638584027829504.000000 25.948146820 -5.166840553 7.662113190 -0.019221913 -0.355332226 -0.130007803 0.925455272
1403638584727829504.000000 25.314441681 -5.420232773 7.985724449 -0.052141957 -0.358690232 -0.117961019 0.924504042
1403638585327829504.000000 24.350780487 -5.608016014 8.051076889 -0.029650833 -0.353195399 -0.133361518 0.925520658
1403638586027829504.000000 23.194206238 -5.865729332 8.129786491 -0.011061346 -0.349431723 -0.143571749 0.925830603
1403638586527829504.000000 22.477073669 -6.138703346 8.249561310 -0.030038731 -0.361593336 -0.119846031 0.924113035
1403638587227829504.000000 21.281631470 -6.129434109 8.553410530 -0.029324250 -0.355347991 -0.131247684 0.925009131
1403638587727829504.000000 20.358909607 -6.184039116 8.727172852 -0.026733492 -0.354101688 -0.136616409 0.924788237
1403638588277829376.000000 19.338611603 -6.064807892 8.986465454 -0.024777945 -0.358656079 -0.126273245 0.924557686
1403638588977829376.000000 17.946779251 -6.185220718 9.207851410 -0.031331290 -0.354798526 -0.136946812 0.924327850
1403638589527829504.000000 16.816307068 -6.122408867 9.390871048 -0.031727683 -0.355848759 -0.136389971 0.923992872
1403638590177829376.000000 15.466585159 -6.190712929 9.454182625 -0.027852224 -0.357918024 -0.138823017 0.922955632
1403638590727829504.000000 14.365490913 -6.058149338 9.543453217 -0.022550371 -0.356722653 -0.143756002 0.922807992
1403638591377829376.000000 13.179098129 -6.189447880 9.540696144 0.009269899 -0.352352411 -0.156633809 0.922619998
1403638591927829504.000000 12.567678452 -6.193222523 9.868328094 0.009058861 -0.351457119 -0.161167786 0.922182620
1403638592427829504.000000 12.405391693 -6.556180477 10.234474182 -0.031166198 -0.323150069 -0.151144430 0.933679879
1403638593027829504.000000 12.487655640 -7.248436928 10.462247849 0.000595159 -0.270116806 -0.128824428 0.954170227
1403638593527829504.000000 12.797233582 -7.839592457 10.761581421 -0.021911187 -0.284386277 -0.100383647 0.953188062
1403638594127829504.000000 13.005299568 -8.441081047 11.195590019 -0.045966431 -0.269331485 -0.100757718 0.956658542
1403638594527829504.000000 12.994203568 -8.843997002 11.304498672 -0.042383667 -0.262670100 -0.084818676 0.960215509
1403638594977829376.000000 12.837258339 -9.278874397 11.308315277 -0.037942063 -0.258268058 -0.098386534 0.960301042
1403638595377829376.000000 12.651920319 -9.421084404 11.315710068 -0.034340095 -0.258968174 -0.102516204 0.959815979
1403638596127829504.000000 12.237387657 -9.371322632 11.349445343 -0.026310518 -0.269094527 -0.077164844 0.959656954
1403638596577829376.000000 11.737876892 -9.387029648 11.439584732 -0.014835158 -0.284184366 -0.029883141 0.958189011
1403638597027829504.000000 10.651690483 -9.792450905 11.605704308 -0.015378504 -0.291431278 -0.008712646 0.956428468
1403638597477829376.000000 8.875413895 -10.244280815 12.055615425 -0.034256443 -0.289878964 -0.025731383 0.956103861
1403638597927829504.000000 6.658104420 -10.515778542 12.685213089 -0.039594788 -0.279252291 -0.022922203 0.959127188
1403638598277829376.000000 4.584807396 -10.710836411 13.164169312 -0.045346878 -0.247492388 -0.057888117 0.966095328
1403638598677829376.000000 2.180352211 -10.895142555 13.632740021 -0.035753392 -0.224315330 -0.068917476 0.971418917
1403638599027829504.000000 0.124613285 -11.026335716 13.974555969 -0.036191039 -0.168875083 -0.047341041 0.983834445
1403638599427829504.000000 -2.221784592 -11.256259918 14.273516655 -0.031568944 -0.094590910 -0.012622485 0.994935513
1403638600377829376.000000 -7.299010277 -11.625931740 15.055641174 -0.010600258 -0.058649603 -0.067352779 0.995947540
1403638600827829504.000000 -9.119552612 -11.849721909 15.552906036 0.006024363 -0.059692845 -0.074241780 0.995433867
1403638601277829376.000000 -10.422604561 -12.248801231 16.171867371 0.001941026 -0.079146616 -0.013601769 0.996768296
1403638601827829504.000000 -11.966584206 -12.889182091 17.186431885 -0.032774266 0.012160817 0.025263608 0.999069393
1403638602377829376.000000 -13.507379532 -13.557622910 18.059625626 -0.059903156 0.125971302 0.073985197 0.987455845
1403638602927829504.000000 -14.908028603 -14.132789612 18.276117325 -0.113806829 0.267439634 0.072100393 0.954109848
1403638603527829504.000000 -15.525553703 -14.293947220 17.701675415 -0.041488547 0.339223355 0.117635645 0.932399094
1403638604127829504.000000 -15.683172226 -13.900205612 17.103975296 -0.099024892 0.333759159 0.149831817 0.925391436
1403638604627829504.000000 -15.694941521 -13.448824883 16.107952118 -0.055692010 0.338854671 0.139735818 0.928735614
1403638605027829504.000000 -15.632781982 -13.063914299 15.195343018 -0.027475070 0.340865523 0.135321438 0.929916084
1403638605427829504.000000 -15.599222183 -12.824175835 14.346983910 -0.028234998 0.332930565 0.155372754 0.929633975
1403638605927829504.000000 -15.740711212 -12.475312233 13.324259758 -0.061385885 0.323360533 0.179317668 0.927100241
1403638606427829504.000000 -16.228668213 -11.997886658 12.041799545 -0.041610304 0.320765585 0.175550878 0.929817140
1403638606977829376.000000 -17.128608704 -11.175051689 10.705002785 0.005002148 0.375580192 0.177864328 0.909548640
1403638607827829504.000000 -19.025966644 -10.262672424 9.398913383 -0.030385012 0.445996761 0.167978615 0.878605068
1403638608477829376.000000 -20.227756500 -9.306364059 8.987905502 -0.053340126 0.438548177 0.160952628 0.882567048
1403638609027829504.000000 -20.923217773 -8.431918144 8.723754883 -0.039171245 0.439750940 0.158132687 0.883220673
1403638609627829504.000000 -21.309236526 -7.696024895 8.505790710 -0.037006132 0.440059304 0.155501112 0.883627594
1403638610327829504.000000 -21.425136566 -6.887161255 8.459988594 -0.051954977 0.442267627 0.149836257 0.882750869
1403638611027829504.000000 -21.013147354 -6.046951294 8.410610199 -0.051063742 0.445474863 0.146519676 0.881746352
1403638611627829504.000000 -20.178840637 -5.450347900 8.308996201 -0.065615453 0.433767468 0.178309187 0.880764604
1403638612377829376.000000 -18.966438293 -4.817626953 7.864321232 -0.037080199 0.437134415 0.158677846 0.884511113
1403638612977829376.000000 -17.950439453 -4.350670815 7.631908417 -0.054255757 0.425902754 0.164102927 0.888106644
1403638613727829504.000000 -16.668624878 -3.893626690 7.104125023 -0.054715268 0.421198964 0.147250339 0.893260896
1403638614377829376.000000 -15.395572662 -3.200138569 6.674943924 -0.046998736 0.333462059 0.118438751 0.934112668
1403638615227829504.000000 -13.446131706 -3.057923317 5.885088921 -0.029033670 0.184875220 0.050850831 0.981015980
1403638615777829376.000000 -11.981434822 -3.200050354 5.415052414 -0.039843339 0.040358245 0.003038598 0.998385966
1403638616277829376.000000 -10.714564323 -3.215548992 5.064852715 -0.036438748 -0.032040019 -0.030853892 0.998345494
1403638617227829504.000000 -8.245826721 -2.374345541 4.792272091 -0.009358579 -0.105018772 -0.054613203 0.992925406
1403638617727829504.000000 -6.871829510 -2.453495979 4.808149815 0.002322044 -0.096480094 -0.040001053 0.994528115
1403638618627829504.000000 -4.718679428 -3.258965492 5.420217514 -0.003395067 -0.090389617 -0.033573415 0.995334625
1403638619277829376.000000 -3.399040222 -3.851288319 6.302079678 -0.024481945 -0.175012290 -0.064279385 0.982160628
1403638619777829376.000000 -2.596754313 -4.036633015 7.109841347 -0.034951854 -0.245188460 -0.123707451 0.960914910
1403638620977829376.000000 -0.506060839 -4.192735672 8.131649017 -0.022934502 -0.252659023 -0.110148348 0.960991561
1403638622777829376.000000 1.629005194 -3.786553383 8.328570366 -0.072127782 -0.254924268 -0.082368061 0.960742772
1403638623877829376.000000 1.447326183 -3.292280436 6.759823322 -0.038435053 -0.253689885 -0.097710148 0.961570024
1403638624927829504.000000 0.972045660 -2.430557251 4.852495670 -0.038153894 -0.247339547 -0.094453231 0.963559031
1403638625877829376.000000 0.484987140 -1.694788814 2.853305578 -0.021087701 -0.226579919 -0.104425378 0.968148828
1403638627327829504.000000 0.196917295 -0.506932974 0.622424901 -0.004533180 -0.230042711 -0.092464246 0.968767345
1403638628027829504.000000 0.172354236 -0.093069822 0.214304119 -0.010705551 -0.234557211 -0.085233174 0.968299329
