1403638547077829376
1403638547127829504
1403638547177829376
1403638547227829504
1403638547277829376
1403638547327829504
1403638547377829376
1403638547427829504
1403638547477829376
1403638547527829504
1403638547577829376
1403638547627829504
1403638547677829376
1403638547727829504
1403638547777829376
1403638547827829504
1403638547877829376
1403638547927829504
1403638547977829376
1403638548027829504
1403638548077829376
1403638548127829504
1403638548177829376
1403638548227829504
1403638548277829376
1403638548327829504
1403638548377829376
1403638548427829504
1403638548477829376
1403638548527829504
1403638548577829376
1403638548627829504
1403638548677829376
1403638548727829504
1403638548777829376
1403638548827829504
1403638548877829376
1403638548927829504
1403638548977829376
1403638549027829504
1403638549077829376
1403638549127829504
1403638549177829376
1403638549227829504
1403638549277829376
1403638549327829504
1403638549377829376
1403638549427829504
1403638549477829376
1403638549527829504
1403638549577829376
1403638549627829504
1403638549677829376
1403638549727829504
1403638549777829376
1403638549827829504
1403638549877829376
1403638549927829504
1403638549977829376
1403638550027829504
1403638550077829376
1403638550127829504
1403638550177829376
1403638550227829504
1403638550277829376
1403638550327829504
1403638550377829376
1403638550427829504
1403638550477829376
1403638550527829504
1403638550577829376
1403638550627829504
1403638550677829376
1403638550727829504
1403638550777829376
1403638550827829504
1403638550877829376
1403638550927829504
1403638550977829376
1403638551027829504
1403638551077829376
1403638551127829504
1403638551177829376
1403638551227829504
1403638551277829376
1403638551327829504
1403638551377829376
1403638551427829504
1403638551477829376
1403638551527829504
1403638551577829376
1403638551627829504
1403638551677829376
1403638551727829504
1403638551777829376
1403638551827829504
1403638551877829376
1403638551927829504
1403638551977829376
1403638552027829504
1403638552077829376
1403638552127829504
1403638552177829376
1403638552227829504
1403638552277829376
1403638552327829504
1403638552377829376
1403638552427829504
1403638552477829376
1403638552527829504
1403638552577829376
1403638552627829504
1403638552677829376
1403638552727829504
1403638552777829376
1403638552827829504
1403638552877829376
1403638552927829504
1403638552977829376
1403638553027829504
1403638553077829376
1403638553127829504
1403638553177829376
1403638553227829504
1403638553277829376
1403638553327829504
1403638553377829376
1403638553427829504
1403638553477829376
1403638553527829504
1403638553577829376
1403638553627829504
1403638553677829376
1403638553727829504
1403638553777829376
1403638553827829504
1403638553877829376
1403638553927829504
1403638553977829376
1403638554027829504
1403638554077829376
1403638554127829504
1403638554177829376
1403638554227829504
1403638554277829376
1403638554327829504
1403638554377829376
1403638554427829504
1403638554477829376
1403638554527829504
1403638554577829376
1403638554627829504
1403638554677829376
1403638554727829504
1403638554777829376
1403638554827829504
1403638554877829376
1403638554927829504
1403638554977829376
1403638555027829504
1403638555077829376
1403638555127829504
1403638555177829376
1403638555227829504
1403638555277829376
1403638555327829504
1403638555377829376
1403638555427829504
1403638555477829376
1403638555527829504
1403638555577829376
1403638555627829504
1403638555677829376
1403638555727829504
1403638555777829376
1403638555827829504
1403638555877829376
1403638555927829504
1403638555977829376
1403638556027829504
1403638556077829376
1403638556127829504
1403638556177829376
1403638556227829504
1403638556277829376
1403638556327829504
1403638556377829376
1403638556427829504
1403638556477829376
1403638556527829504
1403638556577829376
1403638556627829504
1403638556677829376
1403638556727829504
1403638556777829376
1403638556827829504
1403638556877829376
1403638556927829504
1403638556977829376
1403638557027829504
1403638557077829376
1403638557127829504
1403638557177829376
1403638557227829504
1403638557277829376
1403638557327829504
1403638557377829376
1403638557427829504
1403638557477829376
1403638557527829504
1403638557577829376
1403638557627829504
1403638557677829376
1403638557727829504
1403638557777829376
1403638557827829504
1403638557877829376
1403638557927829504
1403638557977829376
1403638558027829504
1403638558077829376
1403638558127829504
1403638558177829376
1403638558227829504
1403638558277829376
1403638558327829504
1403638558377829376
1403638558427829504
1403638558477829376
1403638558527829504
1403638558577829376
1403638558627829504
1403638558677829376
1403638558727829504
1403638558777829376
1403638558827829504
1403638558877829376
1403638558927829504
1403638558977829376
1403638559027829504
1403638559077829376
1403638559127829504
1403638559177829376
1403638559227829504
1403638559277829376
1403638559327829504
1403638559377829376
1403638559427829504
1403638559477829376
1403638559527829504
1403638559577829376
1403638559627829504
1403638559677829376
1403638559727829504
1403638559777829376
1403638559827829504
1403638559877829376
1403638559927829504
1403638559977829376
1403638560027829504
1403638560077829376
1403638560127829504
1403638560177829376
1403638560227829504
1403638560277829376
1403638560327829504
1403638560377829376
1403638560427829504
1403638560477829376
1403638560527829504
1403638560577829376
1403638560627829504
1403638560677829376
1403638560727829504
1403638560777829376
1403638560827829504
1403638560877829376
1403638560927829504
1403638560977829376
1403638561027829504
1403638561077829376
1403638561127829504
1403638561177829376
1403638561227829504
1403638561277829376
1403638561327829504
1403638561377829376
1403638561427829504
1403638561477829376
1403638561527829504
1403638561577829376
1403638561627829504
1403638561677829376
1403638561727829504
1403638561777829376
1403638561827829504
1403638561877829376
1403638561927829504
1403638561977829376
1403638562027829504
1403638562077829376
1403638562127829504
1403638562177829376
1403638562227829504
1403638562277829376
1403638562327829504
1403638562377829376
1403638562427829504
1403638562477829376
1403638562527829504
1403638562577829376
1403638562627829504
1403638562677829376
1403638562727829504
1403638562777829376
1403638562827829504
1403638562877829376
1403638562927829504
1403638562977829376
1403638563027829504
1403638563077829376
1403638563127829504
1403638563177829376
1403638563227829504
1403638563277829376
1403638563327829504
1403638563377829376
1403638563427829504
1403638563477829376
1403638563527829504
1403638563577829376
1403638563627829504
1403638563677829376
1403638563727829504
1403638563777829376
1403638563827829504
1403638563877829376
1403638563927829504
1403638563977829376
1403638564027829504
1403638564077829376
1403638564127829504
1403638564177829376
1403638564227829504
1403638564277829376
1403638564327829504
1403638564377829376
1403638564427829504
1403638564477829376
1403638564527829504
1403638564577829376
1403638564627829504
1403638564677829376
1403638564727829504
1403638564777829376
1403638564827829504
1403638564877829376
1403638564927829504
1403638564977829376
1403638565027829504
1403638565077829376
1403638565127829504
1403638565177829376
1403638565227829504
1403638565277829376
1403638565327829504
1403638565377829376
1403638565427829504
1403638565477829376
1403638565527829504
1403638565577829376
1403638565627829504
1403638565677829376
1403638565727829504
1403638565777829376
1403638565827829504
1403638565877829376
1403638565927829504
1403638565977829376
1403638566027829504
1403638566077829376
1403638566127829504
1403638566177829376
1403638566227829504
1403638566277829376
1403638566327829504
1403638566377829376
1403638566427829504
1403638566477829376
1403638566527829504
1403638566577829376
1403638566627829504
1403638566677829376
1403638566727829504
1403638566777829376
1403638566827829504
1403638566877829376
1403638566927829504
1403638566977829376
1403638567027829504
1403638567077829376
1403638567127829504
1403638567177829376
1403638567227829504
1403638567277829376
1403638567327829504
1403638567377829376
1403638567427829504
1403638567477829376
1403638567527829504
1403638567577829376
1403638567627829504
1403638567677829376
1403638567727829504
1403638567777829376
1403638567827829504
1403638567877829376
1403638567927829504
1403638567977829376
1403638568027829504
1403638568077829376
1403638568127829504
1403638568177829376
1403638568227829504
1403638568277829376
1403638568327829504
1403638568377829376
1403638568427829504
1403638568477829376
1403638568527829504
1403638568577829376
1403638568627829504
1403638568677829376
1403638568727829504
1403638568777829376
1403638568827829504
1403638568877829376
1403638568927829504
1403638568977829376
1403638569027829504
1403638569077829376
1403638569127829504
1403638569177829376
1403638569227829504
1403638569277829376
1403638569327829504
1403638569377829376
1403638569427829504
1403638569477829376
1403638569527829504
1403638569577829376
1403638569627829504
1403638569677829376
1403638569727829504
1403638569777829376
1403638569827829504
1403638569877829376
1403638569927829504
1403638569977829376
1403638570027829504
1403638570077829376
1403638570127829504
1403638570177829376
1403638570227829504
1403638570277829376
1403638570327829504
1403638570377829376
1403638570427829504
1403638570477829376
1403638570527829504
1403638570577829376
1403638570627829504
1403638570677829376
1403638570727829504
1403638570777829376
1403638570827829504
1403638570877829376
1403638570927829504
1403638570977829376
1403638571027829504
1403638571077829376
1403638571127829504
1403638571177829376
1403638571227829504
1403638571277829376
1403638571327829504
1403638571377829376
1403638571427829504
1403638571477829376
1403638571527829504
1403638571577829376
1403638571627829504
1403638571677829376
1403638571727829504
1403638571777829376
1403638571827829504
1403638571877829376
1403638571927829504
1403638571977829376
1403638572027829504
1403638572077829376
1403638572127829504
1403638572177829376
1403638572227829504
1403638572277829376
1403638572327829504
1403638572377829376
1403638572427829504
1403638572477829376
1403638572527829504
1403638572577829376
1403638572627829504
1403638572677829376
1403638572727829504
1403638572777829376
1403638572827829504
1403638572877829376
1403638572927829504
1403638572977829376
1403638573027829504
1403638573077829376
1403638573127829504
1403638573177829376
1403638573227829504
1403638573277829376
1403638573327829504
1403638573377829376
1403638573427829504
1403638573477829376
1403638573527829504
1403638573577829376
1403638573627829504
1403638573677829376
1403638573727829504
1403638573777829376
1403638573827829504
1403638573877829376
1403638573927829504
1403638573977829376
1403638574027829504
1403638574077829376
1403638574127829504
1403638574177829376
1403638574227829504
1403638574277829376
1403638574327829504
1403638574377829376
1403638574427829504
1403638574477829376
1403638574527829504
1403638574577829376
1403638574627829504
1403638574677829376
1403638574727829504
1403638574777829376
1403638574827829504
1403638574877829376
1403638574927829504
1403638574977829376
1403638575027829504
1403638575077829376
1403638575127829504
1403638575177829376
1403638575227829504
1403638575277829376
1403638575327829504
1403638575377829376
1403638575427829504
1403638575477829376
1403638575527829504
1403638575577829376
1403638575627829504
1403638575677829376
1403638575727829504
1403638575777829376
1403638575827829504
1403638575877829376
1403638575927829504
1403638575977829376
1403638576027829504
1403638576077829376
1403638576127829504
1403638576177829376
1403638576227829504
1403638576277829376
1403638576327829504
1403638576377829376
1403638576427829504
1403638576477829376
1403638576527829504
1403638576577829376
1403638576627829504
1403638576677829376
1403638576727829504
1403638576777829376
1403638576827829504
1403638576877829376
1403638576927829504
1403638576977829376
1403638577027829504
1403638577077829376
1403638577127829504
1403638577177829376
1403638577227829504
1403638577277829376
1403638577327829504
1403638577377829376
1403638577427829504
1403638577477829376
1403638577527829504
1403638577577829376
1403638577627829504
1403638577677829376
1403638577727829504
1403638577777829376
1403638577827829504
1403638577877829376
1403638577927829504
1403638577977829376
1403638578027829504
1403638578077829376
1403638578127829504
1403638578177829376
1403638578227829504
1403638578277829376
1403638578327829504
1403638578377829376
1403638578427829504
1403638578477829376
1403638578527829504
1403638578577829376
1403638578627829504
1403638578677829376
1403638578727829504
1403638578777829376
1403638578827829504
1403638578877829376
1403638578927829504
1403638578977829376
1403638579027829504
1403638579077829376
1403638579127829504
1403638579177829376
1403638579227829504
1403638579277829376
1403638579327829504
1403638579377829376
1403638579427829504
1403638579477829376
1403638579527829504
1403638579577829376
1403638579627829504
1403638579677829376
1403638579727829504
1403638579777829376
1403638579827829504
1403638579877829376
1403638579927829504
1403638579977829376
1403638580027829504
1403638580077829376
1403638580127829504
1403638580177829376
1403638580227829504
1403638580277829376
1403638580327829504
1403638580377829376
1403638580427829504
1403638580477829376
1403638580527829504
1403638580577829376
1403638580627829504
1403638580677829376
1403638580727829504
1403638580777829376
1403638580827829504
1403638580877829376
1403638580927829504
1403638580977829376
1403638581027829504
1403638581077829376
1403638581127829504
1403638581177829376
1403638581227829504
1403638581277829376
1403638581327829504
1403638581377829376
1403638581427829504
1403638581477829376
1403638581527829504
1403638581577829376
1403638581627829504
1403638581677829376
1403638581727829504
1403638581777829376
1403638581827829504
1403638581877829376
1403638581927829504
1403638581977829376
1403638582027829504
1403638582077829376
1403638582127829504
1403638582177829376
1403638582227829504
1403638582277829376
1403638582327829504
1403638582377829376
1403638582427829504
1403638582477829376
1403638582527829504
1403638582577829376
1403638582627829504
1403638582677829376
1403638582727829504
1403638582777829376
1403638582827829504
1403638582877829376
1403638582927829504
1403638582977829376
1403638583027829504
1403638583077829376
1403638583127829504
1403638583177829376
1403638583227829504
1403638583277829376
1403638583327829504
1403638583377829376
1403638583427829504
1403638583477829376
1403638583527829504
1403638583577829376
1403638583627829504
1403638583677829376
1403638583727829504
1403638583777829376
1403638583827829504
1403638583877829376
1403638583927829504
1403638583977829376
1403638584027829504
1403638584077829376
1403638584127829504
1403638584177829376
1403638584227829504
1403638584277829376
1403638584327829504
1403638584377829376
1403638584427829504
1403638584477829376
1403638584527829504
1403638584577829376
1403638584627829504
1403638584677829376
1403638584727829504
1403638584777829376
1403638584827829504
1403638584877829376
1403638584927829504
1403638584977829376
1403638585027829504
1403638585077829376
1403638585127829504
1403638585177829376
1403638585227829504
1403638585277829376
1403638585327829504
1403638585377829376
1403638585427829504
1403638585477829376
1403638585527829504
1403638585577829376
1403638585627829504
1403638585677829376
1403638585727829504
1403638585777829376
1403638585827829504
1403638585877829376
1403638585927829504
1403638585977829376
1403638586027829504
1403638586077829376
1403638586127829504
1403638586177829376
1403638586227829504
1403638586277829376
1403638586327829504
1403638586377829376
1403638586427829504
1403638586477829376
1403638586527829504
1403638586577829376
1403638586627829504
1403638586677829376
1403638586727829504
1403638586777829376
1403638586827829504
1403638586877829376
1403638586927829504
1403638586977829376
1403638587027829504
1403638587077829376
1403638587127829504
1403638587177829376
1403638587227829504
1403638587277829376
1403638587327829504
1403638587377829376
1403638587427829504
1403638587477829376
1403638587527829504
1403638587577829376
1403638587627829504
1403638587677829376
1403638587727829504
1403638587777829376
1403638587827829504
1403638587877829376
1403638587927829504
1403638587977829376
1403638588027829504
