1403638563077829376, 1403638588077829376
1403638562077829376, 1403638588077829376
1403638561077829376, 1403638588077829376
1403638560077829376, 1403638588077829376
1403638559077829376, 1403638588077829376
1403638558077829376, 1403638588077829376
1403638557077829376, 1403638588077829376
1403638556077829376, 1403638588077829376
1403638555077829376, 1403638588077829376
1403638554077829376, 1403638588077829376
1403638553077829376, 1403638588077829376
1403638552077829376, 1403638588077829376
1403638551077829376, 1403638588077829376
1403638550077829376, 1403638588077829376
1403638549077829376, 1403638588077829376
1403638548077829376, 1403638588077829376
1403638547077829376, 1403638588077829376
1403638546077829376, 1403638588077829376
1403638545077829376, 1403638588077829376
1403638544077829376, 1403638588077829376
