1403638127245096960, 1403638127995097088
1403638127995097088, 1403638128745096960
1403638128745096960, 1403638129495097088
1403638129495097088, 1403638130245096960
1403638130245096960, 1403638130995097088
1403638130995097088, 1403638131745096960
1403638131745096960, 1403638132495097088
1403638132495097088, 1403638133245096960
1403638133245096960, 1403638133995097088
1403638133995097088, 1403638134745096960
1403638134745096960, 1403638135495097088
1403638135495097088, 1403638136245096960
1403638136245096960, 1403638136995097088
1403638136995097088, 1403638137745096960
1403638137745096960, 1403638138495097088
1403638138495097088, 1403638139245096960
1403638139245096960, 1403638139995097088
1403638139995097088, 1403638140745096960
1403638140745096960, 1403638141495097088
1403638141495097088, 1403638142245096960
1403638142245096960, 1403638142995097088
1403638142995097088, 1403638143745096960
1403638143745096960, 1403638144495097088
1403638144495097088, 1403638145245096960
1403638145245096960, 1403638145995097088
1403638145995097088, 1403638146745096960
1403638146745096960, 1403638147495097088
1403638147495097088, 1403638148245096960
1403638148245096960, 1403638148995097088
1403638148995097088, 1403638149745096960
1403638149745096960, 1403638150495097088
1403638150495097088, 1403638151245096960
1403638151245096960, 1403638151995097088
1403638151995097088, 1403638152745096960
1403638152745096960, 1403638153495097088
1403638153495097088, 1403638154245096960
1403638154245096960, 1403638154995097088
1403638154995097088, 1403638155745096960
1403638155745096960, 1403638156495097088
1403638156495097088, 1403638157245096960
1403638157245096960, 1403638157995097088
1403638157995097088, 1403638158745096960
1403638158745096960, 1403638159495097088
1403638159495097088, 1403638160245096960
1403638160245096960, 1403638160995097088
1403638160995097088, 1403638161745096960
1403638161745096960, 1403638162495097088
1403638162495097088, 1403638163245096960
1403638163245096960, 1403638163995097088
1403638163995097088, 1403638164745096960
1403638164745096960, 1403638165495097088
1403638165495097088, 1403638166245096960
1403638166245096960, 1403638166995097088
1403638166995097088, 1403638167745096960
1403638167745096960, 1403638168495097088
1403638168495097088, 1403638169245096960
1403638169245096960, 1403638169995097088
1403638169995097088, 1403638170745096960
1403638170745096960, 1403638171495097088
1403638171495097088, 1403638172245096960
1403638172245096960, 1403638172995097088
1403638172995097088, 1403638173745096960
1403638173745096960, 1403638174495097088
1403638174495097088, 1403638175245096960
1403638175245096960, 1403638175995097088
1403638175995097088, 1403638176745096960
1403638176745096960, 1403638177495097088
1403638177495097088, 1403638178245096960
1403638178245096960, 1403638178995097088
1403638178995097088, 1403638179745096960
1403638179745096960, 1403638180495097088
1403638180495097088, 1403638181245096960
1403638181245096960, 1403638181995097088
1403638181995097088, 1403638182745096960
1403638182745096960, 1403638183495097088
1403638183495097088, 1403638184245096960
1403638184245096960, 1403638184995097088
1403638184995097088, 1403638185745096960
1403638185745096960, 1403638186495097088
1403638186495097088, 1403638187245096960
1403638187245096960, 1403638187995097088
1403638187995097088, 1403638188745096960
1403638188745096960, 1403638189495097088
1403638189495097088, 1403638190245096960
1403638190245096960, 1403638190995097088
1403638190995097088, 1403638191745096960
1403638191745096960, 1403638192495097088
1403638192495097088, 1403638193245096960
1403638193245096960, 1403638193995097088
1403638193995097088, 1403638194745096960
1403638194745096960, 1403638195495097088
1403638195495097088, 1403638196245096960
1403638196245096960, 1403638196995097088
1403638196995097088, 1403638197745096960
1403638197745096960, 1403638198495097088
1403638198495097088, 1403638199245096960
1403638199245096960, 1403638199995097088
1403638199995097088, 1403638200745096960
1403638200745096960, 1403638201495097088
1403638201495097088, 1403638202245096960
1403638202245096960, 1403638202995097088
1403638202995097088, 1403638203745096960
1403638203745096960, 1403638204495097088
1403638204495097088, 1403638205245096960
1403638205245096960, 1403638205995097088
1403638205995097088, 1403638206745096960
1403638206745096960, 1403638207495097088
1403638207495097088, 1403638208245096960
1403638208245096960, 1403638208995097088
1403638208995097088, 1403638209745096960
1403638209745096960, 1403638210495097088
1403638210495097088, 1403638211245096960
1403638211245096960, 1403638211995097088
1403638211995097088, 1403638212745096960
1403638212745096960, 1403638213495097088
1403638213495097088, 1403638214245096960
1403638214245096960, 1403638214995097088
1403638214995097088, 1403638215745096960
1403638215745096960, 1403638216495097088
1403638216495097088, 1403638217245096960
1403638217245096960, 1403638217995097088
1403638217995097088, 1403638218745096960
1403638218745096960, 1403638219495097088
1403638219495097088, 1403638220245096960
1403638220245096960, 1403638220995097088
1403638220995097088, 1403638221745096960
1403638221745096960, 1403638222495097088
1403638222495097088, 1403638223245096960
1403638223245096960, 1403638223995097088
1403638223995097088, 1403638224745096960
1403638224745096960, 1403638225495097088
1403638225495097088, 1403638226245096960
1403638226245096960, 1403638226995097088
1403638226995097088, 1403638227745096960
1403638227745096960, 1403638228495097088
