000000 0.0 0.0 -0.0
000001 0.05154656 -0.02424883 1.000725
000002 0.1464632 -0.05051622 1.995659
000003 0.2879204 -0.07903059 2.986691
000004 0.4657503 -0.1102928 3.963845
000005 0.6971645 -0.143877 4.934639
000006 0.9715689 -0.1802237 5.887651
000007 1.288079 -0.2184877 6.826202
000008 1.651331 -0.254729 7.743952
000009 2.050498 -0.2919528 8.64624
000010 2.488685 -0.3309237 9.527392
000011 2.966292 -0.3697385 10.38417
000012 3.483068 -0.4086031 11.2156
000013 4.03669 -0.4439735 12.01878
000014 4.631439 -0.4790227 12.79006
000015 5.252124 -0.5136186 13.53058
000016 5.913461 -0.5462713 14.23731
000017 6.602643 -0.5777429 14.91216
000018 7.315983 -0.6091556 15.55483
000019 8.059654 -0.636292 16.155
000020 8.824947 -0.6652783 16.72174
000021 9.617499 -0.6938755 17.24835
000022 10.43572 -0.7209802 17.73582
000023 11.27339 -0.7448949 18.18861
000024 12.13844 -0.7707228 18.60541
000025 13.02386 -0.7968987 18.98486
000026 13.92282 -0.8194983 19.33529
000027 14.84567 -0.8398217 19.65558
000028 15.78819 -0.859011 19.94858
000029 16.74609 -0.8779579 20.20959
000030 17.71096 -0.8926428 20.4429
000031 18.69074 -0.9066816 20.64544
000032 19.69166 -0.9204752 20.81649
000033 20.70872 -0.9323174 20.9589
000034 21.74157 -0.9423525 21.0745
000035 22.79076 -0.948405 21.16118
000036 23.85365 -0.951047 21.21468
000037 24.93112 -0.9519265 21.24069
000038 26.02348 -0.9509506 21.24027
000039 27.12723 -0.9489508 21.21564
000040 28.24249 -0.9456288 21.16969
000041 29.37022 -0.9414386 21.10741
000042 30.50291 -0.9363594 21.0296
000043 31.64196 -0.9296868 20.93984
000044 32.78682 -0.9216773 20.83696
000045 33.94232 -0.9117462 20.71859
000046 35.11473 -0.9007201 20.58533
000047 36.30912 -0.8891584 20.43698
000048 37.5268 -0.8781568 20.2789
000049 38.76733 -0.8670199 20.11085
000050 40.02403 -0.8564479 19.93253
000051 41.3055 -0.8460362 19.74648
000052 42.60679 -0.837548 19.55065
000053 43.93278 -0.8295496 19.34786
000054 45.28137 -0.8187903 19.13753
000055 46.6485 -0.8059921 18.92231
000056 48.03559 -0.790753 18.69944
000057 49.44201 -0.776593 18.47318
000058 50.87125 -0.7612088 18.23994
000059 52.31634 -0.7488661 18.00571
000060 53.78414 -0.7385593 17.76822
000061 55.27561 -0.7282464 17.52865
000062 56.7869 -0.7193216 17.28947
000063 58.3197 -0.7090229 17.04698
000064 59.87004 -0.6982294 16.80555
000065 61.44932 -0.6898538 16.56009
000066 63.04564 -0.682234 16.31483
000067 64.66146 -0.6742945 16.06555
000068 66.29273 -0.665932 15.81429
000069 67.93358 -0.6566595 15.56429
000070 69.59146 -0.6495479 15.31065
000071 71.26348 -0.6455501 15.06048
000072 72.94957 -0.6411509 14.80708
000073 74.65679 -0.6351425 14.55382
000074 76.37583 -0.6266393 14.29583
000075 78.11207 -0.6192733 14.03765
000076 79.86417 -0.6121849 13.77611
000077 81.62656 -0.6069533 13.51471
000078 83.40315 -0.6037449 13.2493
000079 85.19377 -0.601808 12.98
000080 87.00538 -0.5994816 12.70711
000081 88.82747 -0.5948763 12.42843
000082 90.66661 -0.5892579 12.14861
000083 92.51613 -0.5822604 11.86127
000084 94.38417 -0.576158 11.56935
000085 96.26377 -0.5690865 11.26751
000086 98.15387 -0.5670654 10.95901
000087 100.0527 -0.5652429 10.63988
000088 101.9553 -0.5641477 10.30991
000089 103.8698 -0.5624452 9.966128
000090 105.791 -0.5643553 9.611618
000091 107.7248 -0.5687973 9.246382
000092 109.6683 -0.5717942 8.871585
000093 111.6206 -0.5733449 8.486629
000094 113.5815 -0.5728043 8.086921
000095 115.5478 -0.570538 7.674193
000096 117.5182 -0.5680584 7.246929
000097 119.4963 -0.5658779 6.808278
000098 121.4861 -0.5645652 6.351224
000099 123.4817 -0.5636678 5.883248
000100 125.4794 -0.5607338 5.403529
000101 127.4889 -0.5591517 4.911013
000102 129.5004 -0.5556139 4.402279
000103 131.5233 -0.5494115 3.880107
000104 133.5486 -0.5427542 3.348158
000105 135.5837 -0.5360354 2.806947
000106 137.625 -0.5295973 2.257989
000107 139.6797 -0.5224538 1.699296
000108 141.7304 -0.5179993 1.132152
000109 143.7927 -0.5127373 0.5515872
000110 145.8618 -0.5061993 -0.0413721
000111 147.9305 -0.5006247 -0.6449311
000112 150.0068 -0.4959689 -1.261108
000113 152.0968 -0.4898301 -1.892338
000114 154.1812 -0.4829921 -2.533182
000115 156.2753 -0.4753909 -3.187653
000116 158.3734 -0.467684 -3.851462
000117 160.4737 -0.4608735 -4.525316
000118 162.5875 -0.4555311 -5.211974
000119 164.7037 -0.4525483 -5.908582
000120 166.8257 -0.4495307 -6.614701
000121 168.9537 -0.4456125 -7.331463
000122 171.0871 -0.4416744 -8.063072
000123 173.2245 -0.4365523 -8.806086
000124 175.3665 -0.4294089 -9.557829
000125 177.5169 -0.420933 -10.31827
000126 179.6714 -0.4118277 -11.0856
000127 181.8303 -0.4043634 -11.86225
000128 183.9969 -0.3985802 -12.64986
000129 186.1699 -0.3990509 -13.44797
000130 188.344 -0.4000549 -14.25545
000131 190.5195 -0.4013833 -15.07493
000132 192.7087 -0.4038655 -15.90879
000133 194.901 -0.4035663 -16.75316
000134 197.093 -0.4021162 -17.60738
000135 199.2958 -0.4006638 -18.47484
000136 201.4804 -0.4011965 -19.34449
000137 203.6882 -0.4030819 -20.23459
000138 205.877 -0.4061955 -21.12723
000139 208.0748 -0.408323 -22.03665
000140 210.2746 -0.4072563 -22.95396
000141 212.4744 -0.4051777 -23.87896
000142 214.6697 -0.4036944 -24.80688
000143 216.8716 -0.4053455 -25.7452
000144 219.0854 -0.4089666 -26.69513
000145 221.2752 -0.4145729 -27.6423
000146 223.4748 -0.4227878 -28.5989
000147 225.6743 -0.432373 -29.5663
000148 227.8686 -0.4418329 -30.54211
000149 230.0656 -0.4485622 -31.5245
000150 232.2584 -0.4502008 -32.51137
000151 234.4478 -0.4516442 -33.50409
000152 236.6402 -0.4545615 -34.50713
000153 238.8266 -0.456504 -35.51552
000154 241.0098 -0.4583595 -36.53355
000155 243.1866 -0.4598154 -37.55871
000156 245.3571 -0.4618584 -38.59114
000157 247.5244 -0.461475 -39.63198
000158 249.6839 -0.461446 -40.68364
000159 251.8424 -0.4628392 -41.74631
000160 253.9896 -0.4623208 -42.81371
000161 256.1425 -0.4599411 -43.89031
000162 258.2951 -0.4566041 -44.97777
000163 260.4446 -0.451586 -46.07408
000164 262.5925 -0.4468931 -47.18398
000165 264.734 -0.4443228 -48.30007
000166 266.892 -0.442692 -49.43452
000167 269.0255 -0.4394885 -50.56793
000168 271.1744 -0.4357941 -51.72041
000169 273.3318 -0.4312748 -52.88771
000170 275.487 -0.4244063 -54.06212
000171 277.658 -0.4182424 -55.25311
000172 279.8273 -0.4128268 -56.45514
000173 282.0168 -0.4105826 -57.67414
000174 284.1885 -0.4095589 -58.89251
000175 286.3724 -0.4079618 -60.12956
000176 288.5702 -0.4045488 -61.38495
000177 290.7704 -0.3986685 -62.64929
000178 292.9827 -0.3908822 -63.92341
000179 295.1953 -0.3821466 -65.20624
000180 297.4212 -0.3713999 -66.50521
000181 299.6423 -0.3587114 -67.80874
000182 301.8763 -0.3470056 -69.1256
000183 304.1141 -0.3372516 -70.4517
000184 306.3593 -0.3307952 -71.79168
000185 308.6134 -0.3233356 -73.14403
000186 310.8714 -0.3126191 -74.51245
000187 313.1301 -0.2971879 -75.90012
000188 315.3852 -0.2796424 -77.30725
000189 317.6383 -0.2578412 -78.72988
000190 319.8954 -0.2381554 -80.17271
000191 322.1579 -0.2197853 -81.63211
000192 324.412 -0.2016825 -83.10009
000193 326.6626 -0.1825361 -84.57972
000194 328.9055 -0.1608324 -86.06826
000195 331.1477 -0.1383913 -87.57051
000196 333.384 -0.1125608 -89.08675
000197 335.6133 -0.08455148 -90.61426
000198 337.8389 -0.05242768 -92.15154
000199 340.056 -0.01599584 -93.70014
000200 342.2752 0.02333862 -95.26502
000201 344.4892 0.0633751 -96.83616
000202 346.701 0.1024766 -98.41195
000203 348.9103 0.1402984 -99.99813
000204 351.1094 0.1754218 -101.5909
000205 353.3107 0.2141195 -103.2033
000206 355.4996 0.2539708 -104.817
000207 357.6809 0.2903191 -106.4411
000208 359.867 0.3297903 -108.0781
000209 362.0386 0.3801369 -109.7167
000210 364.2051 0.433594 -111.3631
000211 366.3626 0.4855505 -113.0176
000212 368.5148 0.5357534 -114.6817
000213 370.6543 0.5857535 -116.3494
000214 372.7925 0.6347512 -118.0262
000215 374.9322 0.6806409 -119.7055
000216 377.0444 0.7141844 -121.3733
000217 379.1489 0.732239 -123.0734
000218 381.246 0.7514499 -124.7861
000219 383.3531 0.7912642 -126.4979
000220 385.4625 0.8581189 -128.2062
000221 387.5638 0.9375737 -129.914
000222 389.6489 1.01544 -131.6273
000223 391.7168 1.088896 -133.3507
000224 393.78 1.154913 -135.0831
000225 395.8385 1.214067 -136.8244
000226 397.8934 1.272858 -138.5702
000227 399.9429 1.334967 -140.3176
000228 401.9775 1.399861 -142.0688
000229 404.0132 1.46395 -143.8398
000230 406.0396 1.53057 -145.6094
000231 408.0639 1.596786 -147.3861
000232 410.0865 1.665192 -149.1653
000233 412.0999 1.73948 -150.9391
000234 414.1199 1.820766 -152.7256
000235 416.1297 1.902123 -154.5063
000236 418.1369 1.980352 -156.2858
000237 420.1401 2.051261 -158.0701
000238 422.1413 2.117805 -159.8579
000239 424.1424 2.186326 -161.6509
000240 426.1357 2.256082 -163.4423
000241 428.1288 2.325413 -165.2378
000242 430.1109 2.396912 -167.032
000243 432.0961 2.47181 -168.831
000244 434.0721 2.549279 -170.628
000245 436.0531 2.650572 -172.4221
000246 438.042 2.755615 -174.2029
000247 440.03 2.84391 -175.9705
000248 442.0339 2.921911 -177.7475
000249 444.0392 3.006852 -179.52
000250 446.046 3.098726 -181.2884
000251 448.0532 3.192574 -183.0447
000252 450.064 3.278015 -184.7916
000253 452.0924 3.358861 -186.5327
000254 454.1251 3.436998 -188.2652
000255 456.158 3.516788 -189.9924
000256 458.1873 3.593514 -191.7203
000257 460.2152 3.669483 -193.4519
000258 462.2462 3.750848 -195.183
000259 464.2791 3.835891 -196.9059
000260 466.3135 3.921999 -198.6214
000261 468.3509 4.004216 -200.3376
000262 470.3839 4.079549 -202.0483
000263 472.4259 4.154116 -203.7656
000264 474.4683 4.23021 -205.4787
000265 476.5113 4.309712 -207.1855
000266 478.5558 4.389454 -208.8868
000267 480.606 4.471449 -210.5886
000268 482.6545 4.555624 -212.2853
000269 484.7071 4.640076 -213.9826
000270 486.7577 4.720801 -215.677
000271 488.8066 4.799764 -217.3707
000272 490.8629 4.88093 -219.0659
000273 492.9166 4.960767 -220.7576
000274 494.9713 5.038016 -222.4476
000275 497.0247 5.116707 -224.1389
000276 499.0722 5.193552 -225.827
000277 501.1328 5.267707 -227.5274
000278 503.1867 5.349108 -229.2205
000279 505.239 5.43277 -230.9143
000280 507.2915 5.519275 -232.6072
000281 509.3381 5.605249 -234.2975
000282 511.3939 5.689304 -235.9969
000283 513.4454 5.773309 -237.6908
000284 515.4974 5.857608 -239.3843
000285 517.5493 5.942483 -241.0762
000286 519.6014 6.026971 -242.768
000287 521.6574 6.115358 -244.4639
000288 523.7106 6.206642 -246.1557
000289 525.7627 6.29972 -247.8455
000290 527.8159 6.392878 -249.5367
000291 529.8651 6.486799 -251.2228
000292 531.9262 6.582378 -252.9158
000293 533.9814 6.677372 -254.6036
000294 536.0377 6.771372 -256.2925
000295 538.0951 6.865967 -257.983
000296 540.1536 6.964906 -259.6746
000297 542.2136 7.066817 -261.3661
000298 544.2679 7.168745 -263.0547
000299 546.3253 7.265256 -264.7478
000300 548.376 7.35715 -266.4366
000301 550.4365 7.450904 -268.1343
000302 552.4956 7.551427 -269.8319
000303 554.5493 7.654529 -271.5254
000304 556.6051 7.757167 -273.22
000305 558.6591 7.857401 -274.9141
000306 560.7204 7.957556 -276.6146
000307 562.7775 8.058037 -278.3114
000308 564.8386 8.161795 -280.0085
000309 566.8959 8.267916 -281.7021
000310 568.9502 8.373989 -283.3947
000311 571.015 8.48345 -285.0936
000312 573.0773 8.593947 -286.7871
000313 575.1384 8.705148 -288.4766
000314 577.2007 8.816896 -290.1677
000315 579.254 8.924907 -291.8529
000316 581.3141 9.03162 -293.5428
000317 583.3713 9.137328 -295.2267
000318 585.4383 9.245509 -296.9139
000319 587.519 9.353208 -298.6121
000320 589.5489 9.456599 -300.263
000321 591.6108 9.561344 -301.9383
000322 593.6716 9.666809 -303.6091
000323 595.737 9.775807 -305.28
000324 597.8027 9.883665 -306.9488
000325 599.867 9.992222 -308.6131
000326 601.9345 10.09861 -310.2813
000327 604.0024 10.20684 -311.9523
000328 606.0701 10.31717 -313.6242
000329 608.1333 10.43016 -315.2902
000330 610.2041 10.54205 -316.9635
000331 612.2707 10.65103 -318.6358
000332 614.3316 10.75646 -320.3039
000333 616.4014 10.85851 -321.9781
000334 618.4658 10.96062 -323.6462
000335 620.535 11.06765 -325.3171
000336 622.6067 11.17705 -326.9891
000337 624.6751 11.28685 -328.6575
000338 626.7459 11.39641 -330.327
000339 628.8138 11.50486 -331.9942
000340 630.8887 11.61229 -333.6656
000341 632.9587 11.72232 -335.3308
000342 635.0324 11.83193 -336.9998
000343 637.0951 11.9409 -338.6594
000344 639.1659 12.04805 -340.3234
000345 641.2374 12.15564 -341.9886
000346 643.3047 12.26642 -343.6496
000347 645.375 12.37656 -345.3101
000348 647.4454 12.48249 -346.9686
000349 649.5155 12.58629 -348.6239
000350 651.5913 12.69235 -350.282
000351 653.6623 12.80042 -351.9355
000352 655.7358 12.91009 -353.587
000353 657.8057 13.02023 -355.2341
000354 659.8779 13.13 -356.8806
000355 661.9586 13.23887 -358.5328
000356 664.0361 13.34665 -360.1819
000357 666.112 13.45227 -361.8289
000358 668.1904 13.55813 -363.4752
000359 670.2712 13.66357 -365.1232
000360 672.3505 13.76872 -366.7695
000361 674.4325 13.87413 -368.4192
000362 676.509 13.97893 -370.0675
000363 678.5876 14.08324 -371.7203
000364 680.6657 14.1885 -373.3743
000365 682.7432 14.29713 -375.0304
000366 684.8198 14.40571 -376.6842
000367 686.8945 14.51349 -378.337
000368 688.9656 14.61921 -379.9902
000369 691.0408 14.72406 -381.6488
000370 693.1156 14.82707 -383.3046
000371 695.193 14.92975 -384.9613
000372 697.271 15.03283 -386.6143
000373 699.3457 15.13859 -388.2646
000374 701.4274 15.24435 -389.9181
000375 703.5065 15.34668 -391.5686
000376 705.5829 15.44804 -393.2168
000377 707.6613 15.54996 -394.8665
000378 709.7441 15.65581 -396.5177
000379 711.8243 15.76531 -398.1607
000380 713.9054 15.87836 -399.8001
000381 715.9839 15.99116 -401.4338
000382 718.0631 16.10183 -403.0674
000383 720.1441 16.21513 -404.698
000384 722.2296 16.32798 -406.3296
000385 724.3156 16.44029 -407.9582
000386 726.4057 16.54399 -409.585
000387 728.4983 16.66273 -411.2077
000388 730.5888 16.77343 -412.8287
000389 732.6752 16.88104 -414.4501
000390 734.7664 16.98171 -416.0734
000391 736.8556 17.07951 -417.6935
000392 738.9533 17.1754 -419.3157
000393 741.0479 17.27242 -420.934
000394 743.1419 17.37146 -422.5508
000395 745.2354 17.4672 -424.1692
000396 747.3289 17.555 -425.7917
000397 749.4207 17.65191 -427.4134
000398 751.5173 17.75413 -429.0362
000399 753.6116 17.85404 -430.6541
000400 755.7109 17.94006 -432.2706
000401 757.8089 18.02205 -433.884
000402 759.9091 18.09594 -435.4976
000403 762.0181 18.17308 -437.1125
000404 764.1249 18.25478 -438.7221
000405 766.2346 18.33932 -440.3295
000406 768.3468 18.42281 -441.9355
000407 770.4571 18.50284 -443.5378
000408 772.573 18.58489 -445.1404
000409 774.6901 18.66585 -446.7409
000410 776.805 18.74823 -448.3389
000411 778.9176 18.82798 -449.9322
000412 781.0382 18.91026 -451.529
000413 783.1553 18.99428 -453.1207
000414 785.2706 19.07913 -454.711
000415 787.3866 19.16217 -456.3036
000416 789.4935 19.24372 -457.8927
000417 791.6044 19.32538 -459.4876
000418 793.7097 19.40541 -461.0817
000419 795.8137 19.48576 -462.6772
000420 797.914 19.56981 -464.2714
000421 800.0123 19.65533 -465.8635
000422 802.1083 19.73792 -467.4543
000423 804.2028 19.8163 -469.0448
000424 806.2987 19.88938 -470.6373
000425 808.3959 19.96249 -472.2307
000426 810.4902 20.03686 -473.8196
000427 812.591 20.11443 -475.4125
000428 814.6888 20.19413 -477.0013
000429 816.7915 20.27321 -478.5905
000430 818.8949 20.3538 -480.1748
000431 821.0023 20.43563 -481.7573
000432 823.1164 20.51693 -483.3404
000433 825.2301 20.59912 -484.9182
000434 827.3472 20.68385 -486.4927
000435 829.4645 20.77068 -488.0614
000436 831.5909 20.85797 -489.6319
000437 833.7229 20.94602 -491.2049
000438 835.8541 21.03407 -492.7761
000439 837.986 21.12295 -494.3446
000440 840.1199 21.21212 -495.9132
000441 842.2623 21.30359 -497.4854
000442 844.4038 21.3978 -499.0558
000443 846.5437 21.49439 -500.6257
000444 848.6827 21.58726 -502.1964
000445 850.8213 21.67907 -503.767
000446 852.9722 21.77339 -505.3431
000447 855.1147 21.86598 -506.9135
000448 857.2619 21.95643 -508.4874
000449 859.4084 22.04762 -510.0613
000450 861.557 22.1402 -511.637
000451 863.7104 22.23641 -513.2137
000452 865.8589 22.33432 -514.7848
000453 868.0116 22.43636 -516.3554
000454 870.1571 22.53588 -517.9222
000455 872.2938 22.63292 -519.4836
000456 874.4419 22.72987 -521.0493
000457 876.5885 22.82659 -522.608
000458 878.7368 22.92504 -524.1609
000459 880.8822 23.02388 -525.7065
000460 883.0323 23.12541 -527.2479
000461 885.2001 23.22957 -528.7963
000462 887.3238 23.32974 -530.3079
000463 889.4706 23.43087 -531.831
000464 891.6091 23.53263 -533.3456
000465 893.755 23.63418 -534.8619
000466 895.8952 23.73415 -536.3697
000467 898.0347 23.83529 -537.8732
000468 900.1742 23.94138 -539.3743
000469 902.3079 24.04861 -540.8662
000470 904.4565 24.15887 -542.3632
000471 906.591 24.26707 -543.8481
000472 908.7272 24.37286 -545.3321
000473 910.8623 24.47974 -546.8143
000474 912.9899 24.58493 -548.2919
000475 915.123 24.68802 -549.7727
000476 917.2617 24.78905 -551.2578
000477 919.4006 24.89471 -552.7312
000478 921.5445 25.01399 -554.2024
000479 923.6762 25.1219 -555.6621
000480 925.8066 25.21008 -557.1257
000481 927.945 25.3008 -558.5951
000482 930.0863 25.41005 -560.0649
000483 932.2263 25.52985 -561.5352
000484 934.3539 25.65168 -562.9959
000485 936.4928 25.77269 -564.4662
000486 938.6325 25.89232 -565.9327
000487 940.7719 26.01411 -567.3969
000488 942.9158 26.13759 -568.8595
000489 945.0575 26.26007 -570.322
000490 947.2049 26.38159 -571.7862
000491 949.3532 26.50083 -573.2481
000492 951.5077 26.62079 -574.7102
000493 953.6604 26.74228 -576.1661
000494 955.8153 26.86169 -577.6191
000495 957.9804 26.98219 -579.0749
000496 960.1378 27.09965 -580.5258
000497 962.3019 27.22009 -581.9778
000498 964.464 27.3483 -583.4246
000499 966.6368 27.48447 -584.8741
000500 968.8004 27.62785 -586.315
000501 970.9633 27.76619 -587.7582
000502 973.1252 27.89962 -589.2041
000503 975.2876 28.02995 -590.6491
000504 977.4553 28.16051 -592.0933
000505 979.6246 28.29193 -593.5333
000506 981.7949 28.42396 -594.9757
000507 983.9617 28.55465 -596.4211
000508 986.1268 28.68428 -597.8687
000509 988.2929 28.81455 -599.3177
000510 990.4617 28.9454 -600.7664
000511 992.6304 29.07443 -602.2122
000512 994.799 29.20365 -603.6558
000513 996.9663 29.33236 -605.0961
000514 999.1375 29.45851 -606.5369
000515 1001.304 29.58125 -607.9732
000516 1003.471 29.70297 -609.4078
000517 1005.637 29.82681 -610.8397
000518 1007.806 29.95555 -612.2697
000519 1009.973 30.08734 -613.6954
000520 1012.137 30.21781 -615.1186
000521 1014.298 30.3449 -616.5381
000522 1016.458 30.47099 -617.9592
000523 1018.616 30.59832 -619.3811
000524 1020.773 30.72311 -620.8006
000525 1022.925 30.84525 -622.2172
000526 1025.074 30.96719 -623.6311
000527 1027.219 31.08777 -625.042
000528 1029.367 31.20927 -626.4527
000529 1031.514 31.3327 -627.8572
000530 1033.658 31.45684 -629.2527
000531 1035.804 31.58219 -630.6416
000532 1037.942 31.70698 -632.0242
000533 1040.088 31.82813 -633.4108
000534 1042.231 31.94674 -634.7988
000535 1044.372 32.06456 -636.1849
000536 1046.514 32.18651 -637.5675
000537 1048.656 32.31052 -638.9462
000538 1050.796 32.43167 -640.3174
000539 1052.94 32.54722 -641.685
000540 1055.084 32.65961 -643.0515
000541 1057.226 32.77429 -644.4173
000542 1059.374 32.89861 -645.784
000543 1061.525 33.0293 -647.1441
000544 1063.674 33.16135 -648.4919
000545 1065.821 33.29059 -649.8375
000546 1067.966 33.4162 -651.1855
000547 1070.112 33.53835 -652.5347
000548 1072.257 33.65737 -653.8847
000549 1074.401 33.77429 -655.2353
000550 1076.547 33.89027 -656.5901
000551 1078.687 34.0047 -657.9412
000552 1080.84 34.12492 -659.2934
000553 1082.986 34.24794 -660.6391
000554 1085.128 34.36709 -661.9814
000555 1087.27 34.48078 -663.3284
000556 1089.413 34.5871 -664.6693
000557 1091.568 34.69434 -666.014
000558 1093.718 34.80575 -667.3474
000559 1095.878 34.92102 -668.6777
000560 1098.041 35.04702 -670.0112
000561 1100.195 35.17977 -671.3409
000562 1102.354 35.311 -672.6726
000563 1104.507 35.43368 -673.9958
000564 1106.668 35.54872 -675.3171
000565 1108.829 35.66545 -676.6374
000566 1110.993 35.78536 -677.9581
000567 1113.157 35.90472 -679.272
000568 1115.326 36.02658 -680.5868
000569 1117.494 36.14825 -681.8958
000570 1119.659 36.26861 -683.201
000571 1121.838 36.38796 -684.5117
000572 1124.019 36.51109 -685.8237
000573 1126.198 36.63445 -687.1319
000574 1128.381 36.75667 -688.4392
000575 1130.564 36.87463 -689.7431
000576 1132.753 36.99032 -691.0464
000577 1134.946 37.10266 -692.3504
000578 1137.143 37.21242 -693.654
000579 1139.341 37.32204 -694.9554
000580 1141.541 37.43261 -696.2551
000581 1143.749 37.54673 -697.556
000582 1145.954 37.66114 -698.8522
000583 1148.163 37.77645 -700.1487
000584 1150.376 37.89135 -701.445
000585 1152.585 38.00681 -702.7408
000586 1154.8 38.12449 -704.0408
000587 1157.012 38.24356 -705.3377
000588 1159.229 38.36214 -706.6378
000589 1161.448 38.48244 -707.9363
000590 1163.663 38.60075 -709.2369
000591 1165.886 38.71705 -710.5384
000592 1168.11 38.83461 -711.8436
000593 1170.337 38.95544 -713.1505
000594 1172.562 39.07728 -714.459
000595 1174.79 39.19328 -715.7678
000596 1177.083 39.30786 -717.1122
000597 1179.271 39.41873 -718.394
000598 1181.516 39.54154 -719.7105
000599 1183.758 39.67071 -721.0223
000600 1186.021 39.80234 -722.3448
000601 1188.272 39.93274 -723.6591
000602 1190.524 40.06015 -724.9743
000603 1192.784 40.18605 -726.2948
000604 1195.054 40.30956 -727.6201
000605 1197.315 40.43252 -728.937
000606 1199.585 40.55332 -730.2584
000607 1201.867 40.67201 -731.5819
000608 1204.142 40.79001 -732.8978
000609 1206.417 40.90637 -734.2126
000610 1208.709 41.02557 -735.534
000611 1210.993 41.14443 -736.8459
000612 1213.283 41.26512 -738.1592
000613 1215.578 41.3833 -739.4756
000614 1217.874 41.50237 -740.7904
000615 1220.173 41.61726 -742.1052
000616 1222.478 41.72981 -743.4152
000617 1224.787 41.83738 -744.7223
000618 1227.101 41.9435 -746.0279
000619 1229.416 42.04989 -747.3281
000620 1231.744 42.15831 -748.6314
000621 1234.074 42.26955 -749.9294
000622 1236.405 42.3792 -751.2267
000623 1238.735 42.48429 -752.5197
000624 1241.082 42.5865 -753.8235
000625 1243.423 42.68651 -755.1203
000626 1245.771 42.78686 -756.4194
000627 1248.123 42.88754 -757.7175
000628 1250.478 42.99082 -759.0137
000629 1252.841 43.09761 -760.312
000630 1255.209 43.2069 -761.6116
000631 1257.579 43.32063 -762.911
000632 1259.949 43.4359 -764.2087
000633 1262.318 43.54782 -765.5015
000634 1264.716 43.65179 -766.8074
000635 1267.084 43.73951 -768.0952
000636 1269.473 43.81598 -769.3932
000637 1271.868 43.89318 -770.6928
000638 1274.261 43.97657 -771.9869
000639 1276.67 44.06634 -773.287
000640 1279.074 44.15904 -774.5821
000641 1281.478 44.25252 -775.8763
000642 1283.885 44.34661 -777.1708
000643 1286.29 44.43881 -778.4617
000644 1288.696 44.52846 -779.7516
000645 1291.103 44.61411 -781.0407
000646 1293.51 44.6961 -782.3282
000647 1295.919 44.77631 -783.6147
000648 1298.329 44.85866 -784.899
000649 1300.742 44.94119 -786.1825
000650 1303.154 45.0228 -787.464
000651 1305.561 45.1037 -788.7421
000652 1307.966 45.18137 -790.0173
000653 1310.38 45.25492 -791.2954
000654 1312.794 45.32493 -792.5713
000655 1315.208 45.39321 -793.8437
000656 1317.624 45.46362 -795.1168
000657 1320.032 45.53831 -796.3846
000658 1322.449 45.62651 -797.6481
000659 1324.867 45.70716 -798.907
000660 1327.287 45.80071 -800.1723
000661 1329.709 45.86664 -801.4285
000662 1332.123 45.92005 -802.6887
000663 1334.542 45.96958 -803.95
000664 1336.962 46.01545 -805.2106
000665 1339.38 46.06417 -806.4689
000666 1341.797 46.11465 -807.7231
000667 1344.212 46.16921 -808.9741
000668 1346.638 46.21961 -810.2296
000669 1349.058 46.27189 -811.4819
000670 1351.478 46.32033 -812.7339
000671 1353.902 46.36595 -813.9856
000672 1356.319 46.41171 -815.2327
000673 1358.741 46.45846 -816.4808
000674 1361.156 46.50728 -817.7234
000675 1363.568 46.55681 -818.9605
000676 1365.979 46.60484 -820.1971
000677 1368.388 46.65299 -821.4312
000678 1370.797 46.70062 -822.6635
000679 1373.206 46.74966 -823.8932
000680 1375.612 46.79807 -825.1194
000681 1378.014 46.84358 -826.3424
000682 1380.423 46.88691 -827.566
000683 1382.83 46.92624 -828.785
000684 1385.241 46.96243 -830.0028
000685 1387.647 46.99431 -831.2155
000686 1390.058 47.02338 -832.428
000687 1392.473 47.05185 -833.6398
000688 1394.883 47.07894 -834.847
000689 1397.297 47.10779 -836.0545
000690 1399.712 47.13563 -837.2586
000691 1402.118 47.16495 -838.4586
000692 1404.531 47.1942 -839.6596
000693 1406.94 47.22089 -840.856
000694 1409.345 47.24749 -842.0488
000695 1411.748 47.27064 -843.2372
000696 1414.145 47.29259 -844.4199
000697 1416.545 47.31261 -845.6026
000698 1418.942 47.32869 -846.782
000699 1421.338 47.34203 -847.9587
000700 1423.739 47.3582 -849.1316
000701 1426.137 47.37431 -850.3038
000702 1428.54 47.39107 -851.4737
000703 1430.939 47.40614 -852.6428
000704 1433.338 47.41639 -853.8098
000705 1435.735 47.42141 -854.9747
000706 1438.134 47.42352 -856.1389
000707 1440.537 47.42646 -857.302
000708 1442.936 47.43237 -858.4621
000709 1445.33 47.43887 -859.6177
000710 1447.721 47.4462 -860.7713
000711 1450.116 47.45202 -861.9226
000712 1452.509 47.45636 -863.0706
000713 1454.899 47.45953 -864.2129
000714 1457.288 47.46458 -865.3539
000715 1459.672 47.46995 -866.4905
000716 1462.058 47.47405 -867.6272
000717 1464.432 47.47977 -868.7581
000718 1466.807 47.47599 -869.8865
000719 1469.182 47.46689 -871.0138
000720 1471.55 47.46029 -872.135
000721 1473.92 47.45073 -873.2573
000722 1476.283 47.43923 -874.3734
000723 1478.642 47.42685 -875.4851
000724 1481.001 47.42477 -876.5934
000725 1483.348 47.42592 -877.6953
000726 1485.696 47.43611 -878.7965
000727 1488.042 47.44804 -879.897
000728 1490.381 47.45675 -880.9934
000729 1492.712 47.46804 -882.085
000730 1495.041 47.47876 -883.175
000731 1497.363 47.49161 -884.2612
000732 1499.686 47.51405 -885.3464
000733 1501.996 47.5321 -886.427
000734 1504.298 47.54396 -887.5023
000735 1506.608 47.55386 -888.5793
000736 1508.913 47.56552 -889.6524
000737 1511.216 47.58029 -890.7229
000738 1513.51 47.59751 -891.7874
000739 1515.801 47.61124 -892.8485
000740 1518.096 47.62399 -893.9096
000741 1520.388 47.63313 -894.9665
000742 1522.676 47.64596 -896.0191
000743 1524.961 47.66736 -897.0705
000744 1527.242 47.68706 -898.117
000745 1529.523 47.70517 -899.1623
000746 1531.795 47.7202 -900.2017
000747 1534.067 47.73131 -901.2401
000748 1536.337 47.73818 -902.2742
000749 1538.605 47.75082 -903.306
000750 1540.873 47.76928 -904.3349
000751 1543.134 47.79346 -905.3584
000752 1545.392 47.81679 -906.3787
000753 1547.641 47.83343 -907.3939
000754 1549.884 47.84794 -908.4067
000755 1552.134 47.86034 -909.4203
000756 1554.374 47.87274 -910.4252
000757 1556.611 47.88768 -911.4271
000758 1558.842 47.90468 -912.4266
000759 1561.071 47.92615 -913.4263
000760 1563.292 47.94997 -914.4261
000761 1565.507 47.97397 -915.4256
000762 1567.716 47.99707 -916.4241
000763 1569.92 48.01985 -917.4222
000764 1572.126 48.04377 -918.4232
000765 1574.331 48.06802 -919.4263
000766 1576.528 48.09301 -920.4289
000767 1578.723 48.11923 -921.4312
000768 1580.91 48.14314 -922.4315
000769 1583.106 48.16606 -923.4386
000770 1585.294 48.1891 -924.4438
000771 1587.477 48.21155 -925.4494
000772 1589.656 48.23639 -926.4574
000773 1591.825 48.2626 -927.4666
000774 1593.998 48.29025 -928.484
000775 1596.156 48.31939 -929.5025
000776 1598.309 48.34906 -930.5255
000777 1600.456 48.37802 -931.5523
000778 1602.594 48.40548 -932.5808
000779 1604.728 48.43406 -933.6148
000780 1606.851 48.46143 -934.6535
000781 1608.968 48.49195 -935.6991
000782 1611.079 48.52624 -936.747
000783 1613.177 48.56114 -937.7953
000784 1615.276 48.59697 -938.8488
000785 1617.365 48.63325 -939.9034
000786 1619.446 48.67009 -940.9606
000787 1621.514 48.70767 -942.0174
000788 1623.582 48.74551 -943.0798
000789 1625.639 48.78112 -944.1387
000790 1627.692 48.81364 -945.1948
000791 1629.739 48.84336 -946.2493
000792 1631.78 48.87178 -947.302
000793 1633.819 48.89792 -948.3574
000794 1635.848 48.92252 -949.4093
000795 1637.876 48.94713 -950.4616
000796 1639.898 48.97459 -951.509
000797 1641.905 49.00261 -952.5509
000798 1643.92 49.03083 -953.5981
000799 1645.927 49.06123 -954.6358
000800 1647.929 49.09362 -955.6718
000801 1649.931 49.1307 -956.7025
000802 1651.926 49.17785 -957.7232
000803 1653.922 49.22771 -958.7392
000804 1655.907 49.27404 -959.7429
000805 1657.888 49.31059 -960.7445
000806 1659.868 49.33671 -961.7407
000807 1661.857 49.36368 -962.7322
000808 1663.845 49.39845 -963.7141
000809 1665.835 49.43882 -964.6864
000810 1667.828 49.48118 -965.652
000811 1669.813 49.52421 -966.61
000812 1671.797 49.56456 -967.5649
000813 1673.786 49.60599 -968.517
000814 1675.782 49.6513 -969.4644
000815 1677.761 49.69653 -970.3985
000816 1679.74 49.74 -971.3312
000817 1681.723 49.78185 -972.2641
000818 1683.703 49.82334 -973.1964
000819 1685.682 49.86559 -974.1288
000820 1687.655 49.90905 -975.0597
000821 1689.621 49.95262 -975.9855
000822 1691.585 49.99582 -976.9105
000823 1693.546 50.03776 -977.8338
000824 1695.506 50.07832 -978.7577
000825 1697.46 50.12017 -979.6789
000826 1699.416 50.16515 -980.5994
000827 1701.378 50.21139 -981.5203
000828 1703.321 50.25832 -982.4311
000829 1705.258 50.30572 -983.3354
000830 1707.206 50.35512 -984.2435
000831 1709.144 50.40598 -985.1451
000832 1711.078 50.45685 -986.0442
000833 1713.011 50.50409 -986.939
000834 1714.95 50.54622 -987.8314
000835 1716.881 50.58931 -988.7143
000836 1718.815 50.63886 -989.5928
000837 1720.748 50.69222 -990.4667
000838 1722.678 50.74708 -991.3366
000839 1724.608 50.80392 -992.2037
000840 1726.528 50.85882 -993.0631
000841 1728.444 50.91307 -993.9181
000842 1730.369 50.96953 -994.7738
000843 1732.261 51.02122 -995.6156
000844 1734.159 51.0717 -996.4578
000845 1736.038 51.12203 -997.293
000846 1737.915 51.1702 -998.1264
000847 1739.776 51.21849 -998.9527
000848 1741.629 51.2688 -999.7741
000849 1743.475 51.32253 -1000.59
000850 1745.308 51.37573 -1001.398
000851 1747.151 51.44766 -1002.199
000852 1748.971 51.50814 -1002.99
000853 1750.784 51.55995 -1003.788
000854 1752.592 51.60635 -1004.589
000855 1754.388 51.65386 -1005.375
000856 1756.187 51.70578 -1006.165
000857 1757.974 51.76265 -1006.957
000858 1759.751 51.82311 -1007.751
000859 1761.513 51.88342 -1008.544
000860 1763.261 51.95285 -1009.335
000861 1764.998 52.01045 -1010.123
000862 1766.72 52.07058 -1010.909
000863 1768.424 52.12901 -1011.69
000864 1770.113 52.18615 -1012.467
000865 1771.786 52.24293 -1013.242
000866 1773.447 52.30027 -1014.014
000867 1775.097 52.35761 -1014.785
000868 1776.731 52.4143 -1015.552
000869 1778.35 52.47129 -1016.316
000870 1779.954 52.52858 -1017.08
000871 1781.539 52.58609 -1017.84
000872 1783.104 52.64253 -1018.596
000873 1784.649 52.69797 -1019.347
000874 1786.178 52.75441 -1020.097
000875 1787.688 52.81142 -1020.85
000876 1789.178 52.87006 -1021.604
000877 1790.644 52.92871 -1022.359
000878 1792.093 52.98756 -1023.119
000879 1793.508 53.04491 -1023.881
000880 1794.918 53.10413 -1024.665
000881 1796.305 53.16251 -1025.467
000882 1797.645 53.22561 -1026.269
000883 1798.986 53.2864 -1027.105
000884 1800.303 53.34948 -1027.957
000885 1801.573 53.4186 -1028.814
000886 1802.849 53.48746 -1029.705
000887 1804.07 53.55687 -1030.593
000888 1805.302 53.62778 -1031.525
000889 1806.512 53.70201 -1032.479
000890 1807.659 53.78134 -1033.436
000891 1808.823 53.86369 -1034.439
000892 1809.965 53.94892 -1035.467
000893 1811.032 54.03157 -1036.486
000894 1812.12 54.11921 -1037.563
000895 1813.127 54.2074 -1038.631
000896 1814.163 54.29748 -1039.764
000897 1815.169 54.39358 -1040.921
000898 1816.083 54.49432 -1042.062
000899 1817.025 54.5985 -1043.266
000900 1817.931 54.70465 -1044.484
000901 1818.744 54.81008 -1045.693
000902 1819.586 54.91601 -1046.959
000903 1820.326 55.02254 -1048.207
000904 1821.1 55.13095 -1049.517
000905 1821.838 55.24358 -1050.848
000906 1822.465 55.35588 -1052.152
000907 1823.124 55.47132 -1053.518
000908 1823.739 55.58596 -1054.897
000909 1824.255 55.70364 -1056.26
000910 1824.795 55.82355 -1057.672
000911 1825.228 55.9407 -1059.056
000912 1825.688 56.06658 -1060.491
000913 1826.105 56.19032 -1061.934
000914 1826.418 56.31631 -1063.357
000915 1826.758 56.44401 -1064.825
000916 1827.054 56.57325 -1066.3
000917 1827.248 56.70276 -1067.744
000918 1827.464 56.83518 -1069.23
000919 1827.64 56.9688 -1070.726
000920 1827.717 57.09951 -1072.185
000921 1827.812 57.23215 -1073.687
000922 1827.812 57.3658 -1075.152
000923 1827.83 57.49929 -1076.658
000924 1827.812 57.63595 -1078.165
000925 1827.696 57.76981 -1079.636
000926 1827.601 57.90771 -1081.139
000927 1827.468 58.04396 -1082.643
000928 1827.234 58.17193 -1084.111
000929 1827.023 58.3023 -1085.615
000930 1826.704 58.43592 -1087.072
000931 1826.41 58.56608 -1088.569
000932 1826.076 58.70315 -1090.056
000933 1825.633 58.83384 -1091.489
000934 1825.214 58.96963 -1092.954
000935 1824.755 59.10201 -1094.41
000936 1824.183 59.2354 -1095.811
000937 1823.643 59.3685 -1097.24
000938 1823.06 59.49507 -1098.648
000939 1822.357 59.60684 -1099.995
000940 1821.684 59.72051 -1101.364
000941 1820.889 59.84234 -1102.66
000942 1820.139 59.94356 -1103.994
000943 1819.352 60.05208 -1105.305
000944 1818.45 60.15961 -1106.542
000945 1817.589 60.27091 -1107.799
000946 1816.694 60.38345 -1109.029
000947 1815.685 60.49128 -1110.182
000948 1814.723 60.60227 -1111.351
000949 1813.646 60.71216 -1112.443
000950 1812.614 60.82078 -1113.551
000951 1811.551 60.93013 -1114.626
000952 1810.378 61.03586 -1115.622
000953 1809.249 61.14424 -1116.631
000954 1808.088 61.24884 -1117.606
000955 1806.825 61.34899 -1118.505
000956 1805.603 61.44839 -1119.412
000957 1804.284 61.54684 -1120.246
000958 1803.008 61.64582 -1121.087
000959 1801.706 61.74346 -1121.892
000960 1800.315 61.83906 -1122.623
000961 1798.96 61.93421 -1123.358
000962 1797.579 62.0292 -1124.058
000963 1796.124 62.11734 -1124.692
000964 1794.701 62.20732 -1125.325
000965 1793.253 62.29534 -1125.928
000966 1791.742 62.38523 -1126.471
000967 1790.258 62.47435 -1127.004
000968 1788.716 62.5609 -1127.485
000969 1787.194 62.64482 -1127.955
000970 1785.654 62.72812 -1128.395
000971 1784.075 62.80871 -1128.793
000972 1782.506 62.89076 -1129.18
000973 1780.922 62.97071 -1129.541
000974 1779.311 63.04728 -1129.873
000975 1777.702 63.12234 -1130.193
000976 1776.082 63.19501 -1130.494
000977 1774.439 63.26738 -1130.771
000978 1772.797 63.33921 -1131.038
000979 1771.135 63.41172 -1131.284
000980 1769.479 63.48361 -1131.517
000981 1767.796 63.55799 -1131.74
000982 1766.113 63.63222 -1131.949
000983 1764.428 63.70596 -1132.152
000984 1762.736 63.77872 -1132.348
000985 1761.046 63.85109 -1132.534
000986 1759.353 63.9228 -1132.713
000987 1757.655 63.99476 -1132.885
000988 1755.959 64.06682 -1133.051
000989 1754.261 64.13795 -1133.21
000990 1752.565 64.20815 -1133.366
000991 1750.863 64.27888 -1133.519
000992 1749.163 64.34811 -1133.669
000993 1747.458 64.41721 -1133.818
000994 1745.755 64.48641 -1133.964
000995 1744.051 64.55659 -1134.108
000996 1742.342 64.62863 -1134.251
000997 1740.635 64.70178 -1134.391
000998 1738.929 64.77564 -1134.53
000999 1737.22 64.8495 -1134.667
001000 1735.516 64.92197 -1134.802
001001 1733.81 64.9947 -1134.934
001002 1732.115 65.06585 -1135.064
001003 1730.426 65.13665 -1135.192
001004 1728.748 65.20511 -1135.319
001005 1727.075 65.27167 -1135.441
001006 1725.404 65.33481 -1135.561
001007 1723.74 65.39481 -1135.676
001008 1722.082 65.45266 -1135.788
001009 1720.432 65.5124 -1135.894
001010 1718.787 65.5695 -1135.995
001011 1717.161 65.62471 -1136.086
001012 1715.535 65.67949 -1136.161
001013 1713.931 65.73199 -1136.225
001014 1712.341 65.78231 -1136.271
001015 1710.746 65.8327 -1136.295
001016 1709.184 65.88013 -1136.308
001017 1707.613 65.92724 -1136.285
001018 1706.078 65.97128 -1136.253
001019 1704.565 66.0123 -1136.194
001020 1703.031 66.04779 -1136.085
001021 1701.548 66.08116 -1135.967
001022 1700.082 66.11041 -1135.821
001023 1698.586 66.13649 -1135.613
001024 1697.155 66.16215 -1135.401
001025 1695.669 66.18653 -1135.102
001026 1694.241 66.21043 -1134.791
001027 1692.835 66.21801 -1134.472
001028 1691.371 66.2073 -1134.067
001029 1689.991 66.19591 -1133.671
001030 1688.621 66.17116 -1133.232
001031 1687.197 66.14385 -1132.693
001032 1685.87 66.09641 -1132.171
001033 1684.476 66.06232 -1131.541
001034 1683.2 66.01776 -1130.935
001035 1681.961 65.98452 -1130.284
001036 1680.643 65.94241 -1129.52
001037 1679.457 65.90758 -1128.777
001038 1678.306 65.87101 -1127.996
001039 1677.079 65.82757 -1127.102
001040 1675.989 65.78896 -1126.24
001041 1674.826 65.74585 -1125.267
001042 1673.811 65.70668 -1124.329
001043 1672.831 65.6632 -1123.355
001044 1671.787 65.61313 -1122.274
001045 1670.884 65.56276 -1121.227
001046 1670.025 65.50954 -1120.149
001047 1669.099 65.44746 -1118.972
001048 1668.319 65.38886 -1117.831
001049 1667.481 65.32217 -1116.599
001050 1666.783 65.25392 -1115.408
001051 1666.116 65.18499 -1114.183
001052 1665.409 65.10462 -1112.881
001053 1664.817 65.03254 -1111.609
001054 1664.267 64.95835 -1110.32
001055 1663.679 64.87654 -1108.96
001056 1663.209 64.79507 -1107.637
001057 1662.781 64.71287 -1106.297
001058 1662.301 64.62431 -1104.878
001059 1661.958 64.538 -1103.507
001060 1661.562 64.46915 -1102.062
001061 1661.319 64.3632 -1100.685
001062 1661.115 64.26554 -1099.284
001063 1660.875 64.14444 -1097.802
001064 1660.772 64.05174 -1096.37
001065 1660.724 63.95351 -1094.939
001066 1660.624 63.86049 -1093.444
001067 1660.666 63.75655 -1092.014
001068 1660.665 63.65347 -1090.516
001069 1660.808 63.53899 -1089.081
001070 1660.998 63.42386 -1087.649
001071 1661.14 63.30548 -1086.159
001072 1661.423 63.18844 -1084.736
001073 1661.752 63.07257 -1083.312
001074 1662.049 62.95694 -1081.841
001075 1662.469 62.84239 -1080.424
001076 1662.869 62.72406 -1078.968
001077 1663.374 62.61487 -1077.556
001078 1663.914 62.50419 -1076.148
001079 1664.445 62.39675 -1074.719
001080 1665.055 62.28661 -1073.325
001081 1665.691 62.17659 -1071.933
001082 1666.334 62.06217 -1070.534
001083 1667.04 61.9526 -1069.131
001084 1667.748 61.84362 -1067.757
001085 1668.471 61.73872 -1066.365
001086 1669.233 61.6328 -1064.989
001087 1670.011 61.52604 -1063.611
001088 1670.82 61.41849 -1062.227
001089 1671.64 61.31031 -1060.84
001090 1672.455 61.20477 -1059.464
001091 1673.289 61.0989 -1058.082
001092 1674.135 60.99427 -1056.683
001093 1674.989 60.89092 -1055.278
001094 1675.853 60.79 -1053.86
001095 1676.716 60.69111 -1052.451
001096 1677.591 60.59208 -1051.033
001097 1678.473 60.49193 -1049.604
001098 1679.381 60.38454 -1048.145
001099 1680.259 60.28089 -1046.739
001100 1681.167 60.17613 -1045.291
