000000 -0.0 -0.0 0.0
000001 -0.01101102 -0.01712164 0.961713
000002 -0.01699529 -0.03304158 1.924885
000003 -0.03106702 -0.06341853 2.888054
000004 -0.04462738 -0.09503621 3.848312
000005 -0.05337242 -0.1222173 4.806551
000006 -0.06458549 -0.1448705 5.738958
000007 -0.07542792 -0.1535673 6.676395
000008 -0.08936429 -0.1678814 7.606157
000009 -0.1013034 -0.1791661 8.535486
000010 -0.1141317 -0.1865848 9.465868
000011 -0.1275574 -0.1916301 10.38892
000012 -0.1421945 -0.1997185 11.33952
000013 -0.1548813 -0.2155601 12.22345
000014 -0.1693123 -0.2354858 13.13325
000015 -0.1849063 -0.2602522 14.04136
000016 -0.1992846 -0.2760574 14.94552
000017 -0.2169483 -0.2851106 15.84627
000018 -0.236713 -0.293361 16.74309
000019 -0.2548521 -0.2982439 17.63484
000020 -0.2730779 -0.3044055 18.52684
000021 -0.2937433 -0.3138402 19.41419
000022 -0.3146034 -0.3236882 20.29478
000023 -0.3335669 -0.3220398 21.1689
000024 -0.3517749 -0.3205089 22.03793
000025 -0.372549 -0.3172185 22.90089
000026 -0.3933684 -0.3159266 23.75773
000027 -0.4121035 -0.3140241 24.61543
000028 -0.4280328 -0.3057383 25.44218
000029 -0.4474023 -0.2988492 26.26621
000030 -0.4690774 -0.293049 27.08037
000031 -0.491623 -0.2934051 27.87697
000032 -0.5147234 -0.2982767 28.66957
000033 -0.5377287 -0.3030386 29.45471
000034 -0.5610502 -0.3024561 30.22665
000035 -0.5837097 -0.2893166 30.99325
000036 -0.6098827 -0.284946 31.75331
000037 -0.6373473 -0.2859582 32.49745
000038 -0.669497 -0.2913155 33.2349
000039 -0.7070281 -0.2980989 33.96228
000040 -0.7475972 -0.3011809 34.70353
000041 -0.7861231 -0.3012987 35.39317
000042 -0.8225011 -0.2935002 36.08573
000043 -0.8579745 -0.2845601 36.77338
000044 -0.8979841 -0.2829222 37.44921
000045 -0.9356939 -0.2753503 38.11124
000046 -0.966244 -0.2643952 38.76355
000047 -0.9940685 -0.2590333 39.40063
000048 -1.022967 -0.2546909 40.03748
000049 -1.054571 -0.2561416 40.68683
000050 -1.082779 -0.2559993 41.29211
000051 -1.107347 -0.2542439 41.89089
000052 -1.127463 -0.2504927 42.47569
000053 -1.143225 -0.2472759 43.04425
000054 -1.156523 -0.2461265 43.59239
000055 -1.163695 -0.2463307 44.11947
000056 -1.165311 -0.2460311 44.62705
000057 -1.165281 -0.2401569 45.11047
000058 -1.162119 -0.2348502 45.57447
000059 -1.153911 -0.2368661 46.01395
000060 -1.139704 -0.2380301 46.43562
000061 -1.11911 -0.2395256 46.83267
000062 -1.098158 -0.2391747 47.20456
000063 -1.077742 -0.2387525 47.56732
000064 -1.059487 -0.2404154 47.8784
000065 -1.036133 -0.2443984 48.17664
000066 -1.006263 -0.2532706 48.45088
000067 -0.9730963 -0.2607772 48.71656
000068 -0.9369557 -0.2675893 48.97559
000069 -0.8977462 -0.2734425 49.23239
000070 -0.8567415 -0.280568 49.48708
000071 -0.8084309 -0.2860922 49.7497
000072 -0.7577117 -0.2915714 49.98615
000073 -0.6971579 -0.2967619 50.23058
000074 -0.6296551 -0.3022908 50.47733
000075 -0.5626253 -0.3067843 50.70727
000076 -0.4889211 -0.3117062 50.9453
000077 -0.4074937 -0.3179085 51.18149
000078 -0.3172192 -0.3255041 51.4202
000079 -0.2212449 -0.3340796 51.6593
000080 -0.114714 -0.3439537 51.90075
000081 0.000273587 -0.3544958 52.12982
000082 0.1309526 -0.3642721 52.35595
000083 0.2760316 -0.3733939 52.58045
000084 0.4279778 -0.3824345 52.80031
000085 0.5907911 -0.3919068 53.01901
000086 0.7701079 -0.4025973 53.24411
000087 0.965237 -0.4147601 53.4728
000088 1.172293 -0.4302534 53.69477
000089 1.401712 -0.4467404 53.9268
000090 1.658262 -0.4647131 54.15343
000091 1.94608 -0.4776399 54.36895
000092 2.269729 -0.4777691 54.58519
000093 2.612681 -0.4832195 54.78988
000094 2.973763 -0.4792758 54.98383
000095 3.359263 -0.4860892 55.16957
000096 3.766145 -0.4913921 55.33541
000097 4.198361 -0.5166196 55.48396
000098 4.641416 -0.5396177 55.61845
000099 5.103719 -0.5645924 55.72143
000100 5.585536 -0.5957735 55.80227
000101 6.088519 -0.6266796 55.85617
000102 6.612372 -0.6532414 55.9028
000103 7.126377 -0.6821309 55.9379
000104 7.658631 -0.724289 55.95413
000105 8.20958 -0.7737852 55.97135
000106 8.774944 -0.8137508 55.97751
000107 9.351661 -0.857379 55.98323
000108 9.933246 -0.9020616 55.98182
000109 10.53767 -0.947374 55.97984
000110 11.13754 -0.9965387 55.979
000111 11.75501 -1.055254 55.96304
000112 12.38276 -1.117194 55.92954
000113 13.02027 -1.167977 55.90304
000114 13.67308 -1.217524 55.8833
000115 14.33357 -1.269538 55.85852
000116 15.01321 -1.317429 55.82149
000117 15.69798 -1.366117 55.77901
000118 16.38718 -1.417061 55.74074
000119 17.08252 -1.462354 55.70318
000120 17.78472 -1.502437 55.6721
000121 18.50468 -1.545746 55.643
000122 19.24155 -1.593908 55.61503
000123 19.97824 -1.647724 55.59027
000124 20.71281 -1.696725 55.56904
000125 21.4385 -1.741686 55.53688
000126 22.16714 -1.787932 55.51011
000127 22.90332 -1.839076 55.50537
000128 23.63216 -1.895775 55.50164
000129 24.37331 -1.955801 55.48454
000130 25.11164 -2.008471 55.46362
000131 25.83505 -2.059391 55.46181
000132 26.56806 -2.113697 55.47262
000133 27.30492 -2.167614 55.48963
000134 28.04413 -2.226546 55.49768
000135 28.77765 -2.288673 55.51027
000136 29.51232 -2.343893 55.52232
000137 30.2463 -2.395401 55.5362
000138 30.98559 -2.445222 55.54859
000139 31.7263 -2.496112 55.56188
000140 32.46495 -2.537443 55.58466
000141 33.2074 -2.578228 55.61348
000142 33.95101 -2.620601 55.63975
000143 34.69841 -2.667716 55.67316
000144 35.44252 -2.711893 55.7093
000145 36.19785 -2.761384 55.74855
000146 36.95093 -2.812393 55.78704
000147 37.70474 -2.867554 55.8266
000148 38.46575 -2.922992 55.86855
000149 39.23007 -2.973413 55.92107
000150 40.0022 -3.024315 55.97631
000151 40.7783 -3.080932 56.02494
000152 41.5555 -3.135919 56.07788
000153 42.33951 -3.188774 56.1413
000154 43.13031 -3.244326 56.20333
000155 43.93795 -3.297181 56.26972
000156 44.71372 -3.352539 56.34391
000157 45.5044 -3.40258 56.42297
000158 46.30756 -3.461241 56.5081
000159 47.12224 -3.525277 56.60533
000160 47.91411 -3.592468 56.70663
000161 48.72687 -3.662244 56.81192
000162 49.54068 -3.727642 56.92162
000163 50.35682 -3.792894 57.04097
000164 51.16788 -3.850124 57.16787
000165 51.98907 -3.91255 57.29726
000166 52.77379 -3.968025 57.4249
000167 53.56153 -4.023164 57.56033
000168 54.34318 -4.082523 57.69851
000169 55.10439 -4.143701 57.83752
000170 55.87053 -4.204409 57.9795
000171 56.64546 -4.26212 58.12033
000172 57.38911 -4.318314 58.26251
000173 58.13668 -4.369152 58.41357
000174 58.87601 -4.420802 58.56727
000175 59.59961 -4.467621 58.71611
000176 60.31245 -4.516372 58.86609
000177 61.01319 -4.564529 59.02108
000178 61.70436 -4.614787 59.17238
000179 62.38199 -4.657586 59.32091
000180 63.05593 -4.706379 59.46843
000181 63.72231 -4.758759 59.61689
000182 64.3816 -4.814707 59.76019
000183 65.03281 -4.867829 59.90218
000184 65.67175 -4.913385 60.03522
000185 66.30099 -4.9654 60.16765
000186 66.92208 -5.018319 60.29836
000187 67.54573 -5.076711 60.43224
000188 68.12018 -5.130339 60.55436
000189 68.72472 -5.182058 60.67792
000190 69.30307 -5.231855 60.80309
000191 69.88288 -5.285896 60.91928
000192 70.44995 -5.342758 61.033
000193 71.00066 -5.393054 61.14039
000194 71.54538 -5.440828 61.24382
000195 72.08654 -5.485365 61.34673
000196 72.62287 -5.532216 61.45078
000197 73.15814 -5.583135 61.55451
000198 73.70114 -5.63017 61.65701
000199 74.24267 -5.676448 61.7495
000200 74.78759 -5.7208 61.84178
000201 75.33524 -5.768173 61.94475
000202 75.88674 -5.817062 62.05821
000203 76.43447 -5.862448 62.17121
000204 76.9926 -5.912287 62.29135
000205 77.56843 -5.961148 62.42394
000206 78.12868 -6.008758 62.55305
000207 78.69259 -6.059871 62.69195
000208 79.28502 -6.107865 62.8458
000209 79.85086 -6.150779 63.00502
000210 80.4534 -6.192815 63.17985
000211 81.04837 -6.239009 63.35684
000212 81.65468 -6.285674 63.54111
000213 82.26579 -6.324963 63.74049
000214 82.89509 -6.371173 63.94808
000215 83.53476 -6.414738 64.1668
000216 84.19403 -6.458457 64.39981
000217 84.86139 -6.498607 64.63735
000218 85.53876 -6.545009 64.88814
000219 86.22445 -6.585584 65.15377
000220 86.92746 -6.605047 65.4284
000221 87.63165 -6.624344 65.70333
000222 88.35787 -6.646336 65.99341
000223 89.07692 -6.684073 66.28897
000224 89.79244 -6.725361 66.59944
000225 90.50245 -6.763694 66.90709
000226 91.2181 -6.813377 67.22868
000227 91.92183 -6.870738 67.55932
000228 92.60904 -6.914272 67.90371
000229 93.28887 -6.975179 68.24748
000230 93.9613 -7.03488 68.58083
000231 94.63312 -7.110019 68.92013
000232 95.27546 -7.183014 69.2482
000233 95.92749 -7.259679 69.5824
000234 96.58342 -7.329268 69.91299
000235 97.20647 -7.398532 70.23613
000236 97.84561 -7.469536 70.56975
000237 98.43505 -7.533159 70.88389
000238 99.03309 -7.592121 71.19793
000239 99.6279 -7.650212 71.50888
000240 100.2122 -7.709739 71.81621
000241 100.7869 -7.766662 72.12549
000242 101.353 -7.82354 72.43265
000243 101.9055 -7.88334 72.73582
000244 102.4447 -7.943074 73.03236
000245 102.983 -8.002376 73.32849
000246 103.5115 -8.05369 73.6209
000247 104.0361 -8.096619 73.90981
000248 104.5505 -8.139292 74.19588
000249 105.0601 -8.181955 74.48234
000250 105.564 -8.22375 74.76626
000251 106.0641 -8.265059 75.05403
000252 106.565 -8.308372 75.34311
000253 107.0595 -8.363102 75.63421
000254 107.5403 -8.418748 75.92569
000255 108.0289 -8.475876 76.22883
000256 108.5079 -8.530283 76.53231
000257 108.9938 -8.586122 76.8408
000258 109.4846 -8.642339 77.16092
000259 109.9856 -8.706456 77.48994
000260 110.4964 -8.763095 77.82451
000261 111.0125 -8.817849 78.17109
000262 111.5367 -8.867411 78.51965
000263 112.0557 -8.915374 78.87613
000264 112.5829 -8.963221 79.24678
000265 113.1161 -9.011645 79.62766
000266 113.6686 -9.057118 80.01888
000267 114.2286 -9.105368 80.42589
000268 114.7933 -9.158005 80.84871
000269 115.3671 -9.217043 81.28451
000270 115.9476 -9.273702 81.72926
000271 116.5301 -9.317811 82.18891
000272 117.1091 -9.366338 82.66397
000273 117.7001 -9.410224 83.15109
000274 118.2986 -9.457628 83.65236
000275 118.9071 -9.501459 84.16417
000276 119.523 -9.549903 84.68521
000277 120.1636 -9.590647 85.22386
000278 120.7812 -9.63523 85.74376
000279 121.4334 -9.682937 86.29266
000280 122.0849 -9.728697 86.85165
000281 122.73 -9.773963 87.405
000282 123.3777 -9.820354 87.97821
000283 124.0203 -9.868055 88.55484
000284 124.6768 -9.916275 89.16047
000285 125.3111 -9.964397 89.75362
000286 125.9636 -10.01373 90.35993
000287 126.619 -10.0578 90.97676
000288 127.2756 -10.10087 91.59686
000289 127.9271 -10.14276 92.21818
000290 128.5815 -10.1842 92.84078
000291 129.2245 -10.23342 93.4639
000292 129.8788 -10.28691 94.10638
000293 130.5065 -10.3407 94.74426
000294 131.1491 -10.39963 95.40323
000295 131.7916 -10.456 96.07042
000296 132.4272 -10.50523 96.742
000297 133.059 -10.55248 97.41926
000298 133.6847 -10.60432 98.10439
000299 134.3191 -10.66004 98.79631
000300 134.9539 -10.71551 99.48856
000301 135.6011 -10.77139 100.1963
000302 136.2215 -10.81998 100.8793
000303 136.8528 -10.86978 101.5789
000304 137.4843 -10.91832 102.2803
000305 138.1207 -10.96869 102.9852
000306 138.7684 -11.01807 103.7008
000307 139.3904 -11.06529 104.3827
000308 140.0213 -11.11507 105.0727
000309 140.6686 -11.1641 105.7715
000310 141.3096 -11.21534 106.457
000311 141.9472 -11.26171 107.1334
000312 142.5933 -11.3094 107.8056
000313 143.2295 -11.35965 108.4648
000314 143.8589 -11.4107 109.1244
000315 144.4994 -11.4626 109.7839
000316 145.1538 -11.52141 110.4492
000317 145.7899 -11.57854 111.0957
000318 146.4484 -11.63357 111.754
000319 147.0826 -11.68264 112.3782
000320 147.7333 -11.73221 113.0076
000321 148.3963 -11.78416 113.6394
000322 149.0522 -11.835 114.2503
000323 149.7073 -11.88352 114.8427
000324 150.3763 -11.92783 115.4384
000325 151.0476 -11.97578 116.0372
000326 151.7272 -12.02409 116.6342
000327 152.4041 -12.07204 117.2224
000328 153.086 -12.12501 117.8158
000329 153.7739 -12.17933 118.3992
000330 154.4786 -12.23831 118.9893
000331 155.189 -12.299 119.5662
000332 155.9127 -12.36503 120.152
000333 156.6454 -12.42646 120.7245
000334 157.3838 -12.47643 121.2983
000335 158.1338 -12.52578 121.8681
000336 158.9058 -12.58374 122.4322
000337 159.646 -12.63933 122.9716
000338 160.4008 -12.70216 123.5094
000339 161.1947 -12.77762 124.0636
000340 161.9638 -12.85193 124.5828
000341 162.7291 -12.9194 125.0909
000342 163.4987 -12.98726 125.6019
000343 164.2698 -13.05527 126.1138
000344 165.0417 -13.12226 126.6042
000345 165.8008 -13.18289 127.092
000346 166.5531 -13.23954 127.577
000347 167.2915 -13.29978 128.0524
000348 168.0469 -13.36429 128.5271
000349 168.764 -13.42431 128.9792
000350 169.4764 -13.48459 129.4289
000351 170.1931 -13.54899 129.8817
000352 170.9121 -13.61181 130.3215
000353 171.6213 -13.67121 130.7525
000354 172.3205 -13.72813 131.175
000355 173.0101 -13.7841 131.5931
000356 173.6861 -13.84508 132.0073
000357 174.3545 -13.90627 132.4182
000358 175.035 -13.96378 132.827
000359 175.6897 -14.01825 133.2184
000360 176.3532 -14.07865 133.6308
000361 177.0072 -14.134 134.0303
000362 177.652 -14.18089 134.4121
000363 178.2937 -14.22293 134.7778
000364 178.9314 -14.26465 135.1404
000365 179.5573 -14.31261 135.5048
000366 180.1748 -14.36322 135.8638
000367 180.7795 -14.41258 136.2166
000368 181.3913 -14.45852 136.5576
000369 181.9903 -14.50312 136.8908
000370 182.5812 -14.54745 137.2138
000371 183.1665 -14.59096 137.5326
000372 183.7467 -14.63103 137.8441
000373 184.3283 -14.67151 138.1496
000374 184.9104 -14.71237 138.45
000375 185.5029 -14.7551 138.7526
000376 186.0967 -14.79763 139.0562
000377 186.7023 -14.84501 139.3564
000378 187.3167 -14.89366 139.65
000379 187.939 -14.94259 139.942
000380 188.564 -14.99292 140.2354
000381 189.1978 -15.03908 140.5266
000382 189.8399 -15.08795 140.8155
000383 190.4965 -15.14579 141.0981
000384 191.1667 -15.20551 141.381
000385 191.8455 -15.26383 141.6544
000386 192.5394 -15.32526 141.9287
000387 193.245 -15.38822 142.2045
000388 193.9627 -15.45199 142.4808
000389 194.6963 -15.51367 142.7543
000390 195.46 -15.57305 143.0263
000391 196.2138 -15.62684 143.2937
000392 196.9859 -15.68196 143.5675
000393 197.7721 -15.74033 143.8336
000394 198.5592 -15.79846 144.0967
000395 199.3386 -15.85428 144.35
000396 200.1451 -15.92437 144.6074
000397 200.9751 -16.00532 144.8679
000398 201.8244 -16.08857 145.1297
000399 202.6924 -16.17598 145.3976
000400 203.5316 -16.26124 145.6544
000401 204.3673 -16.33869 145.908
000402 205.2495 -16.42655 146.1719
000403 206.1048 -16.51609 146.4228
000404 206.9819 -16.6098 146.6776
000405 207.8609 -16.69858 146.926
000406 208.7471 -16.78439 147.1708
000407 209.644 -16.8739 147.4068
000408 210.5492 -16.96319 147.6436
000409 211.462 -17.05443 147.8807
000410 212.3811 -17.14388 148.1148
000411 213.3004 -17.23376 148.3482
000412 214.2272 -17.32239 148.5829
000413 215.1568 -17.41109 148.8145
000414 216.0841 -17.50032 149.0489
000415 217.0093 -17.58912 149.2778
000416 217.9343 -17.67768 149.5044
000417 218.8603 -17.76862 149.7262
000418 219.7937 -17.85886 149.9499
000419 220.7197 -17.94623 150.1656
000420 221.6448 -18.03413 150.3821
000421 222.5742 -18.12038 150.6004
000422 223.5075 -18.20847 150.8144
000423 224.4121 -18.29363 151.0218
000424 225.3277 -18.38635 151.2317
000425 226.2731 -18.4808 151.4464
000426 227.1676 -18.56752 151.6432
000427 228.1038 -18.65508 151.845
000428 229.0056 -18.73661 152.0382
000429 229.9189 -18.81652 152.2303
000430 230.8378 -18.89376 152.4181
000431 231.7587 -18.96992 152.6032
000432 232.6895 -19.04112 152.7858
000433 233.6155 -19.11494 152.9646
000434 234.5305 -19.18701 153.1401
000435 235.4493 -19.26118 153.3132
000436 236.3787 -19.33366 153.478
000437 237.2897 -19.41011 153.6418
000438 238.1998 -19.49555 153.8032
000439 239.1054 -19.5793 153.959
000440 240.0191 -19.66444 154.11
000441 240.9342 -19.75257 154.2564
000442 241.85 -19.83999 154.3982
000443 242.7628 -19.92378 154.5354
000444 243.6688 -20.00434 154.6684
000445 244.5757 -20.08388 154.7979
000446 245.4743 -20.16399 154.9236
000447 246.3684 -20.24532 155.0412
000448 247.2733 -20.3235 155.1446
000449 248.1739 -20.40379 155.2524
000450 249.0698 -20.48204 155.3582
000451 249.9549 -20.55749 155.4527
000452 250.8345 -20.6346 155.5425
000453 251.7259 -20.71972 155.6328
000454 252.6209 -20.80615 155.7215
000455 253.5136 -20.89449 155.8057
000456 254.4024 -20.98217 155.8813
000457 255.2821 -21.06516 155.9558
000458 256.1621 -21.14494 156.0255
000459 257.0428 -21.22381 156.0897
000460 257.9199 -21.30232 156.1451
000461 258.7907 -21.3755 156.1854
000462 259.6601 -21.44205 156.224
000463 260.527 -21.51116 156.258
000464 261.3989 -21.58418 156.2883
000465 262.2717 -21.65347 156.3158
000466 263.1403 -21.72636 156.3324
000467 264.006 -21.79663 156.3451
000468 264.8657 -21.86707 156.3569
000469 265.7295 -21.94115 156.3616
000470 266.5945 -22.0171 156.3599
000471 267.4594 -22.09328 156.3596
000472 268.3206 -22.16749 156.3531
000473 269.1826 -22.2424 156.3491
000474 270.0395 -22.31694 156.3437
000475 270.8934 -22.39231 156.3409
000476 271.7439 -22.46937 156.334
000477 272.5882 -22.55275 156.33
000478 273.4367 -22.63729 156.3283
000479 274.2406 -22.71743 156.3276
000480 275.0562 -22.79801 156.3301
000481 275.8616 -22.87783 156.3361
000482 276.6656 -22.95477 156.3455
000483 277.4484 -23.02961 156.3596
000484 278.2238 -23.10166 156.3778
000485 278.9862 -23.17205 156.4029
000486 279.7382 -23.23843 156.4295
000487 280.4806 -23.30168 156.455
000488 281.2202 -23.36731 156.4848
000489 281.9382 -23.43189 156.5202
000490 282.6515 -23.49597 156.56
000491 283.3383 -23.55164 156.5937
000492 284.0121 -23.6105 156.634
000493 284.6753 -23.6696 156.6761
000494 285.3276 -23.7268 156.7166
000495 285.967 -23.78128 156.7616
000496 286.5937 -23.83446 156.8069
000497 287.2092 -23.89017 156.8523
000498 287.8108 -23.94344 156.8983
000499 288.4106 -23.99582 156.9431
000500 288.9746 -24.04626 156.9918
000501 289.5493 -24.10169 157.0416
000502 290.1099 -24.15117 157.0886
000503 290.6604 -24.19669 157.1342
000504 291.199 -24.24004 157.1804
000505 291.7281 -24.28194 157.2288
000506 292.2488 -24.32193 157.2772
000507 292.7596 -24.36116 157.3242
000508 293.2587 -24.40494 157.3722
000509 293.7527 -24.44767 157.4213
000510 294.2374 -24.49148 157.4678
000511 294.7246 -24.53746 157.5174
000512 295.2096 -24.58496 157.567
000513 295.702 -24.63307 157.617
000514 296.1993 -24.67824 157.6689
000515 296.7013 -24.72333 157.7197
000516 297.209 -24.77055 157.7654
000517 297.7199 -24.82169 157.8091
000518 298.2403 -24.87488 157.8477
000519 298.7679 -24.92374 157.8894
000520 299.3114 -24.96956 157.9364
000521 299.8664 -25.02054 157.9801
000522 300.4328 -25.085 158.0169
000523 301.0133 -25.15046 158.0468
000524 301.5988 -25.21321 158.0882
000525 302.1893 -25.27483 158.1416
000526 302.7896 -25.33868 158.193
000527 303.4095 -25.40269 158.2314
000528 304.0385 -25.46722 158.2678
000529 304.6811 -25.53204 158.3096
000530 305.3328 -25.59815 158.3588
000531 305.9952 -25.66221 158.4057
000532 306.6661 -25.72467 158.4467
000533 307.3491 -25.79503 158.4838
000534 308.0487 -25.86821 158.5319
000535 308.7476 -25.94126 158.5802
000536 309.4569 -26.01685 158.6244
000537 310.1745 -26.09606 158.6611
000538 310.8972 -26.1748 158.6982
000539 311.6329 -26.25448 158.7386
000540 312.3814 -26.34091 158.7711
000541 313.1397 -26.43175 158.8018
000542 313.9052 -26.52053 158.8338
000543 314.6762 -26.60789 158.8676
000544 315.4536 -26.69381 158.9033
000545 316.2406 -26.78025 158.9387
000546 317.0373 -26.87072 158.9755
000547 317.8436 -26.96318 159.0134
000548 318.6531 -27.05549 159.0532
000549 319.4779 -27.14548 159.0967
000550 320.3018 -27.23538 159.1401
000551 321.1391 -27.32655 159.1855
000552 321.9833 -27.4181 159.2317
000553 322.8344 -27.50858 159.2816
000554 323.6909 -27.59901 159.3323
000555 324.5567 -27.68936 159.3854
000556 325.435 -27.78207 159.4432
000557 326.3133 -27.8748 159.501
000558 327.199 -27.96791 159.5617
000559 328.0932 -28.06283 159.6224
000560 328.9883 -28.15786 159.6885
000561 329.888 -28.25775 159.7631
000562 330.789 -28.35861 159.8373
000563 331.697 -28.45992 159.9145
000564 332.6065 -28.5625 159.9925
000565 333.518 -28.66639 160.0736
000566 334.4313 -28.77189 160.1589
000567 335.3462 -28.87348 160.2423
000568 336.2589 -28.97212 160.3277
000569 337.1754 -29.07108 160.4126
000570 338.0878 -29.17312 160.5022
000571 338.9981 -29.27516 160.5872
000572 339.9061 -29.37509 160.6703
000573 340.8083 -29.47693 160.7513
000574 341.7122 -29.57782 160.8345
000575 342.6161 -29.6802 160.9116
000576 343.5205 -29.78018 160.9891
000577 344.4236 -29.87756 161.0668
000578 345.3276 -29.97769 161.1449
000579 346.2235 -30.07709 161.2272
000580 347.1167 -30.17753 161.3076
000581 348.0099 -30.27574 161.3912
000582 348.9065 -30.37548 161.4741
000583 349.8059 -30.47413 161.5564
000584 350.6977 -30.56953 161.637
000585 351.5901 -30.66501 161.7177
000586 352.4825 -30.76035 161.7983
000587 353.3785 -30.8605 161.884
000588 354.2731 -30.96097 161.9694
000589 355.17 -31.05569 162.0527
000590 356.0658 -31.14982 162.144
000591 356.966 -31.24424 162.2399
000592 357.8634 -31.34268 162.3464
000593 358.7644 -31.43232 162.4482
000594 359.6666 -31.52203 162.5502
000595 360.5743 -31.60985 162.6543
000596 361.4763 -31.69958 162.7695
000597 362.3757 -31.79176 162.8963
000598 363.2722 -31.88456 163.0348
000599 364.1687 -31.97736 163.1733
000600 365.0628 -32.07264 163.323
000601 365.9547 -32.16864 163.4848
000602 366.8412 -32.26554 163.6594
000603 367.727 -32.36548 163.8508
000604 368.6005 -32.46696 164.049
000605 369.4767 -32.56385 164.2602
000606 370.3486 -32.65824 164.4754
000607 371.22 -32.75253 164.6956
000608 372.0932 -32.84871 164.9156
000609 372.9644 -32.94965 165.1387
000610 373.8419 -33.04904 165.362
000611 374.7198 -33.14733 165.5911
000612 375.5998 -33.24711 165.8267
000613 376.4772 -33.34844 166.0669
000614 377.3568 -33.45186 166.3146
000615 378.2299 -33.55204 166.5661
000616 379.0956 -33.65147 166.8284
000617 379.9484 -33.75068 167.0928
000618 380.8018 -33.85006 167.3575
000619 381.646 -33.94947 167.6218
000620 382.4797 -34.05166 167.8984
000621 383.3184 -34.15042 168.1718
000622 384.1565 -34.24855 168.4494
000623 384.9855 -34.34893 168.7309
000624 385.8082 -34.44909 169.0139
000625 386.6213 -34.54404 169.2932
000626 387.4349 -34.639 169.5726
000627 388.2465 -34.73778 169.8564
000628 389.0518 -34.83651 170.1379
000629 389.8585 -34.93537 170.4198
000630 390.6508 -35.03121 170.695
000631 391.4405 -35.12143 170.9678
000632 392.2273 -35.21056 171.2375
000633 393.0148 -35.29819 171.5035
000634 393.8158 -35.37808 171.7624
000635 394.6157 -35.45946 172.0196
000636 395.4044 -35.54302 172.2841
000637 396.1902 -35.62299 172.539
000638 396.9791 -35.70992 172.7964
000639 397.7804 -35.79994 173.0637
000640 398.5862 -35.89106 173.3316
000641 399.394 -35.98738 173.6026
000642 400.2054 -36.08162 173.874
000643 401.042 -36.17291 174.146
000644 401.857 -36.26143 174.4114
000645 402.7259 -36.35992 174.6994
000646 403.54 -36.4565 174.9704
000647 404.3866 -36.55987 175.2516
000648 405.2387 -36.65818 175.5298
000649 406.0994 -36.76127 175.8119
000650 406.9522 -36.86062 176.092
000651 407.8104 -36.9606 176.3696
000652 408.6653 -37.05716 176.6545
000653 409.5217 -37.14867 176.9473
000654 410.3808 -37.23727 177.2463
000655 411.2375 -37.3234 177.5323
000656 412.0933 -37.40675 177.816
000657 412.9441 -37.49169 178.0918
000658 413.8009 -37.5727 178.3624
000659 414.6582 -37.66188 178.6362
000660 415.5021 -37.74912 178.9073
000661 416.3431 -37.83262 179.1783
000662 417.1677 -37.91664 179.4502
000663 417.987 -38.00097 179.722
000664 418.7969 -38.08222 179.9864
000665 419.6091 -38.15827 180.2456
000666 420.4007 -38.23307 180.499
000667 421.1854 -38.30596 180.7477
000668 421.9594 -38.37484 180.9889
000669 422.7235 -38.44427 181.2296
000670 423.4737 -38.52223 181.472
000671 424.2251 -38.60018 181.7147
000672 424.9706 -38.6818 181.9531
000673 425.7139 -38.76538 182.1916
000674 426.4553 -38.84576 182.4274
000675 427.1913 -38.9186 182.6547
000676 427.9167 -38.9893 182.8782
000677 428.639 -39.06082 183.1044
000678 429.3649 -39.13224 183.3307
000679 430.0878 -39.20176 183.5566
000680 430.8055 -39.26661 183.7827
000681 431.5424 -39.32909 184.0151
000682 432.2521 -39.38552 184.2421
000683 432.9778 -39.44566 184.4755
000684 433.7097 -39.51541 184.7061
000685 434.4438 -39.58607 184.9369
000686 435.1772 -39.6556 185.1676
000687 435.8944 -39.72678 185.3968
000688 436.5933 -39.80189 185.6247
000689 437.295 -39.87998 185.8583
000690 437.987 -39.96184 186.0948
000691 438.6578 -40.03698 186.322
000692 439.3183 -40.11521 186.5498
000693 439.9765 -40.19335 186.7754
000694 440.6294 -40.26688 186.999
000695 441.2583 -40.33301 187.2107
000696 441.8895 -40.3994 187.4232
000697 442.5242 -40.4691 187.6386
000698 443.1116 -40.5317 187.8378
000699 443.7097 -40.58993 188.0413
000700 444.3114 -40.65105 188.2466
000701 444.871 -40.71269 188.4403
000702 445.4493 -40.77681 188.6415
000703 445.9827 -40.83615 188.8272
000704 446.5258 -40.89361 189.0156
000705 447.0563 -40.94722 189.2012
000706 447.5777 -41.00285 189.3847
000707 448.0907 -41.0568 189.5643
000708 448.5905 -41.11097 189.7399
000709 449.0822 -41.16507 189.9127
000710 449.5511 -41.22241 190.0814
000711 450.015 -41.2784 190.2493
000712 450.4737 -41.33399 190.415
000713 450.9162 -41.38482 190.5699
000714 451.3527 -41.43116 190.7215
000715 451.7763 -41.47778 190.8714
000716 452.1892 -41.5232 191.0192
000717 452.5961 -41.57027 191.1612
000718 452.9753 -41.61612 191.2926
000719 453.3477 -41.66274 191.4237
000720 453.7102 -41.70389 191.5502
000721 454.0561 -41.74707 191.6725
000722 454.4021 -41.79023 191.7949
000723 454.7312 -41.8346 191.9114
000724 455.0471 -41.87896 192.029
000725 455.3537 -41.9151 192.1421
000726 455.6532 -41.94952 192.2468
000727 455.9458 -41.97617 192.3442
000728 456.2262 -42.00704 192.4409
000729 456.5053 -42.03355 192.5337
000730 456.7802 -42.06007 192.6304
000731 457.0499 -42.08984 192.7285
000732 457.3193 -42.1196 192.8262
000733 457.5849 -42.14874 192.9215
000734 457.8478 -42.17833 193.0158
000735 458.1099 -42.20107 193.1115
000736 458.3727 -42.22298 193.2069
000737 458.6339 -42.24587 193.3069
000738 458.8966 -42.27315 193.4109
000739 459.1567 -42.30207 193.522
000740 459.4284 -42.32982 193.6404
000741 459.6977 -42.35796 193.7601
000742 459.9699 -42.38822 193.8837
000743 460.2494 -42.41641 194.0183
000744 460.5317 -42.44519 194.1659
000745 460.8164 -42.46997 194.3198
000746 461.0905 -42.49464 194.4719
000747 461.3703 -42.52156 194.6318
000748 461.6462 -42.55214 194.7973
000749 461.9028 -42.58029 194.967
000750 462.1586 -42.6007 195.1399
000751 462.4096 -42.6202 195.3093
000752 462.6558 -42.6418 195.4678
000753 462.8996 -42.66193 195.6128
000754 463.1354 -42.68335 195.7438
000755 463.3755 -42.69452 195.8647
000756 463.5862 -42.70011 195.962
000757 463.8526 -42.71946 196.0754
000758 464.1011 -42.73706 196.1766
000759 464.3543 -42.75047 196.2736
000760 464.6036 -42.76345 196.3641
000761 464.8704 -42.78446 196.4577
000762 465.1394 -42.8119 196.5508
000763 465.4025 -42.83862 196.6346
000764 465.6751 -42.87317 196.7174
000765 465.9486 -42.90391 196.7998
000766 466.2106 -42.93432 196.8705
000767 466.4742 -42.97107 196.9409
000768 466.714 -43.00329 197.0063
000769 466.9526 -43.03319 197.0727
000770 467.1914 -43.05471 197.1423
000771 467.4097 -43.07618 197.209
000772 467.6176 -43.09856 197.2758
000773 467.8226 -43.12385 197.3493
000774 468.0046 -43.15132 197.427
000775 468.1669 -43.18329 197.4971
000776 468.3295 -43.20345 197.5723
000777 468.491 -43.22371 197.6433
000778 468.6283 -43.24139 197.6916
000779 468.7634 -43.2591 197.7388
000780 468.8842 -43.27329 197.7883
000781 468.9924 -43.28474 197.8525
000782 469.0948 -43.29185 197.9181
000783 469.204 -43.29579 197.9843
000784 469.2991 -43.29833 198.0352
000785 469.3867 -43.30684 198.0824
000786 469.473 -43.31315 198.1348
000787 469.5559 -43.31632 198.181
000788 469.6341 -43.31351 198.2243
000789 469.7087 -43.32229 198.2622
000790 469.7717 -43.3356 198.3029
000791 469.8181 -43.34418 198.3492
000792 469.8578 -43.34935 198.4001
000793 469.8944 -43.35196 198.4424
000794 469.9367 -43.35745 198.4781
000795 469.9846 -43.36013 198.5051
000796 470.0301 -43.36564 198.5343
000797 470.0664 -43.37479 198.5661
000798 470.0932 -43.3869 198.6001
000799 470.1173 -43.3898 198.6341
000800 470.1424 -43.39187 198.6644
