000000 0.0 0.0 0.0
000001 0.003499723 -0.009789328 0.5653511
000002 0.001173954 -0.02241474 1.127607
000003 -0.007831705 -0.04141091 1.689225
000004 -0.01508128 -0.0592272 2.251296
000005 -0.02040073 -0.07423248 2.816072
000006 -0.02969353 -0.09078265 3.390281
000007 -0.04152744 -0.1098544 3.969489
000008 -0.05593704 -0.1348021 4.556204
000009 -0.07008098 -0.1575514 5.150463
000010 -0.08798198 -0.1803479 5.751285
000011 -0.1054713 -0.1996581 6.363942
000012 -0.1238576 -0.2187844 6.989627
000013 -0.1444743 -0.2366165 7.637602
000014 -0.1645124 -0.2542635 8.302111
000015 -0.1844755 -0.2738044 8.978383
000016 -0.2077191 -0.2924369 9.661917
000017 -0.2329992 -0.3035717 10.35368
000018 -0.253794 -0.3091782 11.06423
000019 -0.270128 -0.3152238 11.79839
000020 -0.2821162 -0.3207015 12.5587
000021 -0.2962122 -0.3252216 13.3352
000022 -0.3128296 -0.3292075 14.12399
000023 -0.3270868 -0.3300205 14.92763
000024 -0.3451203 -0.32986 15.74882
000025 -0.3585571 -0.3310784 16.58175
000026 -0.3661096 -0.3374209 17.4281
000027 -0.3686442 -0.3506532 18.28806
000028 -0.3812873 -0.3643232 19.16967
000029 -0.3931436 -0.383628 20.0706
000030 -0.4065575 -0.4078809 20.99062
000031 -0.419658 -0.4350658 21.92489
000032 -0.4375606 -0.463143 22.87774
000033 -0.4507315 -0.4913797 23.84921
000034 -0.46864 -0.5208191 24.82497
000035 -0.4870736 -0.5504866 25.80752
000036 -0.5055765 -0.5806979 26.79489
000037 -0.5258752 -0.6123111 27.7959
000038 -0.5464848 -0.6430976 28.8031
000039 -0.5679163 -0.673845 29.8173
000040 -0.5884758 -0.7048065 30.8382
000041 -0.6113853 -0.7344817 31.86663
000042 -0.6341856 -0.765854 32.9025
000043 -0.6562571 -0.7960953 33.94945
000044 -0.6799668 -0.8250696 35.00439
000045 -0.7046294 -0.852128 36.06726
000046 -0.7318157 -0.8792448 37.12992
000047 -0.7509456 -0.8999454 38.20156
000048 -0.763742 -0.9173898 39.27699
000049 -0.7861115 -0.9426008 40.35358
000050 -0.8119808 -0.9707248 41.43101
000051 -0.8405589 -0.9983507 42.50646
000052 -0.8709114 -1.026979 43.58049
000053 -0.9059963 -1.04797 44.64539
000054 -0.9448054 -1.065232 45.70729
000055 -0.9815092 -1.088166 46.77981
000056 -1.015604 -1.110851 47.8582
000057 -1.050114 -1.131381 48.93463
000058 -1.079496 -1.149441 50.01065
000059 -1.112505 -1.168837 51.08922
000060 -1.142897 -1.184929 52.15954
000061 -1.177502 -1.200275 53.23263
000062 -1.210486 -1.22123 54.30647
000063 -1.24879 -1.24431 55.37246
000064 -1.282228 -1.272192 56.44378
000065 -1.319412 -1.300079 57.51446
000066 -1.352181 -1.322688 58.60062
000067 -1.387176 -1.339024 59.6858
000068 -1.418009 -1.354327 60.76851
000069 -1.444555 -1.364859 61.84743
000070 -1.469495 -1.377471 62.92513
000071 -1.499917 -1.3958 64.00399
000072 -1.528092 -1.415207 65.08527
000073 -1.558768 -1.436238 66.16971
000074 -1.593317 -1.460636 67.26138
000075 -1.623511 -1.483749 68.34968
000076 -1.649241 -1.501927 69.43492
000077 -1.673162 -1.522851 70.52233
000078 -1.69757 -1.542287 71.60597
000079 -1.724041 -1.56643 72.68959
000080 -1.754602 -1.593458 73.76891
000081 -1.784427 -1.618953 74.84293
000082 -1.818016 -1.644073 75.91173
000083 -1.852271 -1.670698 76.98007
000084 -1.892754 -1.702097 78.04464
000085 -1.931694 -1.731655 79.11497
000086 -1.971601 -1.759353 80.18037
000087 -2.009246 -1.780033 81.241
000088 -2.046091 -1.79845 82.29562
000089 -2.082196 -1.819154 83.3426
000090 -2.118145 -1.83635 84.38146
000091 -2.152257 -1.854735 85.40636
000092 -2.187213 -1.871238 86.41716
000093 -2.224921 -1.889129 87.4107
000094 -2.262425 -1.90777 88.38264
000095 -2.303693 -1.929486 89.33531
000096 -2.344772 -1.950966 90.26556
000097 -2.390135 -1.972736 91.17072
000098 -2.434745 -1.993637 92.05518
000099 -2.486719 -2.021957 92.91577
000100 -2.538278 -2.044394 93.75397
000101 -2.594376 -2.066115 94.56706
000102 -2.649588 -2.083333 95.35206
000103 -2.709824 -2.104835 96.1106
000104 -2.76931 -2.127247 96.83647
000105 -2.827593 -2.149905 97.53308
000106 -2.885302 -2.169614 98.19683
000107 -2.940577 -2.192789 98.83274
000108 -2.992555 -2.21765 99.43737
000109 -3.043655 -2.242127 100.02
000110 -3.092267 -2.268333 100.5818
000111 -3.132396 -2.291455 101.1196
000112 -3.162399 -2.311035 101.6363
000113 -3.182492 -2.327168 102.1306
000114 -3.196722 -2.349063 102.6043
000115 -3.201967 -2.369031 103.0549
000116 -3.198184 -2.391847 103.4865
000117 -3.182672 -2.410045 103.9074
000118 -3.156876 -2.43259 104.3189
000119 -3.116159 -2.449486 104.719
000120 -3.061832 -2.472039 105.1162
000121 -2.993908 -2.487673 105.4984
000122 -2.911418 -2.507487 105.8778
000123 -2.813888 -2.526594 106.2405
000124 -2.699437 -2.548585 106.6027
000125 -2.570785 -2.565421 106.9444
000126 -2.431748 -2.585374 107.2854
000127 -2.279365 -2.60108 107.6167
000128 -2.109387 -2.615943 107.9269
000129 -1.921488 -2.628863 108.2346
000130 -1.720225 -2.64191 108.5153
000131 -1.50675 -2.655967 108.7943
000132 -1.282825 -2.670469 109.0496
000133 -1.047012 -2.682863 109.3104
000134 -0.7972273 -2.691906 109.5491
000135 -0.5307156 -2.699185 109.791
000136 -0.2466359 -2.712112 110.0156
000137 0.05578371 -2.723636 110.2064
000138 0.3744581 -2.732922 110.404
000139 0.7051086 -2.741477 110.5684
000140 1.049532 -2.753607 110.7304
000141 1.408134 -2.764267 110.8567
000142 1.774099 -2.777327 110.9879
000143 2.148919 -2.788461 111.1029
000144 2.533142 -2.796272 111.1851
000145 2.934626 -2.806532 111.2656
000146 3.350702 -2.818457 111.3182
000147 3.783818 -2.829807 111.3644
000148 4.227266 -2.840259 111.4023
000149 4.690755 -2.856964 111.447
000150 5.173439 -2.871679 111.4895
000151 5.672652 -2.886056 111.5178
000152 6.192944 -2.902144 111.5272
000153 6.728517 -2.917163 111.5183
000154 7.282318 -2.930539 111.5004
000155 7.855335 -2.935743 111.4905
000156 8.447661 -2.943016 111.4822
000157 9.065751 -2.953427 111.4624
000158 9.708447 -2.966443 111.4331
000159 10.36534 -2.980253 111.4116
000160 11.04173 -2.993917 111.3977
000161 11.7305 -3.009754 111.3912
000162 12.44057 -3.02098 111.3766
000163 13.16355 -3.034345 111.3612
000164 13.9022 -3.051223 111.3451
000165 14.65827 -3.072877 111.3363
000166 15.42377 -3.095311 111.324
000167 16.20084 -3.118178 111.3091
000168 16.98099 -3.141006 111.2943
000169 17.76747 -3.160636 111.276
000170 18.56541 -3.176463 111.2519
000171 19.37151 -3.193647 111.2251
000172 20.18791 -3.214056 111.2066
000173 21.00565 -3.232298 111.189
000174 21.82752 -3.250815 111.1686
000175 22.65838 -3.273148 111.1497
000176 23.49682 -3.298255 111.1374
000177 24.33823 -3.326366 111.128
000178 25.18208 -3.350402 111.111
000179 26.02725 -3.370419 111.0993
000180 26.86546 -3.392421 111.0866
000181 27.69648 -3.417654 111.0665
000182 28.51752 -3.439638 111.0417
000183 29.34025 -3.464646 111.0185
000184 30.17178 -3.494748 110.9962
000185 31.00291 -3.524637 110.9727
000186 31.82438 -3.550386 110.9495
000187 32.63728 -3.574008 110.931
000188 33.44955 -3.59738 110.9148
000189 34.25559 -3.619497 110.8957
000190 35.05969 -3.643377 110.8735
000191 35.85953 -3.668997 110.8521
000192 36.65572 -3.692321 110.8323
000193 37.4503 -3.713275 110.8119
000194 38.24062 -3.739393 110.7877
000195 39.02353 -3.76436 110.7603
000196 39.80437 -3.788915 110.7309
000197 40.57553 -3.8113 110.6977
000198 41.34827 -3.834868 110.6618
000199 42.11586 -3.860486 110.626
000200 42.87606 -3.885455 110.5935
000201 43.62563 -3.908535 110.5634
000202 44.35901 -3.927506 110.5329
000203 45.07372 -3.947128 110.5025
000204 45.7787 -3.968246 110.4722
000205 46.47919 -3.990288 110.4407
000206 47.17652 -4.011755 110.4123
000207 47.87113 -4.034285 110.3817
000208 48.56561 -4.055339 110.3479
000209 49.254 -4.074607 110.3152
000210 49.93953 -4.093812 110.2891
000211 50.62365 -4.114385 110.2629
000212 51.29886 -4.131756 110.2291
000213 51.97172 -4.148661 110.1946
000214 52.64111 -4.167844 110.1638
000215 53.30677 -4.188031 110.132
000216 53.9664 -4.204714 110.0844
000217 54.62746 -4.221113 110.0294
000218 55.29672 -4.239741 109.9758
000219 55.96874 -4.25974 109.9227
000220 56.64512 -4.283061 109.8596
000221 57.3246 -4.30533 109.792
000222 58.01252 -4.323997 109.7249
000223 58.70923 -4.342226 109.6525
000224 59.4186 -4.360434 109.5755
000225 60.14241 -4.377079 109.5029
000226 60.86806 -4.390954 109.4297
000227 61.59653 -4.404393 109.3511
000228 62.32941 -4.420348 109.2651
000229 63.06998 -4.438119 109.1742
000230 63.81462 -4.456517 109.091
000231 64.56343 -4.476878 109.0137
000232 65.31557 -4.499677 108.9344
000233 66.05966 -4.57986 108.8574
000234 66.80584 -4.708747 108.7907
000235 67.54618 -4.789634 108.7201
000236 68.28567 -4.884585 108.6478
000237 69.02479 -4.946543 108.5668
000238 69.77011 -5.019805 108.4826
000239 70.51938 -5.07247 108.3983
000240 71.27406 -5.125756 108.316
000241 72.02772 -5.16964 108.2285
000242 72.78695 -5.215003 108.1439
000243 73.55163 -5.250965 108.0563
000244 74.32302 -5.288827 107.9665
000245 75.09805 -5.322302 107.8742
000246 75.87891 -5.352632 107.783
000247 76.66362 -5.383553 107.6848
000248 77.45431 -5.407645 107.5825
000249 78.24938 -5.427471 107.4828
000250 79.0466 -5.449247 107.3781
000251 79.84877 -5.474046 107.2685
000252 80.65616 -5.497261 107.1591
000253 81.47409 -5.523123 107.0489
000254 82.29746 -5.550477 106.933
000255 83.12845 -5.578164 106.8232
000256 83.96282 -5.600569 106.7162
000257 84.80162 -5.624186 106.6094
000258 85.65017 -5.645151 106.4988
000259 86.49919 -5.665219 106.3903
000260 87.34879 -5.689906 106.2858
000261 88.19557 -5.717941 106.1799
000262 89.04327 -5.742522 106.0757
000263 89.89495 -5.767415 105.9776
000264 90.75627 -5.799013 105.8789
000265 91.62156 -5.830094 105.7772
000266 92.48727 -5.857296 105.6748
000267 93.34712 -5.883872 105.5741
000268 94.21112 -5.910917 105.4745
000269 95.07445 -5.936408 105.3717
000270 95.93646 -5.961976 105.2677
000271 96.79086 -5.986691 105.1663
000272 97.64589 -6.012871 105.0653
000273 98.49885 -6.038151 104.9697
000274 99.35201 -6.066471 104.8776
000275 100.202 -6.095973 104.7876
000276 101.0431 -6.123256 104.6963
000277 101.8778 -6.148741 104.6056
000278 102.7081 -6.174259 104.5111
000279 103.5359 -6.203992 104.414
000280 104.3613 -6.235915 104.3147
000281 105.1785 -6.267117 104.2165
000282 105.9907 -6.29876 104.1174
000283 106.7982 -6.331199 104.0206
000284 107.6027 -6.362544 103.9256
000285 108.4014 -6.396279 103.8301
000286 109.1918 -6.429851 103.7315
000287 109.977 -6.461637 103.6312
000288 110.7566 -6.493157 103.5305
000289 111.5346 -6.526005 103.4269
000290 112.3078 -6.558137 103.32
000291 113.0783 -6.58877 103.2107
000292 113.8417 -6.625419 103.1087
000293 114.5994 -6.664413 103.0043
000294 115.3566 -6.698886 102.887
000295 116.1173 -6.732518 102.7662
000296 116.8832 -6.772644 102.6502
000297 117.6391 -6.812258 102.5331
000298 118.3859 -6.848109 102.411
000299 119.1312 -6.880154 102.2948
000300 119.8732 -6.916674 102.178
000301 120.6114 -6.955093 102.0532
000302 121.3457 -6.993951 101.9311
000303 122.0792 -7.031609 101.8119
000304 122.813 -7.073884 101.6844
000305 123.547 -7.116066 101.5468
000306 124.2726 -7.157447 101.4077
000307 124.9966 -7.198722 101.2695
000308 125.7124 -7.23782 101.1264
000309 126.4247 -7.277349 100.9752
000310 127.1315 -7.316019 100.8115
000311 127.8368 -7.354262 100.64
000312 128.5371 -7.391647 100.4561
000313 129.2346 -7.428905 100.2649
000314 129.9272 -7.464456 100.066
000315 130.6177 -7.501316 99.85681
000316 131.3037 -7.535702 99.64198
000317 131.9861 -7.571493 99.43215
000318 132.6678 -7.602966 99.21607
000319 133.3449 -7.633871 98.99266
000320 134.017 -7.665957 98.76779
000321 134.6874 -7.696836 98.55353
000322 135.3466 -7.725113 98.34062
000323 136.005 -7.752705 98.13493
000324 136.6601 -7.781433 97.92651
000325 137.3158 -7.809641 97.71838
000326 137.9665 -7.844579 97.51185
000327 138.6074 -7.876691 97.31435
000328 139.2425 -7.904561 97.11981
000329 139.8731 -7.93472 96.92653
000330 140.5034 -7.965446 96.73888
000331 141.1304 -7.997921 96.55453
000332 141.7523 -8.029376 96.37711
000333 142.369 -8.06037 96.20436
000334 142.983 -8.087196 96.0345
000335 143.5939 -8.112439 95.86352
000336 144.2021 -8.136308 95.69564
000337 144.8014 -8.165921 95.53897
000338 145.3935 -8.194245 95.39074
000339 145.9803 -8.221656 95.2441
000340 146.5647 -8.246532 95.0991
000341 147.1435 -8.273094 94.96498
000342 147.7253 -8.301809 94.84161
000343 148.3017 -8.33079 94.71843
000344 148.8778 -8.35732 94.60227
000345 149.4512 -8.384287 94.49786
000346 150.0216 -8.411951 94.40439
000347 150.5932 -8.438291 94.32475
000348 151.1604 -8.463908 94.25103
000349 151.7288 -8.491499 94.19972
000350 152.2939 -8.522593 94.16541
000351 152.8539 -8.551506 94.14214
000352 153.4149 -8.579884 94.13044
000353 153.9729 -8.607328 94.12758
000354 154.5327 -8.635876 94.13268
000355 155.0895 -8.663502 94.13926
000356 155.6469 -8.688323 94.13797
000357 156.1965 -8.709648 94.12065
000358 156.7425 -8.727615 94.09311
000359 157.2847 -8.747148 94.05245
000360 157.8214 -8.765511 94.00733
000361 158.3533 -8.782045 93.96008
000362 158.8792 -8.797332 93.90679
000363 159.4012 -8.813298 93.8382
000364 159.9158 -8.829814 93.75723
000365 160.4306 -8.846036 93.66924
000366 160.9386 -8.861136 93.57816
000367 161.435 -8.875534 93.48522
000368 161.9306 -8.890957 93.38617
000369 162.4176 -8.905283 93.27627
000370 162.899 -8.919301 93.16096
000371 163.3789 -8.934349 93.04986
000372 163.8542 -8.94793 92.93874
000373 164.3316 -8.963049 92.83529
000374 164.806 -8.978427 92.72888
000375 165.2777 -8.997595 92.62255
000376 165.7438 -9.013537 92.51318
000377 166.2092 -9.030668 92.41197
000378 166.6749 -9.042484 92.29964
000379 167.1492 -9.050522 92.18701
000380 167.6334 -9.058955 92.0695
000381 168.1253 -9.068787 91.94609
000382 168.6218 -9.082588 91.81029
000383 169.126 -9.096027 91.66843
000384 169.6389 -9.107717 91.5263
000385 170.1579 -9.119045 91.38115
000386 170.6832 -9.132048 91.22588
000387 171.2141 -9.147581 91.06242
000388 171.7484 -9.163386 90.89653
000389 172.2902 -9.178977 90.73483
000390 172.8366 -9.193889 90.56912
000391 173.3868 -9.207509 90.39703
000392 173.9327 -9.22171 90.21585
000393 174.4808 -9.235795 90.03523
000394 175.0292 -9.249796 89.86252
000395 175.574 -9.260605 89.68772
000396 176.1157 -9.27339 89.51351
000397 176.658 -9.286728 89.34095
000398 177.1976 -9.302397 89.17394
000399 177.7366 -9.318006 89.00902
000400 178.2718 -9.333326 88.84611
000401 178.7972 -9.347847 88.68987
000402 179.3156 -9.362912 88.53955
000403 179.8254 -9.377338 88.39451
000404 180.3224 -9.391387 88.25564
000405 180.808 -9.404618 88.12317
000406 181.2821 -9.41767 87.99373
000407 181.7427 -9.43054 87.86857
000408 182.1857 -9.443133 87.75348
000409 182.6121 -9.45458 87.65091
000410 183.0265 -9.464732 87.56152
000411 183.4324 -9.474451 87.48204
000412 183.8335 -9.483133 87.40983
000413 184.2319 -9.493001 87.34855
000414 184.6231 -9.502342 87.29367
000415 185.0197 -9.513352 87.25612
000416 185.4134 -9.524231 87.23365
000417 185.8039 -9.53584 87.23155
000418 186.1937 -9.547399 87.24422
000419 186.5698 -9.559758 87.26331
000420 186.952 -9.574536 87.29783
000421 187.3319 -9.588216 87.34029
000422 187.6973 -9.601021 87.38579
000423 188.0686 -9.611487 87.45192
000424 188.4238 -9.620615 87.52595
000425 188.7883 -9.627618 87.61924
000426 189.1549 -9.633802 87.72864
000427 189.5095 -9.639227 87.84616
000428 189.8823 -9.645668 87.99264
000429 190.2336 -9.65155 88.15725
000430 190.6013 -9.662356 88.35376
000431 190.949 -9.672989 88.55409
000432 191.3201 -9.68416 88.78162
000433 191.6933 -9.694072 89.03226
000434 192.0423 -9.704866 89.29218
000435 192.4105 -9.719824 89.60055
000436 192.7478 -9.734985 89.92948
000437 193.103 -9.753497 90.29644
000438 193.4542 -9.771782 90.68449
000439 193.7797 -9.788979 91.08783
000440 194.1207 -9.805979 91.52895
000441 194.4379 -9.823861 91.98893
000442 194.7637 -9.843068 92.48548
000443 195.072 -9.86177 93.00739
000444 195.3781 -9.87841 93.54895
000445 195.6839 -9.896652 94.12166
000446 195.9764 -9.912797 94.71148
000447 196.2715 -9.928192 95.32711
000448 196.5617 -9.940191 95.95704
000449 196.8516 -9.951735 96.60743
000450 197.1374 -9.961056 97.2774
000451 197.4182 -9.970244 97.97014
000452 197.6899 -9.982069 98.68228
000453 197.9499 -9.992522 99.41105
000454 198.2071 -10.00261 100.1604
000455 198.4618 -10.01358 100.9262
000456 198.7161 -10.02705 101.7027
000457 198.9723 -10.03702 102.4872
000458 199.2416 -10.04701 103.284
000459 199.5168 -10.0596 104.0925
000460 199.7985 -10.07261 104.9137
000461 200.0827 -10.08525 105.7448
000462 200.371 -10.09936 106.5908
000463 200.6612 -10.11259 107.4441
000464 200.9553 -10.12353 108.3065
000465 201.2524 -10.13595 109.1695
000466 201.5498 -10.15022 110.032
000467 201.8479 -10.16319 110.893
000468 202.151 -10.17328 111.7544
000469 202.4544 -10.18181 112.6206
000470 202.7572 -10.18895 113.4866
000471 203.0592 -10.1956 114.3505
000472 203.3642 -10.20405 115.2141
000473 203.6649 -10.21469 116.0817
000474 203.9839 -10.22705 117.0004
000475 204.2664 -10.23876 117.8202
000476 204.563 -10.24981 118.6904
000477 204.8576 -10.26236 119.562
000478 205.151 -10.27452 120.4368
000479 205.4446 -10.28626 121.3088
000480 205.735 -10.29698 122.1791
000481 206.0233 -10.3065 123.0494
000482 206.3117 -10.31639 123.9201
000483 206.5986 -10.32682 124.7903
000484 206.8814 -10.33631 125.6572
000485 207.1621 -10.34503 126.5197
000486 207.4409 -10.35411 127.3774
000487 207.7118 -10.36189 128.2265
000488 207.9796 -10.37139 129.0715
000489 208.2428 -10.37829 129.9084
000490 208.502 -10.38629 130.7359
000491 208.7512 -10.39206 131.5533
000492 208.9973 -10.40122 132.35
000493 209.2395 -10.41143 133.1441
000494 209.465 -10.4197 133.899
000495 209.6873 -10.42934 134.6536
000496 209.9047 -10.44065 135.3898
000497 210.1152 -10.45188 136.1105
000498 210.3158 -10.4616 136.8126
000499 210.5053 -10.47044 137.4929
000500 210.6841 -10.47955 138.1496
000501 210.8534 -10.48458 138.781
000502 211.0151 -10.48927 139.387
000503 211.1681 -10.50014 139.9688
000504 211.3149 -10.51272 140.5281
000505 211.4559 -10.52308 141.0618
000506 211.5916 -10.53223 141.5766
000507 211.724 -10.54209 142.072
000508 211.8477 -10.55376 142.554
000509 211.9678 -10.56314 143.0234
000510 212.0878 -10.5746 143.4896
000511 212.2023 -10.58625 143.9404
000512 212.3145 -10.59882 144.3957
000513 212.4189 -10.60855 144.8487
000514 212.5094 -10.61759 145.296
000515 212.5874 -10.62654 145.7394
000516 212.6445 -10.63536 146.1708
000517 212.6931 -10.64334 146.6087
000518 212.728 -10.65085 147.0442
000519 212.7352 -10.65946 147.467
000520 212.7355 -10.67006 147.8973
000521 212.6979 -10.68017 148.309
000522 212.6554 -10.69138 148.7277
000523 212.5937 -10.70164 149.1398
000524 212.4911 -10.70606 149.5284
000525 212.3948 -10.71183 149.9312
000526 212.2529 -10.71523 150.305
000527 212.1199 -10.72424 150.6883
000528 211.9677 -10.73122 151.0609
000529 211.7649 -10.73621 151.398
000530 211.5709 -10.74053 151.7398
000531 211.3278 -10.74127 152.0414
000532 211.0997 -10.73972 152.3511
000533 210.8585 -10.73777 152.6461
000534 210.5705 -10.7328 152.9003
000535 210.3042 -10.7273 153.1666
000536 209.9863 -10.72114 153.3864
000537 209.6902 -10.71643 153.6096
000538 209.384 -10.71065 153.8164
000539 209.0364 -10.70316 153.9758
000540 208.7097 -10.69694 154.1279
000541 208.3451 -10.68954 154.2375
000542 208.0039 -10.67917 154.357
000543 207.6286 -10.6705 154.4466
000544 207.2698 -10.66114 154.5375
000545 206.9028 -10.65159 154.6115
000546 206.5143 -10.64196 154.6636
000547 206.1374 -10.62867 154.7274
000548 205.7432 -10.61058 154.7862
000549 205.3426 -10.59434 154.8398
000550 204.9245 -10.5799 154.8689
000551 204.4976 -10.56644 154.8951
000552 204.0547 -10.55371 154.9164
000553 203.6024 -10.54074 154.9481
000554 203.1364 -10.52573 154.9817
000555 202.6532 -10.5071 155.003
000556 202.1496 -10.48725 155.0197
000557 201.6203 -10.47117 155.0193
000558 201.071 -10.45869 155.0048
000559 200.5036 -10.44543 154.98
000560 199.9196 -10.42741 154.9573
000561 199.3179 -10.40597 154.9342
000562 198.6968 -10.38401 154.9104
000563 198.0566 -10.36129 154.8848
000564 197.401 -10.33952 154.8572
000565 196.7229 -10.31726 154.826
000566 196.0291 -10.29442 154.7958
000567 195.3169 -10.27036 154.772
000568 194.5862 -10.24608 154.7538
000569 193.8374 -10.22125 154.7492
000570 193.0705 -10.19609 154.7502
000571 192.2854 -10.16949 154.7603
000572 191.4848 -10.14317 154.7788
000573 190.6688 -10.11899 154.8086
000574 189.8354 -10.09564 154.8506
000575 188.9847 -10.07065 154.9028
000576 188.1234 -10.04573 154.9664
000577 187.2537 -10.02182 155.0405
000578 186.3819 -9.996545 155.1219
000579 185.5055 -9.969487 155.2099
000580 184.6297 -9.942539 155.3026
000581 183.7535 -9.916425 155.4011
000582 182.8772 -9.890135 155.5026
000583 181.9987 -9.863521 155.6041
000584 181.1142 -9.837804 155.7048
000585 180.2294 -9.813133 155.8063
000586 179.3401 -9.787337 155.9061
000587 178.4501 -9.762228 156.0078
000588 177.5583 -9.737717 156.111
000589 176.6648 -9.715049 156.2176
000590 175.7731 -9.692884 156.3244
000591 174.8806 -9.67004 156.4284
000592 173.987 -9.647095 156.5318
000593 173.0979 -9.626476 156.6392
000594 172.2109 -9.605476 156.7456
000595 171.3197 -9.581146 156.8486
000596 170.4234 -9.556695 156.9534
000597 169.5318 -9.529498 157.0576
000598 168.6411 -9.502013 157.161
000599 167.7494 -9.474824 157.264
000600 166.8573 -9.448053 157.3675
000601 165.9654 -9.422279 157.4718
000602 165.0767 -9.397373 157.5771
000603 164.1664 -9.371821 157.6877
000604 163.3046 -9.348969 157.7946
000605 162.4228 -9.324889 157.9057
000606 161.5439 -9.30001 158.0151
000607 160.6685 -9.278466 158.1268
000608 159.791 -9.257473 158.2372
000609 158.9175 -9.235883 158.3483
000610 158.0452 -9.214242 158.4607
000611 157.1734 -9.192396 158.5732
000612 156.307 -9.171456 158.6857
000613 155.435 -9.149972 158.7993
000614 154.5698 -9.127752 158.9136
000615 153.7017 -9.106746 159.0295
000616 152.8296 -9.085915 159.1441
000617 151.9539 -9.065684 159.2594
000618 151.0745 -9.046829 159.3794
000619 150.1896 -9.027227 159.5007
000620 149.3011 -9.007556 159.6223
000621 148.4176 -8.986304 159.744
000622 147.5233 -8.965435 159.8738
000623 146.6258 -8.943302 160.006
000624 145.7261 -8.923891 160.1315
000625 144.8243 -8.900537 160.2572
000626 143.9222 -8.876788 160.3908
000627 143.0067 -8.855379 160.5168
000628 142.09 -8.83461 160.64
000629 141.169 -8.814338 160.7675
000630 140.2449 -8.793788 160.8945
000631 139.3164 -8.77445 161.0191
000632 138.3734 -8.753301 161.1378
000633 137.4412 -8.730564 161.2492
000634 136.4973 -8.707212 161.3585
000635 135.5474 -8.684384 161.4635
000636 134.5952 -8.660506 161.5602
000637 133.6359 -8.63717 161.6556
000638 132.6768 -8.614007 161.7489
000639 131.7112 -8.590858 161.8406
000640 130.7412 -8.568927 161.9362
000641 129.7673 -8.548312 162.034
000642 128.789 -8.526577 162.1294
000643 127.7888 -8.502345 162.2242
000644 126.8239 -8.478331 162.3139
000645 125.847 -8.451643 162.4025
000646 124.8698 -8.423223 162.4891
000647 123.8955 -8.393223 162.5755
000648 122.9228 -8.364074 162.6628
000649 121.9517 -8.334383 162.7476
000650 120.9827 -8.305096 162.833
000651 120.0115 -8.27603 162.917
000652 119.04 -8.247097 162.9982
000653 118.0676 -8.217188 163.0817
000654 117.0962 -8.190686 163.1649
000655 116.1257 -8.16462 163.2477
000656 115.1532 -8.13741 163.332
000657 114.1834 -8.112159 163.4176
000658 113.2135 -8.088498 163.5036
000659 112.2414 -8.064935 163.5907
000660 111.2713 -8.039749 163.6764
000661 110.2992 -8.016223 163.7618
000662 109.3298 -7.988739 163.8452
000663 108.36 -7.961322 163.93
000664 107.386 -7.933978 164.0146
000665 106.4168 -7.906372 164.1013
000666 105.4447 -7.880923 164.1854
000667 104.4776 -7.853605 164.2692
000668 103.5089 -7.826026 164.3528
000669 102.5407 -7.799256 164.4349
000670 101.572 -7.770766 164.5137
000671 100.6078 -7.743516 164.5939
000672 99.6444 -7.716144 164.6724
000673 98.68013 -7.691555 164.7519
000674 97.71624 -7.668411 164.836
000675 96.74473 -7.645451 164.9281
000676 95.77946 -7.621151 165.025
000677 94.81342 -7.595478 165.1226
000678 93.84929 -7.567909 165.2231
000679 92.88647 -7.539571 165.3259
000680 91.91835 -7.510417 165.4274
000681 90.95214 -7.480226 165.5302
000682 89.97192 -7.45148 165.6374
000683 89.02823 -7.424901 165.7432
000684 88.06538 -7.399685 165.8512
000685 87.09607 -7.380274 165.9632
000686 86.12617 -7.361033 166.0746
000687 85.15047 -7.341209 166.1916
000688 84.18412 -7.317668 166.3055
000689 83.2161 -7.293431 166.4184
000690 82.24261 -7.267431 166.5315
000691 81.26555 -7.240322 166.646
000692 80.28691 -7.211469 166.754
000693 79.31183 -7.181974 166.8626
000694 78.33892 -7.153796 166.9738
000695 77.36723 -7.127829 167.087
000696 76.39326 -7.104477 167.2019
000697 75.40969 -7.083141 167.3142
000698 74.42483 -7.061818 167.4265
000699 73.4387 -7.03786 167.5389
000700 72.45612 -7.009383 167.6483
000701 71.47256 -6.982627 167.755
000702 70.48515 -6.956324 167.8634
000703 69.4976 -6.928865 167.9681
000704 68.50825 -6.902407 168.0701
000705 67.51984 -6.876903 168.1677
000706 66.52966 -6.849228 168.2622
000707 65.53633 -6.822546 168.3543
000708 64.54085 -6.79639 168.4419
000709 63.54367 -6.768485 168.5295
000710 62.54205 -6.740162 168.6151
000711 61.5404 -6.714259 168.6972
000712 60.53894 -6.686894 168.7777
000713 59.53933 -6.658607 168.8593
000714 58.53719 -6.630508 168.9414
000715 57.53603 -6.604353 169.0211
000716 56.53409 -6.576718 169.103
000717 55.53393 -6.548982 169.185
000718 54.53419 -6.521493 169.2648
000719 53.5363 -6.49463 169.3432
000720 52.54333 -6.467507 169.4202
000721 51.54988 -6.441651 169.495
000722 50.5616 -6.413829 169.567
000723 49.57187 -6.389179 169.6402
000724 48.5877 -6.365828 169.7083
000725 47.61182 -6.344237 169.7763
000726 46.6355 -6.324209 169.8396
000727 45.66087 -6.305321 169.9006
000728 44.68182 -6.287617 169.9586
000729 43.71013 -6.268908 170.0171
000730 42.74416 -6.249479 170.0723
000731 41.78176 -6.228328 170.1248
000732 40.82336 -6.202703 170.1766
000733 39.8647 -6.175146 170.228
000734 38.90723 -6.146854 170.278
000735 37.95304 -6.11653 170.3283
000736 37.00423 -6.084618 170.3775
000737 36.0688 -6.05452 170.4262
000738 35.13286 -6.023869 170.4735
000739 34.20793 -5.994786 170.5188
000740 33.29 -5.964224 170.5614
000741 32.38526 -5.93434 170.6028
000742 31.48447 -5.90404 170.6422
000743 30.58176 -5.872975 170.6794
000744 29.70436 -5.841817 170.7134
000745 28.82594 -5.81216 170.7461
000746 27.95477 -5.782162 170.7773
000747 27.09342 -5.753892 170.8071
000748 26.24437 -5.725102 170.8337
000749 25.40547 -5.695381 170.8574
000750 24.58317 -5.666829 170.8773
000751 23.77585 -5.638788 170.8968
000752 22.98624 -5.610987 170.9164
000753 22.20933 -5.584114 170.9378
000754 21.4456 -5.559904 170.9645
000755 20.69094 -5.536829 170.9942
000756 19.94428 -5.515388 171.0278
000757 19.20611 -5.494749 171.0651
000758 18.47268 -5.472781 171.1029
000759 17.74801 -5.451042 171.1422
000760 17.02821 -5.430247 171.1833
000761 16.31412 -5.40817 171.2284
000762 15.60676 -5.386891 171.2731
000763 14.89954 -5.366543 171.3168
000764 14.2232 -5.34737 171.3599
000765 13.54546 -5.327205 171.4036
000766 12.87576 -5.307366 171.447
000767 12.21623 -5.289372 171.4921
000768 11.56807 -5.273013 171.5402
000769 10.93393 -5.255371 171.5884
000770 10.31366 -5.238926 171.6384
000771 9.70917 -5.222309 171.6873
000772 9.12053 -5.204828 171.7402
000773 8.551464 -5.188571 171.7957
000774 7.998637 -5.175534 171.8537
000775 7.461749 -5.161644 171.9086
000776 6.938515 -5.148935 171.9658
000777 6.432635 -5.135935 172.0241
000778 5.941199 -5.122506 172.0898
000779 5.461638 -5.108901 172.1564
000780 4.995356 -5.097142 172.2277
000781 4.541988 -5.086635 172.2989
000782 4.101101 -5.0788 172.3765
000783 3.674361 -5.068751 172.4608
000784 3.262747 -5.058377 172.5489
000785 2.864576 -5.050116 172.6439
000786 2.475555 -5.044008 172.7387
000787 2.10015 -5.03851 172.8401
000788 1.737145 -5.033886 172.9439
000789 1.394096 -5.030678 173.0607
000790 1.066699 -5.029479 173.186
000791 0.7490336 -5.026746 173.3127
000792 0.4352868 -5.023796 173.4488
000793 0.1244878 -5.020538 173.5851
000794 -0.1940023 -5.015397 173.7434
000795 -0.4819953 -5.010263 173.9051
000796 -0.7744074 -5.00588 174.0816
000797 -1.056277 -5.004071 174.26
000798 -1.324858 -5.006267 174.4569
000799 -1.58099 -5.01319 174.6662
000800 -1.827053 -5.016426 174.8661
000801 -2.065394 -5.020977 175.0917
000802 -2.298974 -5.02026 175.3083
000803 -2.533159 -5.021905 175.5567
000804 -2.7621 -5.019984 175.8085
000805 -2.984 -5.021561 176.102
000806 -3.197645 -5.02738 176.4144
000807 -3.408457 -5.035163 176.7201
000808 -3.613633 -5.041623 177.0559
000809 -3.80931 -5.049114 177.3923
000810 -3.994755 -5.05947 177.7639
000811 -4.172515 -5.069239 178.1345
000812 -4.341951 -5.077813 178.538
000813 -4.506015 -5.0855 178.9515
000814 -4.658887 -5.093131 179.3984
000815 -4.802666 -5.103184 179.8726
000816 -4.930925 -5.118399 180.367
000817 -5.037119 -5.132442 180.879
000818 -5.132379 -5.148414 181.3966
000819 -5.212692 -5.159578 181.9529
000820 -5.27335 -5.167765 182.524
000821 -5.31934 -5.18087 183.1051
000822 -5.351521 -5.198453 183.7146
000823 -5.374392 -5.21737 184.3315
000824 -5.386215 -5.239606 184.9722
000825 -5.392321 -5.261747 185.6255
000826 -5.394182 -5.283043 186.2935
000827 -5.392487 -5.306439 186.9806
000828 -5.38794 -5.330977 187.6829
000829 -5.38074 -5.355984 188.4002
000830 -5.373899 -5.378798 189.1282
000831 -5.372151 -5.400566 189.8719
000832 -5.376082 -5.423205 190.6327
000833 -5.383511 -5.448214 191.4074
000834 -5.386586 -5.475289 192.1934
000835 -5.388556 -5.503892 192.9838
000836 -5.397395 -5.530975 193.782
000837 -5.406023 -5.557396 194.5852
000838 -5.414875 -5.584706 195.3954
000839 -5.425124 -5.615779 196.2071
000840 -5.440439 -5.644544 197.0176
000841 -5.4507 -5.671587 197.8279
000842 -5.463791 -5.697731 198.6388
000843 -5.475977 -5.721685 199.4565
000844 -5.48971 -5.746165 200.2799
000845 -5.502826 -5.772032 201.1081
000846 -5.514842 -5.79707 201.9342
000847 -5.530315 -5.821917 202.7596
000848 -5.546064 -5.847719 203.5844
000849 -5.560062 -5.875323 204.4067
000850 -5.57464 -5.904682 205.2297
000851 -5.595924 -5.931834 206.0488
000852 -5.616804 -5.960396 206.8636
000853 -5.638403 -5.984917 207.6764
000854 -5.663364 -6.010137 208.4877
000855 -5.692115 -6.032806 209.2941
000856 -5.719704 -6.058511 210.095
000857 -5.746621 -6.085702 210.8881
000858 -5.775682 -6.110646 211.6782
000859 -5.807043 -6.136861 212.4599
000860 -5.836098 -6.163417 213.2324
000861 -5.860771 -6.187611 213.9901
000862 -5.88549 -6.210951 214.7321
000863 -5.91233 -6.234236 215.4543
000864 -5.9409 -6.258073 216.1593
000865 -5.970022 -6.279269 216.8473
000866 -5.996305 -6.29913 217.516
000867 -6.023283 -6.319943 218.1694
000868 -6.053756 -6.341411 218.8036
000869 -6.084272 -6.361896 219.412
000870 -6.114588 -6.38243 220.0006
000871 -6.14573 -6.399955 220.5667
000872 -6.178103 -6.417342 221.1145
000873 -6.209081 -6.433514 221.6411
000874 -6.239666 -6.450142 222.147
000875 -6.2677 -6.466547 222.6311
000876 -6.290085 -6.480811 223.0947
000877 -6.308435 -6.492847 223.545
000878 -6.319855 -6.503769 223.988
000879 -6.323739 -6.516463 224.427
000880 -6.319417 -6.533002 224.8666
000881 -6.304389 -6.549425 225.2989
000882 -6.274326 -6.565498 225.7323
000883 -6.236169 -6.583319 226.1516
000884 -6.19086 -6.600756 226.5688
000885 -6.132258 -6.618486 226.985
000886 -6.055339 -6.633282 227.3826
000887 -5.959133 -6.65014 227.7868
000888 -5.842543 -6.664783 228.1672
000889 -5.705406 -6.678846 228.5521
000890 -5.557346 -6.689134 228.9096
000891 -5.392446 -6.706019 229.2783
000892 -5.215271 -6.722386 229.6207
000893 -5.034004 -6.73981 229.9627
000894 -4.842747 -6.754313 230.2757
000895 -4.639218 -6.76509 230.5991
000896 -4.412698 -6.769151 230.9131
000897 -4.1627 -6.774005 231.1927
000898 -3.894204 -6.779934 231.486
000899 -3.617048 -6.788129 231.7428
000900 -3.339169 -6.795933 232.0322
000901 -3.051125 -6.818114 232.2922
000902 -2.738112 -6.839842 232.5583
000903 -2.397566 -6.858248 232.795
000904 -2.039294 -6.866185 232.9743
000905 -1.663556 -6.872959 233.1743
000906 -1.278517 -6.884328 233.345
000907 -0.874758 -6.899401 233.5417
000908 -0.4359517 -6.921993 233.7034
000909 0.002398074 -6.948447 233.8494
000910 0.4703487 -6.970534 233.9807
000911 0.9528231 -6.986025 234.0717
000912 1.451824 -6.997554 234.1673
000913 1.968174 -7.010695 234.246
000914 2.504059 -7.027529 234.3265
000915 3.063341 -7.050404 234.3947
000916 3.633148 -7.071477 234.4468
000917 4.219494 -7.090984 234.4924
000918 4.818404 -7.109578 234.5217
000919 5.432449 -7.126868 234.5364
000920 6.068743 -7.14435 234.5358
000921 6.718857 -7.163757 234.5295
000922 7.389986 -7.187767 234.5223
000923 8.074205 -7.215715 234.5065
000924 8.771869 -7.240419 234.4769
000925 9.482224 -7.257341 234.4371
000926 10.20631 -7.273022 234.3929
000927 10.95005 -7.292063 234.3535
000928 11.71401 -7.311668 234.3193
000929 12.49258 -7.32858 234.2816
000930 13.28369 -7.344725 234.2426
000931 14.0799 -7.360661 234.1974
000932 14.88697 -7.375631 234.1568
000933 15.69818 -7.394681 234.1141
000934 16.50141 -7.411421 234.0796
000935 17.30472 -7.426529 234.0441
000936 18.10984 -7.44134 234.0112
000937 18.91815 -7.456706 233.9809
000938 19.72619 -7.473759 233.9563
000939 20.53893 -7.495794 233.937
000940 21.35033 -7.515353 233.9198
000941 22.16683 -7.53661 233.9078
000942 23.00035 -7.557271 233.8961
000943 23.81188 -7.581613 233.8935
000944 24.63455 -7.606651 233.8935
000945 25.45451 -7.630553 233.8957
000946 26.27665 -7.652572 233.8929
000947 27.10127 -7.676497 233.8931
000948 27.92772 -7.699905 233.8893
000949 28.75467 -7.724217 233.8876
000950 29.58258 -7.746246 233.8801
000951 30.4079 -7.769147 233.872
000952 31.23452 -7.791107 233.8629
000953 32.05872 -7.814556 233.86
000954 32.88214 -7.838979 233.8536
000955 33.70381 -7.865063 233.849
000956 34.52269 -7.886547 233.8418
000957 35.3385 -7.906483 233.829
000958 36.15344 -7.926435 233.8183
000959 36.9686 -7.943983 233.8051
000960 37.77952 -7.960457 233.7905
000961 38.58529 -7.975262 233.7716
000962 39.3838 -7.989265 233.7509
000963 40.1794 -8.002997 233.7275
000964 40.97136 -8.016094 233.7072
000965 41.76276 -8.032476 233.6841
000966 42.5523 -8.051914 233.6624
000967 43.33725 -8.071871 233.6432
000968 44.12374 -8.089941 233.622
000969 44.90784 -8.106085 233.5956
000970 45.68975 -8.121634 233.5712
000971 46.45838 -8.138474 233.547
000972 47.22694 -8.156788 233.5206
000973 47.99397 -8.171387 233.4904
000974 48.75855 -8.185292 233.4615
000975 49.52284 -8.200392 233.4346
000976 50.28441 -8.215913 233.4114
000977 51.04523 -8.23041 233.39
000978 51.80314 -8.242981 233.3702
000979 52.557 -8.256877 233.3458
000980 53.30415 -8.270946 233.3232
000981 54.04995 -8.287043 233.3065
000982 54.79568 -8.300063 233.2829
000983 55.55026 -8.313353 233.2521
000984 56.28059 -8.333448 233.2265
000985 57.00822 -8.356835 233.2101
000986 57.7232 -8.374695 233.1815
000987 58.44558 -8.393154 233.1479
000988 59.17375 -8.417118 233.123
000989 59.90016 -8.446187 233.1051
000990 60.61997 -8.472225 233.0867
000991 61.33366 -8.492901 233.066
000992 62.04381 -8.508656 233.0459
000993 62.75048 -8.529158 233.0375
000994 63.45444 -8.550909 233.0304
000995 64.15215 -8.569264 233.0168
000996 64.84629 -8.585121 232.998
000997 65.53951 -8.602196 232.9801
000998 66.22642 -8.623042 232.9604
000999 66.90794 -8.643205 232.9343
001000 67.58526 -8.661826 232.908
001001 68.25907 -8.679047 232.8857
001002 68.92746 -8.698405 232.8669
001003 69.58553 -8.717003 232.8486
001004 70.23807 -8.735734 232.8315
001005 70.88774 -8.754378 232.8149
001006 71.53628 -8.773914 232.7959
001007 72.18216 -8.79242 232.7771
001008 72.82575 -8.810303 232.7583
001009 73.4682 -8.829783 232.746
001010 74.10352 -8.848198 232.7265
001011 74.73793 -8.865707 232.699
001012 75.36658 -8.882142 232.6701
001013 75.99352 -8.898239 232.6467
001014 76.61837 -8.915326 232.6222
001015 77.23931 -8.93234 232.5912
001016 77.86175 -8.949571 232.5529
001017 78.48781 -8.967541 232.5132
001018 79.12104 -8.98414 232.4728
001019 79.76355 -8.999635 232.4266
001020 80.41542 -9.017553 232.3765
001021 81.07854 -9.038271 232.3187
001022 81.74583 -9.058866 232.2541
001023 82.42306 -9.077863 232.1877
001024 83.11157 -9.094322 232.1232
001025 83.81265 -9.110651 232.0523
001026 84.52437 -9.131071 231.9697
001027 85.24313 -9.151732 231.8821
001028 85.9696 -9.1694 231.7951
001029 86.70912 -9.185711 231.6996
001030 87.46635 -9.205175 231.5979
001031 88.23768 -9.224469 231.4913
001032 89.02413 -9.243456 231.3804
001033 89.82554 -9.260364 231.2641
001034 90.63846 -9.276414 231.1442
001035 91.46784 -9.287228 231.0212
001036 92.30825 -9.296007 230.8986
001037 93.17072 -9.305704 230.7753
001038 94.02458 -9.317283 230.6492
001039 94.90089 -9.331083 230.5196
001040 95.79771 -9.347969 230.3902
001041 96.7043 -9.366932 230.258
001042 97.62407 -9.385303 230.1321
001043 98.55625 -9.401196 230.0076
001044 99.50026 -9.418213 229.8901
001045 100.4553 -9.438641 229.7784
001046 101.4183 -9.459846 229.6734
001047 102.3908 -9.479255 229.5693
001048 103.3774 -9.49873 229.4684
001049 104.3691 -9.519498 229.3758
001050 105.3585 -9.541908 229.2851
001051 106.3476 -9.567125 229.1934
001052 107.3411 -9.597529 229.1046
001053 108.3449 -9.627979 229.0131
001054 109.3502 -9.65861 228.9209
001055 110.3582 -9.6809 228.8255
001056 111.3632 -9.702182 228.7349
001057 112.3674 -9.722311 228.6496
001058 113.3663 -9.744343 228.5643
001059 114.3732 -9.76656 228.4776
001060 115.3718 -9.790871 228.3939
001061 116.3595 -9.815331 228.3111
001062 117.36 -9.83963 228.2294
001063 118.3545 -9.866258 228.1529
001064 119.3481 -9.895039 228.0769
001065 120.3394 -9.921926 228.0013
001066 121.331 -9.952263 227.9304
001067 122.3225 -9.981524 227.8627
001068 123.3094 -10.00839 227.7969
001069 124.2889 -10.03651 227.7341
001070 125.2664 -10.06533 227.6775
001071 126.2412 -10.08969 227.6231
001072 127.2171 -10.1148 227.5743
001073 128.1919 -10.13924 227.5274
001074 129.1516 -10.15923 227.4775
001075 130.1103 -10.18069 227.4262
001076 131.0641 -10.20427 227.3755
001077 132.0126 -10.22966 227.3189
001078 132.9615 -10.25553 227.2603
001079 133.9101 -10.28445 227.2067
001080 134.8544 -10.31177 227.1547
001081 135.7962 -10.33504 227.0991
001082 136.7249 -10.35734 227.0431
001083 137.6583 -10.38023 226.9841
001084 138.5896 -10.40365 226.9194
001085 139.5167 -10.42594 226.8515
001086 140.4416 -10.44654 226.7807
001087 141.363 -10.46923 226.7033
001088 142.2853 -10.49189 226.624
001089 143.2093 -10.5106 226.5354
001090 144.1328 -10.53087 226.4414
001091 145.056 -10.55141 226.3459
001092 145.9774 -10.56725 226.2383
001093 146.9019 -10.58219 226.123
001094 147.8255 -10.59738 225.9958
001095 148.746 -10.611 225.8626
001096 149.6645 -10.6227 225.7211
001097 150.5869 -10.63323 225.5676
001098 151.5186 -10.64535 225.4025
001099 152.4257 -10.66009 225.2314
001100 153.3451 -10.67316 225.0522
001101 154.2658 -10.68772 224.8589
001102 155.1864 -10.70466 224.6507
001103 156.1038 -10.72135 224.4349
001104 157.0179 -10.73555 224.2081
001105 157.9367 -10.75193 223.974
001106 158.853 -10.7732 223.7355
001107 159.7703 -10.7933 223.4945
001108 160.6852 -10.81601 223.2561
001109 161.6029 -10.83727 223.0164
001110 162.5194 -10.86223 222.7822
001111 163.4387 -10.88198 222.5541
001112 164.366 -10.89993 222.3278
001113 165.2927 -10.91476 222.111
001114 166.2142 -10.92693 221.9004
001115 167.1352 -10.93836 221.7008
001116 168.0517 -10.95267 221.507
001117 168.9709 -10.97205 221.3197
001118 169.8914 -10.99329 221.1419
001119 170.8133 -11.01589 220.9732
001120 171.7375 -11.03652 220.8078
001121 172.6522 -11.05613 220.6457
001122 173.5653 -11.07512 220.491
001123 174.4703 -11.09703 220.3408
001124 175.3649 -11.11947 220.191
001125 176.2458 -11.1417 220.0431
001126 177.1194 -11.16612 219.9007
001127 177.9794 -11.18985 219.7649
001128 178.8188 -11.21198 219.6337
001129 179.6396 -11.2316 219.5057
001130 180.4494 -11.24667 219.3761
001131 181.2572 -11.26154 219.2516
001132 182.0653 -11.2805 219.1312
001133 182.8723 -11.30022 219.0097
001134 183.6794 -11.31936 218.884
001135 184.4826 -11.34108 218.7569
001136 185.2857 -11.36073 218.6289
001137 186.0869 -11.3757 218.4976
001138 186.8829 -11.39179 218.3633
001139 187.6728 -11.40426 218.2293
001140 188.4547 -11.41601 218.1002
001141 189.2377 -11.42994 217.9708
001142 190.0209 -11.44459 217.8414
001143 190.804 -11.46339 217.7163
001144 191.5816 -11.48657 217.6003
001145 192.3608 -11.50395 217.4857
001146 193.1408 -11.51807 217.3735
001147 193.9054 -11.53475 217.2664
001148 194.6686 -11.55407 217.159
001149 195.4321 -11.57048 217.0546
001150 196.1951 -11.58471 216.9536
001151 196.9615 -11.59784 216.8558
001152 197.7276 -11.61171 216.7592
001153 198.4849 -11.62654 216.6672
001154 199.233 -11.63796 216.5762
001155 199.9721 -11.64907 216.4856
001156 200.6974 -11.66486 216.403
001157 201.4066 -11.68188 216.3207
001158 202.0987 -11.69715 216.2379
001159 202.7701 -11.71008 216.1534
001160 203.4203 -11.726 216.0723
001161 204.0424 -11.74179 215.9963
001162 204.6388 -11.75712 215.9254
001163 205.2063 -11.76977 215.8497
001164 205.7498 -11.78029 215.7751
001165 206.2678 -11.79068 215.7039
001166 206.7643 -11.80386 215.6424
001167 207.2412 -11.81841 215.5834
001168 207.7037 -11.83177 215.5193
001169 208.1634 -11.84447 215.4469
001170 208.6133 -11.85974 215.3795
001171 209.0598 -11.87441 215.3094
001172 209.5 -11.88921 215.243
001173 209.9461 -11.90078 215.1654
001174 210.3502 -11.91239 215.0913
001175 210.751 -11.92429 215.0166
001176 211.1322 -11.93502 214.9432
001177 211.4907 -11.94531 214.875
001178 211.8248 -11.95308 214.8092
001179 212.1366 -11.95979 214.7448
001180 212.4472 -11.9656 214.6767
001181 212.7554 -11.97156 214.6076
001182 213.0625 -11.97601 214.5346
001183 213.3651 -11.98122 214.4625
001184 213.6645 -11.98387 214.3873
001185 213.9593 -11.9879 214.3144
001186 214.2535 -11.99133 214.2396
001187 214.5405 -11.9966 214.1671
001188 214.824 -12.00048 214.0888
001189 215.1087 -12.00452 214.0092
001190 215.3958 -12.00829 213.9238
001191 215.6879 -12.01206 213.8347
001192 215.9779 -12.01719 213.7362
001193 216.2742 -12.02125 213.633
001194 216.575 -12.0254 213.5266
001195 216.8779 -12.02996 213.4128
001196 217.1847 -12.03598 213.2943
001197 217.4909 -12.04201 213.1576
001198 217.8077 -12.04893 213.016
001199 218.1257 -12.05635 212.8606
001200 218.4573 -12.06367 212.7009
001201 218.789 -12.06999 212.5208
001202 219.1324 -12.07317 212.3331
001203 219.4807 -12.07767 212.1252
001204 219.8185 -12.08217 211.8886
001205 220.1707 -12.08752 211.6444
001206 220.5117 -12.08923 211.3709
001207 220.8656 -12.09145 211.0919
001208 221.2072 -12.09207 210.7785
001209 221.5508 -12.09106 210.4591
001210 221.8948 -12.09078 210.1168
001211 222.2202 -12.08807 209.7415
001212 222.5556 -12.08726 209.3633
001213 222.8726 -12.0881 208.9519
001214 223.1839 -12.088 208.5357
001215 223.4744 -12.08533 208.0826
001216 223.7671 -12.08074 207.6241
001217 224.0514 -12.07787 207.1482
001218 224.3128 -12.07612 206.6411
001219 224.5725 -12.07543 206.1282
001220 224.8081 -12.07187 205.5859
001221 225.0448 -12.06587 205.0382
001222 225.2468 -12.05579 204.454
001223 225.4378 -12.04557 203.8655
001224 225.6107 -12.0345 203.2602
001225 225.7529 -12.02083 202.631
001226 225.8861 -12.00689 202.0049
001227 225.9699 -11.98955 201.3502
001228 226.0407 -11.96853 200.6996
001229 226.0923 -11.95161 200.0449
001230 226.1101 -11.93962 199.3672
001231 226.1143 -11.9267 198.6957
001232 226.0837 -11.91415 198.0015
001233 226.043 -11.90302 197.305
001234 225.9758 -11.89556 196.5914
001235 225.9002 -11.88846 195.8784
001236 225.8077 -11.87719 195.1598
001237 225.6941 -11.86231 194.4314
001238 225.5712 -11.84665 193.6998
001239 225.43 -11.82904 192.9569
001240 225.277 -11.8087 192.2149
001241 225.1045 -11.78565 191.4635
001242 224.9166 -11.75865 190.7076
001243 224.7173 -11.7291 189.9483
001244 224.5024 -11.6954 189.1896
001245 224.2705 -11.66511 188.4324
001246 224.0295 -11.63646 187.6707
001247 223.7793 -11.60574 186.8993
001248 223.5149 -11.58024 186.1219
001249 223.2362 -11.55902 185.3368
001250 222.9496 -11.53402 184.556
001251 222.6604 -11.50979 183.7711
001252 222.3723 -11.48881 182.9813
001253 222.0811 -11.46666 182.189
001254 221.7831 -11.44548 181.391
001255 221.4798 -11.42358 180.5785
001256 221.1898 -11.40287 179.7993
001257 220.8919 -11.38373 178.9986
001258 220.5956 -11.36477 178.197
001259 220.3067 -11.34462 177.3974
001260 220.0214 -11.32466 176.5874
001261 219.7506 -11.30546 175.7955
001262 219.4829 -11.28613 174.9962
001263 219.2235 -11.26642 174.2003
001264 218.9685 -11.24698 173.408
001265 218.7207 -11.22758 172.6173
001266 218.4822 -11.20904 171.8348
001267 218.2539 -11.19054 171.0653
001268 218.0324 -11.17233 170.309
001269 217.8185 -11.15639 169.5687
001270 217.6115 -11.14118 168.8446
001271 217.4089 -11.12669 168.1319
001272 217.2166 -11.11161 167.4588
001273 217.0264 -11.09583 166.7924
001274 216.8358 -11.08063 166.1328
001275 216.6507 -11.06602 165.4916
001276 216.4731 -11.05175 164.8836
001277 216.2926 -11.03735 164.2771
001278 216.1108 -11.02316 163.6828
001279 215.9375 -11.01053 163.1241
001280 215.7571 -10.9975 162.5601
001281 215.5778 -10.98606 162.0174
001282 215.3925 -10.97373 161.4786
001283 215.1984 -10.96038 160.9456
001284 214.9994 -10.94702 160.43
001285 214.7873 -10.93349 159.9232
001286 214.5696 -10.92001 159.4398
001287 214.3448 -10.90714 158.9757
001288 214.1013 -10.89345 158.5183
001289 213.854 -10.88161 158.0883
001290 213.5738 -10.87084 157.6626
001291 213.2918 -10.85991 157.2717
001292 212.9713 -10.8497 156.8845
001293 212.6605 -10.83876 156.5327
001294 212.307 -10.82575 156.1823
001295 211.9646 -10.8149 155.8733
001296 211.5825 -10.80102 155.5602
001297 211.2195 -10.79193 155.2895
001298 210.8436 -10.77893 155.0445
001299 210.4266 -10.76398 154.8054
001300 210.0255 -10.74672 154.6096
001301 209.5871 -10.72901 154.4097
001302 209.163 -10.7171 154.2462
001303 208.6989 -10.70231 154.0845
001304 208.2485 -10.68657 153.9687
001305 207.7642 -10.66963 153.8571
001306 207.2894 -10.65218 153.7789
001307 206.7991 -10.63405 153.7135
001308 206.2808 -10.61406 153.6523
001309 205.7617 -10.59467 153.6205
001310 205.214 -10.57389 153.5906
001311 204.678 -10.55334 153.5732
001312 204.1091 -10.53316 153.5631
001313 203.5572 -10.51461 153.5661
001314 202.9763 -10.49273 153.5762
001315 202.3792 -10.46874 153.5895
001316 201.759 -10.44835 153.6159
001317 201.1404 -10.43205 153.6497
001318 200.497 -10.41478 153.6902
001319 199.8419 -10.39426 153.7382
001320 199.1758 -10.37368 153.7951
001321 198.4946 -10.35316 153.861
001322 197.8021 -10.33193 153.9313
001323 197.094 -10.31021 154.0011
001324 196.3718 -10.28919 154.0703
001325 195.6353 -10.2672 154.138
001326 194.8844 -10.24476 154.2055
001327 194.1238 -10.22356 154.2759
001328 193.3471 -10.20129 154.35
001329 192.5603 -10.17859 154.4275
001330 191.7608 -10.15494 154.5075
001331 190.9486 -10.13145 154.5913
001332 190.1242 -10.10762 154.6772
001333 189.2881 -10.08385 154.7653
001334 188.4398 -10.05818 154.8549
001335 187.5775 -10.03214 154.9465
001336 186.7075 -10.0059 155.0433
001337 185.8227 -9.979757 155.1454
001338 184.929 -9.953655 155.2508
001339 184.0267 -9.928465 155.3613
001340 183.1159 -9.903037 155.4765
001341 182.1983 -9.877148 155.5946
001342 181.2721 -9.84983 155.7116
001343 180.3399 -9.823217 155.8283
001344 179.4023 -9.797071 155.9448
001345 178.461 -9.770554 156.0594
001346 177.5173 -9.743997 156.1736
001347 176.57 -9.716532 156.2872
001348 175.6244 -9.690185 156.4009
001349 174.6794 -9.663278 156.5118
001350 173.7345 -9.637423 156.6236
001351 172.7944 -9.613592 156.7353
001352 171.8464 -9.588544 156.8455
001353 170.901 -9.562791 156.954
001354 169.956 -9.537515 157.0682
001355 169.0164 -9.509588 157.1816
001356 168.0815 -9.480848 157.2953
001357 167.1484 -9.453661 157.4095
001358 166.2163 -9.427194 157.5251
001359 165.2849 -9.400975 157.6409
001360 164.3575 -9.372849 157.7557
001361 163.4313 -9.345571 157.8717
001362 162.5074 -9.319175 157.9875
001363 161.5861 -9.292716 158.1039
001364 160.6649 -9.266246 158.2192
001365 159.7474 -9.240598 158.3334
001366 158.8262 -9.215462 158.4484
001367 157.9056 -9.190463 158.5646
001368 156.9846 -9.1649 158.6806
001369 156.0604 -9.140166 158.797
001370 155.1393 -9.115867 158.9131
001371 154.2162 -9.090525 159.0321
001372 153.2941 -9.066771 159.1524
001373 152.3682 -9.042943 159.2745
001374 151.4395 -9.019547 159.3998
001375 150.5097 -8.996322 159.5288
001376 149.575 -8.97432 159.6596
001377 148.6405 -8.950701 159.7926
001378 147.7026 -8.925186 159.9296
001379 146.7596 -8.897821 160.0724
001380 145.8138 -8.873649 160.2064
001381 144.868 -8.847955 160.34
001382 143.9212 -8.82219 160.4786
001383 142.9636 -8.798621 160.6103
001384 142.0006 -8.777652 160.7393
001385 141.0308 -8.75628 160.8691
001386 140.057 -8.733447 160.9971
001387 139.0743 -8.708487 161.1209
001388 138.0862 -8.682182 161.2368
001389 137.0922 -8.657386 161.3479
001390 136.0806 -8.63153 161.4547
001391 135.0773 -8.603418 161.5535
001392 134.0592 -8.574292 161.6494
001393 133.0445 -8.547327 161.7452
001394 132.0245 -8.524129 161.8395
001395 130.9936 -8.502804 161.9354
001396 129.9554 -8.483625 162.0346
001397 128.9108 -8.46379 162.1343
001398 127.8589 -8.441519 162.2337
001399 126.8069 -8.416782 162.3308
001400 125.7441 -8.389991 162.427
001401 124.6838 -8.360019 162.5201
001402 123.6206 -8.329073 162.6137
001403 122.5559 -8.298898 162.7066
001404 121.4921 -8.268737 162.7987
001405 120.4282 -8.239076 162.8917
001406 119.3613 -8.210211 162.9858
001407 118.2974 -8.182331 163.082
001408 117.2327 -8.154696 163.18
001409 116.1672 -8.128439 163.278
001410 115.1034 -8.101282 163.3778
001411 114.0407 -8.072285 163.4755
001412 112.9758 -8.042769 163.5739
001413 111.9131 -8.015027 163.6726
001414 110.8478 -7.987136 163.771
001415 109.7863 -7.960902 163.8695
001416 108.7235 -7.932991 163.9668
001417 107.6588 -7.905228 164.0632
001418 106.5969 -7.876778 164.1598
001419 105.5315 -7.84811 164.2537
001420 104.4681 -7.819734 164.3486
001421 103.4075 -7.790909 164.4442
001422 102.3435 -7.761236 164.5375
001423 101.2822 -7.734094 164.6297
001424 100.2218 -7.707646 164.7278
001425 99.16164 -7.683873 164.8259
001426 98.09918 -7.662549 164.9294
001427 97.03028 -7.643365 165.0432
001428 95.95955 -7.620633 165.1647
001429 94.89103 -7.597134 165.2874
001430 93.81889 -7.571147 165.4159
001431 92.74689 -7.54644 165.5475
001432 91.67543 -7.518616 165.6801
001433 90.59994 -7.489494 165.8168
001434 89.52646 -7.463326 165.956
001435 88.4542 -7.437899 166.0963
001436 87.37709 -7.414075 166.2382
001437 86.29789 -7.391608 166.3815
001438 85.21041 -7.368608 166.5279
001439 84.1229 -7.34551 166.6739
001440 83.03361 -7.320591 166.8171
001441 81.94406 -7.29309 166.96
001442 80.84055 -7.261076 167.1025
001443 79.73697 -7.227048 167.2388
001444 78.63341 -7.191115 167.3734
001445 77.53438 -7.157274 167.5036
001446 76.42718 -7.125179 167.6295
001447 75.30977 -7.097765 167.7515
001448 74.1784 -7.069079 167.8713
001449 73.05032 -7.037583 167.9864
001450 71.9185 -7.003965 168.0969
001451 70.78102 -6.971223 168.2062
001452 69.64086 -6.938403 168.3154
001453 68.49609 -6.904209 168.4244
001454 67.34864 -6.870182 168.533
001455 66.19437 -6.835201 168.6371
001456 65.03963 -6.801731 168.7381
001457 63.8774 -6.767235 168.8352
001458 62.71033 -6.732019 168.9315
001459 61.5417 -6.69618 169.0232
001460 60.37571 -6.659304 169.1131
001461 59.21443 -6.621591 169.1996
001462 58.05159 -6.585898 169.284
001463 56.89176 -6.55129 169.3656
001464 55.73464 -6.517709 169.4468
001465 54.57773 -6.484729 169.5247
001466 53.42406 -6.451831 169.6041
001467 52.27198 -6.41965 169.6819
001468 51.12484 -6.387439 169.7562
001469 49.97639 -6.35455 169.8313
001470 48.83352 -6.32419 169.9034
001471 47.69988 -6.297182 169.9755
001472 46.56422 -6.272495 170.0463
001473 45.43186 -6.250107 170.1164
001474 44.29936 -6.226617 170.1873
001475 43.17387 -6.202174 170.2539
001476 42.05161 -6.17477 170.3153
001477 40.94509 -6.147108 170.3738
001478 39.83916 -6.117455 170.4305
001479 38.74245 -6.088215 170.4827
001480 37.66296 -6.057652 170.5334
001481 36.59221 -6.026683 170.5825
001482 35.53534 -5.996165 170.6297
001483 34.49412 -5.965499 170.6738
001484 33.46274 -5.935626 170.7175
001485 32.46088 -5.90536 170.7583
001486 31.46543 -5.875136 170.7951
001487 30.48833 -5.845567 170.8291
001488 29.52698 -5.815888 170.8627
001489 28.57775 -5.787166 170.895
001490 27.65026 -5.760157 170.9265
001491 26.73632 -5.73475 170.955
001492 25.83869 -5.709218 170.9809
001493 24.9603 -5.685086 171.0072
001494 24.09664 -5.661564 171.0324
001495 23.25295 -5.641612 171.0614
001496 22.41755 -5.619879 171.0938
001497 21.59952 -5.600759 171.1323
001498 20.79122 -5.580908 171.1744
001499 20.02074 -5.563485 171.2401
001500 19.31659 -5.549652 171.3446
001501 18.61169 -5.535798 171.4492
001502 17.90668 -5.521934 171.5538
001503 17.20176 -5.508066 171.6584
001504 16.49795 -5.494212 171.7627
001505 15.79417 -5.480351 171.8671
001506 15.08984 -5.466472 171.9715
001507 14.38616 -5.452598 172.0758
001508 13.68293 -5.438726 172.1799
001509 12.98042 -5.424859 172.284
001510 12.27716 -5.41097 172.3881
001511 11.57479 -5.39709 172.4921
001512 10.87241 -5.383201 172.596
001513 10.17025 -5.369307 172.6999
001514 9.442106 -5.355689 172.8058
001515 8.838192 -5.34064 172.9076
001516 8.251533 -5.327136 173.0023
001517 7.682227 -5.31349 173.0935
001518 7.13235 -5.302335 173.177
001519 6.605054 -5.29074 173.2539
001520 6.095177 -5.276949 173.323
001521 5.611287 -5.263627 173.3874
001522 5.150884 -5.252069 173.4464
001523 4.717735 -5.24268 173.4989
001524 4.309371 -5.233773 173.5445
001525 3.925632 -5.22378 173.5834
001526 3.568804 -5.214912 173.6202
001527 3.23742 -5.206743 173.6519
001528 2.92919 -5.20024 173.6803
001529 2.641612 -5.195601 173.7054
001530 2.375838 -5.19204 173.7296
001531 2.13064 -5.188621 173.7531
001532 1.899632 -5.186109 173.7763
001533 1.679549 -5.183851 173.7991
001534 1.465756 -5.181795 173.8189
001535 1.258618 -5.179715 173.8391
001536 1.056923 -5.178565 173.8596
001537 0.8596177 -5.177557 173.8793
001538 0.6630867 -5.175312 173.8951
001539 0.465217 -5.169903 173.9093
001540 0.2667551 -5.164967 173.9252
001541 0.06863829 -5.160977 173.9441
001542 -0.1280297 -5.158165 173.9624
001543 -0.3247859 -5.154852 173.9782
001544 -0.522732 -5.147631 173.9917
001545 -0.7202299 -5.142031 174.0033
001546 -0.9175144 -5.136067 174.0126
001547 -1.118271 -5.131393 174.0188
001548 -1.330594 -5.124737 174.0238
001549 -1.559395 -5.120339 174.0325
001550 -1.809787 -5.114207 174.0434
001551 -2.080426 -5.109835 174.0552
001552 -2.369588 -5.104338 174.0678
001553 -2.67389 -5.0985 174.082
001554 -2.997577 -5.089512 174.0946
001555 -3.339694 -5.081152 174.1046
001556 -3.708094 -5.070678 174.1128
001557 -4.098643 -5.061584 174.1207
001558 -4.512924 -5.054777 174.1316
001559 -4.953445 -5.04817 174.1479
001560 -5.41652 -5.03862 174.168
001561 -5.904319 -5.026226 174.1874
001562 -6.410143 -5.010688 174.2043
001563 -6.936037 -4.995569 174.2283
001564 -7.478197 -4.98021 174.2632
001565 -8.034194 -4.963354 174.3031
001566 -8.609358 -4.943192 174.3404
001567 -9.205893 -4.919748 174.3635
001568 -9.824702 -4.895504 174.3826
001569 -10.46398 -4.868631 174.413
001570 -11.1247 -4.841195 174.4515
001571 -11.80349 -4.81369 174.4789
001572 -12.49423 -4.794972 174.495
001573 -13.20023 -4.777646 174.5107
001574 -13.91906 -4.756739 174.5275
001575 -14.66259 -4.737636 174.5442
001576 -15.43104 -4.723469 174.5678
001577 -16.2223 -4.710841 174.5912
001578 -17.02851 -4.696235 174.6127
001579 -17.84141 -4.678436 174.6282
001580 -18.67406 -4.659978 174.6415
001581 -19.51549 -4.643082 174.6569
001582 -20.38192 -4.629105 174.6705
001583 -21.26296 -4.615818 174.6811
001584 -22.15315 -4.599401 174.6945
001585 -23.05412 -4.580094 174.7108
001586 -23.96755 -4.560584 174.7231
001587 -24.8917 -4.540819 174.7368
001588 -25.82517 -4.522439 174.7521
001589 -26.77027 -4.501933 174.7678
001590 -27.72847 -4.479683 174.7877
001591 -28.69788 -4.45841 174.8119
001592 -29.68056 -4.437364 174.8403
001593 -30.66883 -4.414338 174.8694
001594 -31.6643 -4.389732 174.9013
001595 -32.66632 -4.365966 174.9346
001596 -33.67114 -4.34319 174.9701
001597 -34.68647 -4.321067 175.0048
001598 -35.70777 -4.299213 175.0396
001599 -36.73469 -4.276039 175.0748
001600 -37.76504 -4.256725 175.1053
001601 -38.80365 -4.234575 175.1336
001602 -39.84361 -4.212951 175.1657
001603 -40.89475 -4.191574 175.1957
001604 -41.94839 -4.169419 175.2215
001605 -43.00116 -4.148064 175.2525
001606 -44.06189 -4.119551 175.2855
001607 -45.1225 -4.093854 175.3188
001608 -46.18491 -4.070273 175.3517
001609 -47.2482 -4.044487 175.385
001610 -48.30951 -4.018245 175.4145
001611 -49.3744 -3.993183 175.4431
001612 -50.43287 -3.971419 175.4697
001613 -51.4931 -3.950335 175.4987
001614 -52.55744 -3.927044 175.526
001615 -53.62657 -3.89827 175.558
001616 -54.69552 -3.863223 175.5883
001617 -55.75759 -3.825657 175.616
001618 -56.81305 -3.789591 175.6433
001619 -57.86797 -3.758663 175.6732
001620 -58.92586 -3.729483 175.7029
001621 -59.99213 -3.703519 175.7368
001622 -61.06094 -3.679222 175.7688
001623 -62.13007 -3.651678 175.8047
001624 -63.19684 -3.624933 175.8393
001625 -64.26316 -3.600963 175.8739
001626 -65.32808 -3.578166 175.9073
001627 -66.39425 -3.558276 175.9388
001628 -67.46594 -3.537339 175.9716
001629 -68.53766 -3.512966 176.0031
001630 -69.61315 -3.488117 176.0308
001631 -70.68082 -3.460593 176.0582
001632 -71.74923 -3.434708 176.0809
001633 -72.81964 -3.412173 176.1026
001634 -73.89568 -3.390842 176.1241
001635 -74.9765 -3.367524 176.1459
001636 -76.05764 -3.344669 176.1714
001637 -77.13401 -3.318655 176.1965
001638 -78.20879 -3.293468 176.218
001639 -79.28739 -3.27149 176.2341
001640 -80.36695 -3.250868 176.2443
001641 -81.44707 -3.23062 176.2579
001642 -82.52764 -3.208247 176.27
001643 -83.60948 -3.18689 176.2796
001644 -84.69218 -3.168462 176.2906
001645 -85.77305 -3.153257 176.2928
001646 -86.85268 -3.138841 176.2926
001647 -87.93679 -3.126815 176.2887
001648 -89.02466 -3.116234 176.2831
001649 -90.1181 -3.102292 176.2705
001650 -91.21129 -3.083165 176.2584
001651 -92.30254 -3.064897 176.241
001652 -93.39307 -3.043695 176.2245
001653 -94.48444 -3.024598 176.2048
001654 -95.5735 -3.010653 176.1812
001655 -96.65901 -2.997553 176.154
001656 -97.757 -2.983233 176.1216
001657 -98.85399 -2.968686 176.0869
001658 -99.94875 -2.950607 176.0474
001659 -101.0452 -2.9303 176.0044
001660 -102.1429 -2.911418 175.9586
001661 -103.24 -2.893548 175.9128
001662 -104.339 -2.874527 175.8621
001663 -105.4372 -2.858445 175.8098
001664 -106.5395 -2.840079 175.7519
001665 -107.6403 -2.824004 175.6946
001666 -108.7404 -2.806967 175.6373
001667 -109.8435 -2.790175 175.5812
001668 -110.9486 -2.774611 175.5205
001669 -112.0575 -2.755965 175.4596
001670 -113.1625 -2.735063 175.393
001671 -114.2677 -2.717301 175.326
001672 -115.3758 -2.700498 175.2594
001673 -116.488 -2.685105 175.1917
001674 -117.5985 -2.671202 175.1231
001675 -118.7098 -2.658124 175.0547
001676 -119.8273 -2.641605 174.9853
001677 -120.9426 -2.62768 174.9232
001678 -122.062 -2.613523 174.8566
001679 -123.1757 -2.600324 174.7877
001680 -124.2939 -2.585573 174.7188
001681 -125.4127 -2.577424 174.649
001682 -126.5349 -2.568074 174.5741
001683 -127.663 -2.557687 174.5059
001684 -128.7911 -2.5428 174.438
001685 -129.9195 -2.526566 174.3664
001686 -131.0489 -2.508856 174.2953
001687 -132.18 -2.492033 174.2224
001688 -133.3093 -2.476347 174.1484
001689 -134.4431 -2.462008 174.0725
001690 -135.5747 -2.450133 173.9964
001691 -136.71 -2.437846 173.9239
001692 -137.8472 -2.423048 173.8482
001693 -138.9823 -2.408265 173.7749
001694 -140.122 -2.39052 173.7057
001695 -141.262 -2.3742 173.635
001696 -142.3995 -2.361339 173.566
001697 -143.5357 -2.348108 173.4921
001698 -144.6753 -2.334856 173.4155
001699 -145.8162 -2.322625 173.3376
001700 -146.9598 -2.307135 173.2599
001701 -148.0934 -2.289416 173.189
001702 -149.2316 -2.271249 173.1167
001703 -150.3676 -2.254789 173.0442
001704 -151.5066 -2.238994 172.9673
001705 -152.6375 -2.223484 172.888
001706 -153.7672 -2.206655 172.8079
001707 -154.9018 -2.189866 172.7283
001708 -156.0426 -2.170747 172.6488
001709 -157.1702 -2.146778 172.571
001710 -158.2929 -2.124401 172.4947
001711 -159.4032 -2.104432 172.4115
001712 -160.5142 -2.092754 172.3299
001713 -161.6322 -2.08328 172.2504
001714 -162.7528 -2.069616 172.1736
001715 -163.8691 -2.048595 172.0977
001716 -164.9749 -2.021386 172.0226
001717 -166.0744 -1.995178 171.9453
001718 -167.158 -1.975524 171.8752
001719 -168.236 -1.96172 171.8032
001720 -169.3203 -1.95041 171.7341
001721 -170.4137 -1.929903 171.6631
001722 -171.5024 -1.904604 171.597
001723 -172.571 -1.869883 171.5208
001724 -173.6221 -1.834797 171.4424
001725 -174.6683 -1.814384 171.3599
001726 -175.6844 -1.801522 171.2844
001727 -176.7136 -1.792166 171.2081
001728 -177.7464 -1.781877 171.1325
001729 -178.7763 -1.764893 171.0553
001730 -179.7942 -1.742396 170.9774
001731 -180.8032 -1.714755 170.9033
001732 -181.8002 -1.689522 170.8323
001733 -182.7927 -1.662413 170.7604
001734 -183.7787 -1.641427 170.6878
001735 -184.7507 -1.619494 170.6164
001736 -185.728 -1.592277 170.5457
001737 -186.7015 -1.571123 170.4758
001738 -187.6684 -1.55135 170.4036
001739 -188.6198 -1.529735 170.3337
001740 -189.566 -1.512504 170.268
001741 -190.5132 -1.500652 170.2009
001742 -191.4543 -1.486176 170.1353
001743 -192.3913 -1.471672 170.0706
001744 -193.3147 -1.458562 170.0043
001745 -194.2342 -1.444659 169.9311
001746 -195.1499 -1.429746 169.8581
001747 -196.0637 -1.416638 169.7845
001748 -196.972 -1.404095 169.7012
001749 -197.876 -1.386589 169.6264
001750 -198.7775 -1.369749 169.55
001751 -199.6695 -1.35767 169.4621
001752 -200.5524 -1.343237 169.3725
001753 -201.4348 -1.329844 169.2791
001754 -202.3167 -1.318833 169.1756
001755 -203.199 -1.30568 169.0637
001756 -204.0712 -1.291408 168.9457
001757 -204.9337 -1.276326 168.8277
001758 -205.787 -1.260867 168.703
001759 -206.6345 -1.248153 168.5696
001760 -207.48 -1.23653 168.4309
001761 -208.3261 -1.224133 168.2904
001762 -209.1657 -1.212351 168.1525
001763 -210.0005 -1.198274 168.0172
001764 -210.824 -1.182468 167.8817
001765 -211.6465 -1.165081 167.7511
001766 -212.4586 -1.152062 167.6175
001767 -213.2583 -1.135705 167.4882
001768 -214.0407 -1.119039 167.366
001769 -214.8181 -1.100554 167.2539
001770 -215.584 -1.086661 167.1555
001771 -216.3418 -1.074794 167.0689
001772 -217.0893 -1.05795 167.0045
001773 -217.8256 -1.043016 166.951
001774 -218.5566 -1.029719 166.9062
001775 -219.2715 -1.016114 166.8699
001776 -219.9767 -1.002754 166.8401
001777 -220.6711 -0.9893425 166.8244
001778 -221.3566 -0.9764641 166.8185
001779 -222.0306 -0.9644893 166.8264
001780 -222.6959 -0.9525063 166.8429
001781 -223.3488 -0.9394063 166.873
001782 -223.989 -0.9272047 166.9129
001783 -224.6154 -0.9172341 166.9629
001784 -225.2279 -0.9093818 167.0217
001785 -225.8246 -0.904408 167.0879
001786 -226.4105 -0.8990499 167.1581
001787 -226.987 -0.8920368 167.24
001788 -227.5501 -0.886366 167.3258
001789 -228.1067 -0.8824469 167.4196
001790 -228.648 -0.8786592 167.5134
001791 -229.1782 -0.8725095 167.6088
001792 -229.6917 -0.8650222 167.7123
001793 -230.1975 -0.8589438 167.818
001794 -230.6927 -0.8530861 167.9201
001795 -231.1791 -0.8469939 168.0181
001796 -231.6567 -0.8401956 168.1067
001797 -232.1216 -0.8314175 168.1921
001798 -232.5785 -0.8239308 168.2729
001799 -233.0235 -0.8165832 168.3457
001800 -233.4536 -0.8087981 168.409
001801 -233.8713 -0.8008611 168.4619
001802 -234.277 -0.7921932 168.5029
001803 -234.6695 -0.7834473 168.5283
001804 -235.0558 -0.7754885 168.5472
001805 -235.4232 -0.768136 168.5506
001806 -235.7868 -0.7590617 168.548
001807 -236.1394 -0.7514887 168.5281
001808 -236.4725 -0.7440649 168.4838
001809 -236.8095 -0.7372334 168.4318
001810 -237.1197 -0.7320402 168.357
001811 -237.4375 -0.7269099 168.284
001812 -237.7491 -0.7226217 168.2022
001813 -238.0425 -0.7168135 168.0989
001814 -238.3427 -0.7097837 167.9966
001815 -238.6225 -0.7024117 167.871
001816 -238.905 -0.695277 167.7408
001817 -239.1742 -0.6900319 167.5987
001818 -239.4235 -0.6865426 167.4391
001819 -239.6802 -0.6821689 167.2813
001820 -239.9216 -0.6712409 167.1106
001821 -240.1679 -0.6646506 166.9481
001822 -240.393 -0.659645 166.7739
001823 -240.6151 -0.6509621 166.5946
001824 -240.8365 -0.6382377 166.4063
001825 -241.0523 -0.6232756 166.2067
001826 -241.271 -0.6105303 166.0074
001827 -241.484 -0.599605 165.8021
001828 -241.699 -0.5934784 165.607
001829 -241.9169 -0.5908746 165.4069
001830 -242.1335 -0.5857004 165.2046
001831 -242.3443 -0.5766151 164.9981
001832 -242.5519 -0.5665866 164.7805
001833 -242.7607 -0.5509374 164.5648
001834 -242.9631 -0.5365056 164.334
001835 -243.1681 -0.5242799 164.0969
001836 -243.3732 -0.5147036 163.8464
001837 -243.5713 -0.5052227 163.5855
001838 -243.7699 -0.4953107 163.3199
001839 -243.9566 -0.4851314 163.0411
001840 -244.1465 -0.4736289 162.7476
001841 -244.312 -0.4621895 162.4453
001842 -244.4907 -0.4514481 162.1322
001843 -244.6683 -0.4380076 161.8087
001844 -244.8258 -0.4217408 161.4675
001845 -244.9879 -0.4025791 161.1168
001846 -245.1278 -0.3823338 160.7348
001847 -245.2706 -0.3612924 160.3393
001848 -245.4187 -0.3462077 159.9254
001849 -245.5572 -0.3306834 159.4835
001850 -245.696 -0.3150386 159.0286
001851 -245.8151 -0.3006187 158.5517
001852 -245.9384 -0.2852335 158.0533
001853 -246.0638 -0.2685615 157.5327
001854 -246.2 -0.2480926 156.9917
001855 -246.3426 -0.2290965 156.4306
001856 -246.4823 -0.2083879 155.8415
001857 -246.6139 -0.1903707 155.23
001858 -246.7355 -0.1659753 154.5891
001859 -246.853 -0.1389029 153.9159
001860 -246.9677 -0.108872 153.2143
001861 -247.075 -0.08501331 152.4803
001862 -247.1762 -0.05578414 151.7237
001863 -247.267 -0.02502766 150.9436
001864 -247.3551 0.006672745 150.1413
001865 -247.4407 0.03865681 149.3093
001866 -247.5215 0.0718115 148.4519
001867 -247.6008 0.1027961 147.5729
001868 -247.6815 0.1344629 146.6712
001869 -247.7634 0.1704041 145.7494
001870 -247.8453 0.2055884 144.8041
001871 -247.9304 0.2420599 143.8343
001872 -248.018 0.2815153 142.8411
001873 -248.1048 0.3208857 141.8238
001874 -248.1925 0.3629577 140.7837
001875 -248.2772 0.4036542 139.7205
001876 -248.3614 0.4450745 138.6355
001877 -248.4434 0.4856777 137.5273
001878 -248.5231 0.5232463 136.3895
001879 -248.6041 0.5595817 135.2321
001880 -248.6891 0.5985779 134.0542
001881 -248.7732 0.6419872 132.8705
001882 -248.8563 0.6871201 131.6857
001883 -248.9393 0.7334063 130.508
001884 -249.0158 0.7775391 129.3357
001885 -249.0873 0.8166562 128.1648
001886 -249.1564 0.8564476 126.9897
001887 -249.2184 0.8958454 125.8149
001888 -249.2779 0.939707 124.6419
001889 -249.3389 0.986567 123.4622
001890 -249.3978 1.029505 122.2863
001891 -249.4573 1.073562 121.109
001892 -249.5133 1.116077 119.9316
001893 -249.5652 1.158347 118.755
001894 -249.6122 1.200686 117.5798
001895 -249.6546 1.243901 116.4065
001896 -249.6974 1.287102 115.2382
001897 -249.7381 1.332002 114.068
001898 -249.7789 1.374204 112.9055
001899 -249.8202 1.417276 111.7419
001900 -249.8613 1.459159 110.5835
001901 -249.9023 1.500434 109.4248
001902 -249.9433 1.543852 108.2684
001903 -249.9793 1.58768 107.1143
001904 -250.0131 1.631849 105.9629
001905 -250.0448 1.676822 104.815
001906 -250.0737 1.718794 103.6695
001907 -250.1003 1.761959 102.5248
001908 -250.1253 1.804161 101.3868
001909 -250.1481 1.843847 100.2511
001910 -250.1691 1.88255 99.11866
001911 -250.1893 1.92228 97.98601
001912 -250.2072 1.959653 96.85531
001913 -250.2252 1.999499 95.72318
001914 -250.244 2.039049 94.59878
001915 -250.264 2.077975 93.48269
001916 -250.2833 2.11406 92.36877
001917 -250.3056 2.147887 91.25917
001918 -250.3296 2.179142 90.14576
001919 -250.3622 2.212074 89.03749
001920 -250.4001 2.245753 87.93668
001921 -250.4481 2.278946 86.83995
001922 -250.4984 2.312027 85.74277
001923 -250.5497 2.348702 84.64524
001924 -250.5976 2.388874 83.54718
001925 -250.6416 2.434553 82.44945
001926 -250.6902 2.482656 81.35667
001927 -250.7343 2.530906 80.27234
001928 -250.7859 2.575919 79.18868
001929 -250.847 2.617494 78.1038
001930 -250.9057 2.65992 77.01311
001931 -250.9642 2.700125 75.91871
001932 -251.0203 2.74224 74.82449
001933 -251.0737 2.790144 73.72705
001934 -251.1257 2.836662 72.63674
001935 -251.1812 2.887503 71.54963
001936 -251.2376 2.93557 70.4648
001937 -251.2974 2.98287 69.3806
001938 -251.3532 3.027809 68.29941
001939 -251.4065 3.073084 67.22089
001940 -251.4574 3.116928 66.14286
001941 -251.5044 3.160878 65.06813
001942 -251.5491 3.206256 63.99155
001943 -251.5927 3.251783 62.9207
001944 -251.6351 3.296922 61.85252
001945 -251.6749 3.342394 60.7869
001946 -251.7122 3.385498 59.72549
001947 -251.7477 3.426715 58.66186
001948 -251.7821 3.465372 57.60151
001949 -251.8135 3.507027 56.5465
001950 -251.8453 3.548046 55.48984
001951 -251.8762 3.588934 54.43875
001952 -251.9056 3.63212 53.38734
001953 -251.9359 3.673762 52.34366
001954 -251.9668 3.715463 51.29772
001955 -251.9987 3.756318 50.25774
001956 -252.0309 3.79655 49.22008
001957 -252.0653 3.837981 48.18245
001958 -252.1023 3.879003 47.147
001959 -252.144 3.921326 46.11671
001960 -252.1878 3.963638 45.09288
001961 -252.2349 4.004914 44.063
001962 -252.2851 4.046284 43.03916
001963 -252.3375 4.086177 42.01855
001964 -252.391 4.125653 41.00164
001965 -252.4478 4.164157 39.98803
001966 -252.5055 4.203496 38.9732
001967 -252.5653 4.241031 37.96223
001968 -252.6254 4.278741 36.95639
001969 -252.6885 4.313927 35.9533
001970 -252.7498 4.352801 34.95497
001971 -252.8107 4.392094 33.95482
001972 -252.8716 4.430341 32.95905
001973 -252.9301 4.468067 31.96578
001974 -252.9844 4.504925 30.97807
001975 -253.0304 4.541451 29.99395
001976 -253.0691 4.577433 29.00968
001977 -253.0976 4.612032 28.02895
001978 -253.1145 4.646341 27.04982
001979 -253.1216 4.680418 26.07376
001980 -253.1163 4.716997 25.10115
001981 -253.1022 4.753821 24.1304
001982 -253.0788 4.788928 23.16709
001983 -253.0411 4.82344 22.20336
001984 -252.9925 4.860664 21.24133
001985 -252.9274 4.897579 20.28205
001986 -252.8481 4.933245 19.32422
001987 -252.7503 4.970231 18.37471
001988 -252.628 5.006666 17.4262
001989 -252.488 5.042073 16.48091
001990 -252.3224 5.079397 15.53465
001991 -252.1417 5.115032 14.59081
001992 -251.9437 5.15079 13.65046
001993 -251.717 5.186491 12.71269
001994 -251.476 5.219589 11.77835
001995 -251.2062 5.24993 10.84625
001996 -250.9196 5.281337 9.917723
001997 -250.6095 5.310708 8.989691
001998 -250.2693 5.338465 8.064427
001999 -249.9109 5.369207 7.145792
002000 -249.5229 5.400639 6.226439
002001 -249.1194 5.433542 5.314832
002002 -248.6906 5.465713 4.411448
002003 -248.2273 5.501097 3.510403
002004 -247.746 5.534324 2.616861
002005 -247.2381 5.564578 1.732723
002006 -246.7137 5.59824 0.8535689
002007 -246.1661 5.63163 -0.01796892
002008 -245.6007 5.655536 -0.8863481
002009 -245.0122 5.677791 -1.755502
002010 -244.4063 5.699836 -2.619939
002011 -243.7822 5.721996 -3.482793
002012 -243.1481 5.74405 -4.341979
002013 -242.507 5.765582 -5.201607
002014 -241.8568 5.78441 -6.066389
002015 -241.2026 5.801983 -6.934215
002016 -240.5437 5.816429 -7.805212
002017 -239.8756 5.831215 -8.680885
002018 -239.2054 5.844869 -9.558654
002019 -238.5276 5.859514 -10.44142
002020 -237.8462 5.873132 -11.32743
002021 -237.154 5.887034 -12.22912
002022 -236.4829 5.900348 -13.10267
002023 -235.8081 5.913428 -13.98867
002024 -235.1307 5.925277 -14.88366
002025 -234.463 5.93575 -15.77832
002026 -233.8031 5.946317 -16.67718
002027 -233.1506 5.959005 -17.58017
002028 -232.5087 5.971457 -18.48187
002029 -231.8742 5.985208 -19.38812
002030 -231.2485 5.99985 -20.29765
002031 -230.6317 6.016131 -21.2116
002032 -230.0287 6.032159 -22.12786
002033 -229.4332 6.048744 -23.05228
002034 -228.8502 6.066954 -23.97314
002035 -228.2725 6.086688 -24.89484
002036 -227.6946 6.106457 -25.8155
002037 -227.1205 6.12393 -26.73151
002038 -226.548 6.142417 -27.64633
002039 -225.9806 6.161219 -28.55785
002040 -225.4202 6.177865 -29.46682
002041 -224.8626 6.194842 -30.37398
002042 -224.3086 6.213071 -31.27582
002043 -223.7566 6.230095 -32.17526
002044 -223.2068 6.24745 -33.06925
002045 -222.6579 6.265007 -33.96277
002046 -222.1135 6.283262 -34.85288
002047 -221.5747 6.300099 -35.73435
002048 -221.0365 6.315815 -36.61568
002049 -220.503 6.332407 -37.48779
002050 -219.9744 6.349833 -38.34971
002051 -219.454 6.366844 -39.19493
002052 -218.9456 6.385013 -40.02
002053 -218.444 6.403188 -40.8216
002054 -217.9538 6.41827 -41.60042
002055 -217.4737 6.43124 -42.35038
002056 -217.0021 6.443372 -43.07506
002057 -216.5389 6.455728 -43.7746
002058 -216.0818 6.466055 -44.4499
002059 -215.6341 6.475687 -45.0963
002060 -215.2018 6.485621 -45.71612
002061 -214.7782 6.49547 -46.31022
002062 -214.3684 6.50462 -46.87839
002063 -213.9679 6.513314 -47.42424
002064 -213.5699 6.521274 -47.96337
002065 -213.2027 6.528158 -48.45302
002066 -212.8329 6.535653 -48.93873
002067 -212.4698 6.543111 -49.4066
002068 -212.1122 6.55006 -49.855
002069 -211.7578 6.557332 -50.28632
002070 -211.4027 6.563935 -50.70357
002071 -211.0501 6.566205 -51.10351
002072 -210.6995 6.568704 -51.49244
002073 -210.3503 6.571368 -51.86665
002074 -210.0072 6.572852 -52.22392
002075 -209.6638 6.571371 -52.56511
002076 -209.329 6.567908 -52.88218
002077 -208.9962 6.565456 -53.18249
002078 -208.6629 6.563325 -53.45948
002079 -208.3421 6.561582 -53.71281
002080 -208.0232 6.554483 -53.93803
002081 -207.7233 6.547898 -54.13833
002082 -207.4339 6.541905 -54.31481
002083 -207.1595 6.536224 -54.47024
002084 -206.9009 6.531964 -54.61405
002085 -206.6392 6.524111 -54.75077
002086 -206.3805 6.516998 -54.88102
002087 -206.119 6.512863 -55.00359
002088 -205.8467 6.507652 -55.11241
002089 -205.5811 6.502122 -55.20882
002090 -205.3094 6.495054 -55.29491
002091 -205.0465 6.489143 -55.37685
002092 -204.7845 6.482039 -55.45099
002093 -204.5113 6.471127 -55.5142
002094 -204.2383 6.460492 -55.57213
002095 -203.9476 6.451432 -55.62424
002096 -203.6539 6.442325 -55.67591
002097 -203.3404 6.429446 -55.72001
002098 -203.0228 6.415913 -55.75907
002099 -202.6932 6.402192 -55.79096
002100 -202.3437 6.391656 -55.81263
002101 -201.9903 6.380116 -55.82997
002102 -201.6126 6.366487 -55.83354
002103 -201.23 6.351614 -55.8319
002104 -200.8309 6.33586 -55.81188
002105 -200.4046 6.320815 -55.77561
002106 -199.9669 6.306043 -55.72791
002107 -199.5014 6.290395 -55.66825
002108 -199.0221 6.274124 -55.59858
002109 -198.5118 6.257745 -55.5157
002110 -197.9991 6.241763 -55.42175
002111 -197.4592 6.226768 -55.30993
002112 -196.8963 6.21268 -55.17799
002113 -196.3171 6.198 -55.02812
002114 -195.7191 6.184175 -54.85966
002115 -195.1012 6.167599 -54.67531
002116 -194.4653 6.149182 -54.46763
002117 -193.8069 6.133914 -54.23745
002118 -193.1445 6.119265 -53.98002
002119 -192.4691 6.103204 -53.69855
002120 -191.7846 6.08687 -53.38917
002121 -191.0895 6.071799 -53.05956
002122 -190.3911 6.049869 -52.69364
002123 -189.682 6.021925 -52.29508
002124 -188.9595 5.991475 -51.87066
002125 -188.2304 5.960013 -51.42014
002126 -187.4933 5.928955 -50.94992
002127 -186.7483 5.898615 -50.45759
002128 -185.9944 5.86996 -49.94782
002129 -185.2271 5.839552 -49.42089
002130 -184.4468 5.80763 -48.88224
002131 -183.653 5.77602 -48.33677
002132 -182.8493 5.74214 -47.7881
002133 -181.997 5.70842 -47.21172
002134 -181.2032 5.67605 -46.67761
002135 -180.3603 5.639582 -46.112
002136 -179.4977 5.600657 -45.53211
002137 -178.6275 5.564601 -44.94959
002138 -177.7455 5.527931 -44.36122
002139 -176.8451 5.490826 -43.76464
002140 -175.9365 5.454066 -43.16482
002141 -175.0139 5.415626 -42.55993
002142 -174.0792 5.374146 -41.95134
002143 -173.1293 5.33091 -41.33758
002144 -172.1609 5.288826 -40.71585
002145 -171.1827 5.248273 -40.09405
002146 -170.1958 5.214023 -39.47803
002147 -169.1962 5.177783 -38.86377
002148 -168.1815 5.140427 -38.25218
002149 -167.1568 5.104024 -37.64371
002150 -166.122 5.066952 -37.03978
002151 -165.0807 5.029773 -36.43744
002152 -164.0411 4.992355 -35.84195
002153 -162.9931 4.95331 -35.2505
002154 -161.9369 4.913727 -34.66444
002155 -160.8735 4.874235 -34.08707
002156 -159.8027 4.834745 -33.51726
002157 -158.7309 4.796201 -32.96105
002158 -157.6554 4.760142 -32.4102
002159 -156.5776 4.724677 -31.86329
002160 -155.4985 4.693787 -31.32607
002161 -154.4229 4.661896 -30.78859
002162 -153.3542 4.628272 -30.27178
002163 -152.2849 4.59448 -29.75452
002164 -151.2111 4.55467 -29.2325
002165 -150.1382 4.513587 -28.70806
002166 -149.0693 4.477108 -28.18276
002167 -148.0044 4.441814 -27.65773
002168 -146.9315 4.40594 -27.13375
002169 -145.8577 4.36895 -26.61215
002170 -144.7893 4.329825 -26.09816
002171 -143.7156 4.287681 -25.57867
002172 -142.641 4.241418 -25.057
002173 -141.5608 4.193464 -24.53011
002174 -140.4819 4.146681 -24.00687
002175 -139.4025 4.100868 -23.48633
002176 -138.3236 4.055097 -22.96824
002177 -137.2477 4.007681 -22.4509
002178 -136.173 3.960473 -21.93465
002179 -135.0973 3.912458 -21.41571
002180 -134.0227 3.866005 -20.89614
002181 -132.9453 3.821506 -20.37706
002182 -131.8768 3.781015 -19.86621
002183 -130.8138 3.739768 -19.35808
002184 -129.7549 3.696042 -18.84932
002185 -128.6987 3.651177 -18.33706
002186 -127.6469 3.605648 -17.82499
002187 -126.5948 3.559821 -17.31178
002188 -125.5523 3.51531 -16.80016
002189 -124.516 3.470006 -16.28867
002190 -123.4816 3.426795 -15.77719
002191 -122.4473 3.385704 -15.26694
002192 -121.4091 3.345291 -14.76313
002193 -120.382 3.311607 -14.27526
002194 -119.3569 3.277647 -13.79956
002195 -118.328 3.239201 -13.33353
002196 -117.2909 3.197775 -12.87873
002197 -116.2439 3.158455 -12.43525
002198 -115.1904 3.12465 -12.00288
002199 -114.1405 3.093371 -11.58751
002200 -113.1016 3.061043 -11.18769
002201 -112.0481 3.025503 -10.78946
002202 -110.9859 2.992042 -10.39983
002203 -109.9246 2.959612 -10.00735
002204 -108.8744 2.928507 -9.617412
002205 -107.8237 2.896739 -9.243398
002206 -106.7662 2.857071 -8.864286
002207 -105.7052 2.815858 -8.492253
002208 -104.6399 2.777678 -8.124757
002209 -103.5751 2.740474 -7.760123
002210 -102.5122 2.704654 -7.394219
002211 -101.4453 2.668834 -7.020636
002212 -100.3834 2.635642 -6.646982
002213 -99.32333 2.600359 -6.281885
002214 -98.26682 2.563161 -5.927679
002215 -97.21118 2.51878 -5.584438
002216 -96.1341 2.468113 -5.250177
002217 -95.05702 2.417757 -4.924307
002218 -93.97692 2.371604 -4.604329
002219 -92.89696 2.328432 -4.291721
002220 -91.81618 2.286046 -3.988153
002221 -90.73315 2.243515 -3.695911
002222 -89.65036 2.20077 -3.413659
002223 -88.56033 2.15907 -3.139167
002224 -87.46938 2.117909 -2.871097
002225 -86.37312 2.078223 -2.610895
002226 -85.27567 2.039649 -2.357662
002227 -84.17869 2.003235 -2.113087
002228 -83.0809 1.96757 -1.875303
002229 -81.98418 1.929078 -1.642797
002230 -80.88804 1.891113 -1.413132
002231 -79.79309 1.852304 -1.185025
002232 -78.69561 1.815692 -0.95672
002233 -77.56902 1.781295 -0.725446
002234 -76.51124 1.753369 -0.5132001
002235 -75.4228 1.72631 -0.3006804
002236 -74.33776 1.698157 -0.09103084
002237 -73.25165 1.670106 0.1148072
002238 -72.16636 1.641851 0.3199942
002239 -71.08516 1.617211 0.5217201
002240 -70.00677 1.591142 0.7229528
002241 -68.92853 1.564706 0.9233017
002242 -67.8523 1.536979 1.120257
002243 -66.77302 1.51068 1.313423
002244 -65.70055 1.484221 1.500442
002245 -64.62519 1.458586 1.686604
002246 -63.55616 1.433237 1.869261
002247 -62.48959 1.407401 2.047975
002248 -61.42558 1.380271 2.225378
002249 -60.36042 1.352125 2.402354
002250 -59.29526 1.324166 2.577472
002251 -58.23435 1.298326 2.754083
002252 -57.17914 1.27158 2.92234
002253 -56.12897 1.24574 3.091711
002254 -55.07579 1.22013 3.257606
002255 -54.02578 1.19098 3.418967
002256 -52.98854 1.158485 3.575444
002257 -51.94871 1.126192 3.73199
002258 -50.90978 1.0927 3.888602
002259 -49.86836 1.059508 4.040344
002260 -48.83083 1.028182 4.185866
002261 -47.80073 0.9972302 4.328703
002262 -46.7763 0.9663776 4.464286
002263 -45.75602 0.933324 4.596502
002264 -44.73131 0.8991455 4.727656
002265 -43.71218 0.8642522 4.856902
002266 -42.697 0.8291555 4.980987
002267 -41.68052 0.7934946 5.102229
002268 -40.66636 0.7602702 5.223322
002269 -39.66271 0.7277943 5.340218
002270 -38.67547 0.6971953 5.453221
002271 -37.68929 0.6664957 5.564962
002272 -36.71239 0.6339514 5.676298
002273 -35.74547 0.6030199 5.782569
002274 -34.78624 0.5714296 5.888495
002275 -33.84239 0.5394425 5.992028
002276 -32.91346 0.5073475 6.092164
002277 -31.99672 0.4767447 6.190015
002278 -31.08729 0.4481242 6.284223
002279 -30.18694 0.4209403 6.375925
002280 -29.29691 0.398124 6.465571
002281 -28.42101 0.3793711 6.554033
002282 -27.55435 0.3627527 6.639511
002283 -26.72099 0.3464437 6.720779
002284 -25.90015 0.3315628 6.800062
002285 -25.09954 0.3141138 6.878691
002286 -24.32024 0.2945977 6.954131
002287 -23.55888 0.2745003 7.025199
002288 -22.81595 0.2547338 7.091691
002289 -22.08931 0.2347427 7.159574
002290 -21.38003 0.2143897 7.228366
002291 -20.6882 0.1953748 7.297213
002292 -20.01668 0.1799987 7.362635
002293 -19.36227 0.1654748 7.426242
002294 -18.72487 0.1491883 7.490892
002295 -18.10682 0.1335137 7.551445
002296 -17.50149 0.1206821 7.606545
002297 -16.91207 0.1067444 7.65597
002298 -16.33775 0.09110642 7.702083
002299 -15.7808 0.07488558 7.74364
002300 -15.24156 0.06013457 7.782305
002301 -14.72605 0.04502491 7.819683
002302 -14.23157 0.02934784 7.858547
002303 -13.75924 0.01302983 7.895598
002304 -13.3135 -0.004622482 7.930153
002305 -12.89537 -0.02060084 7.961591
002306 -12.50101 -0.03582507 7.991449
002307 -12.12827 -0.05019853 8.022018
002308 -11.77624 -0.06087555 8.048012
002309 -11.44837 -0.0719744 8.073279
002310 -11.13924 -0.08414595 8.100664
002311 -10.84393 -0.09606796 8.129478
002312 -10.56139 -0.1092295 8.159923
002313 -10.28741 -0.1231666 8.195045
002314 -10.02383 -0.1353748 8.231512
002315 -9.76838 -0.1456691 8.269016
002316 -9.518219 -0.1559451 8.309922
002317 -9.271286 -0.1666681 8.356433
002318 -9.028161 -0.1786991 8.412767
002319 -8.789252 -0.1908124 8.478175
002320 -8.555633 -0.2017356 8.547386
002321 -8.336972 -0.2107318 8.612311
002322 -8.149181 -0.2160158 8.66932
002323 -8.000355 -0.2199045 8.711552
002324 -7.897603 -0.2223291 8.744962
002325 -7.829442 -0.224124 8.769976
002326 -7.791718 -0.2246539 8.786063
002327 -7.78413 -0.2239065 8.790737
002328 -7.799252 -0.2248585 8.787461
002329 -7.811419 -0.2287597 8.783576
002330 -7.813388 -0.230848 8.785181
002331 -7.813018 -0.2282196 8.786625
002332 -7.813526 -0.2248221 8.7872
002333 -7.81145 -0.2241583 8.787825
002334 -7.809395 -0.2242167 8.788143
002335 -7.810347 -0.2239353 8.784998
002336 -7.811258 -0.2253094 8.781898
002337 -7.809451 -0.2268914 8.779
002338 -7.808845 -0.2283597 8.776078
002339 -7.809797 -0.2294419 8.773619
002340 -7.809131 -0.2314897 8.771007
002341 -7.806451 -0.2332348 8.768686
002342 -7.80591 -0.2344691 8.766426
002343 -7.804822 -0.2355641 8.762953
002344 -7.804019 -0.2354612 8.761064
002345 -7.801403 -0.2381377 8.758008
002346 -7.800766 -0.2387322 8.755551
002347 -7.798535 -0.239778 8.752918
002348 -7.796886 -0.2402344 8.75168
002349 -7.795082 -0.2417762 8.750163
002350 -7.793436 -0.2436941 8.748519
002351 -7.79099 -0.2458614 8.746808
002352 -7.789514 -0.2474295 8.745234
002353 -7.788334 -0.248631 8.743396
002354 -7.786579 -0.2490955 8.741897
002355 -7.78493 -0.2498791 8.740517
002356 -7.783308 -0.2516519 8.738162
002357 -7.781759 -0.252275 8.736836
002358 -7.780166 -0.2531388 8.734843
002359 -7.778886 -0.2542421 8.733631
002360 -7.777029 -0.257141 8.731859
002361 -7.775784 -0.2577456 8.730871
002362 -7.774105 -0.2601129 8.72855
002363 -7.773048 -0.2614363 8.727049
002364 -7.7716 -0.2629991 8.72656
002365 -7.770532 -0.2636369 8.725711
002366 -7.76944 -0.2639662 8.724407
002367 -7.768634 -0.264494 8.723581
002368 -7.767855 -0.2639164 8.723371
002369 -7.767373 -0.2626878 8.72271
002370 -7.766879 -0.2612522 8.721761
002371 -7.766332 -0.2601754 8.720475
002372 -7.76613 -0.2595991 8.719138
002373 -7.765762 -0.2586022 8.717584
002374 -7.765154 -0.2580429 8.716311
002375 -7.764534 -0.2574981 8.715316
002376 -7.763983 -0.2572062 8.714586
002377 -7.763616 -0.2564538 8.713827
002378 -7.763291 -0.2566759 8.713138
002379 -7.763294 -0.2577684 8.713489
002380 -7.763326 -0.258382 8.712834
002381 -7.763222 -0.2602086 8.71282
002382 -7.762963 -0.2608122 8.712553
002383 -7.763016 -0.2630367 8.712505
002384 -7.763016 -0.2640248 8.712363
002385 -7.763086 -0.2653472 8.713488
002386 -7.762777 -0.2669149 8.713287
002387 -7.7623 -0.2682438 8.712924
002388 -7.762455 -0.2692439 8.714167
002389 -7.762182 -0.2697417 8.716338
002390 -7.759318 -0.269078 8.719035
002391 -7.753295 -0.2684805 8.722145
002392 -7.744025 -0.2693866 8.726961
002393 -7.73174 -0.2712793 8.733879
002394 -7.717107 -0.2740607 8.74234
002395 -7.700361 -0.2762791 8.751022
002396 -7.681544 -0.2780647 8.760683
002397 -7.658875 -0.279927 8.770779
002398 -7.62709 -0.2824105 8.786498
002399 -7.580503 -0.2851154 8.806943
002400 -7.513039 -0.2896364 8.836058
002401 -7.424021 -0.2951357 8.873075
002402 -7.310861 -0.3014302 8.92222
002403 -7.175297 -0.3092874 8.982757
002404 -7.020116 -0.3170139 9.054806
002405 -6.840984 -0.3244552 9.13861
002406 -6.640897 -0.3325367 9.236569
002407 -6.421125 -0.3434678 9.355307
002408 -6.183682 -0.3541851 9.491639
002409 -5.930743 -0.3653588 9.644152
002410 -5.669734 -0.3802068 9.825674
002411 -5.39913 -0.3975713 10.02988
002412 -5.12074 -0.4174511 10.25779
002413 -4.837331 -0.438501 10.50906
002414 -4.550622 -0.4541678 10.78166
002415 -4.260731 -0.4659758 11.0807
002416 -3.97491 -0.478802 11.40594
002417 -3.693711 -0.4927691 11.75393
002418 -3.414512 -0.5085419 12.13562
002419 -3.135391 -0.5243862 12.54641
002420 -2.862178 -0.5380326 12.99267
002421 -2.599066 -0.5509808 13.4679
002422 -2.352855 -0.5588841 13.97239
002423 -2.118271 -0.5719196 14.51226
002424 -1.884998 -0.5854659 15.08331
002425 -1.661773 -0.5949507 15.68604
002426 -1.456347 -0.6010921 16.31856
002427 -1.2601 -0.6127757 16.97489
002428 -1.073956 -0.6240981 17.66108
002429 -0.9045466 -0.6338585 18.37374
002430 -0.7660186 -0.6447196 19.11706
002431 -0.6476116 -0.6598908 19.88282
002432 -0.54815 -0.6749805 20.67541
002433 -0.469374 -0.6929246 21.48941
002434 -0.4117778 -0.7110847 22.32327
002435 -0.3740026 -0.7320349 23.18476
002436 -0.3531069 -0.7554471 24.06623
002437 -0.3456498 -0.783142 24.97417
002438 -0.3477693 -0.8110963 25.89974
002439 -0.3561916 -0.8396012 26.85034
002440 -0.3699857 -0.8686624 27.82127
002441 -0.387238 -0.8972598 28.81849
002442 -0.4057436 -0.9266744 29.83658
002443 -0.4250198 -0.9552236 30.874
002444 -0.4435254 -0.9834229 31.93512
002445 -0.4593569 -1.012283 33.0176
002446 -0.4747214 -1.041566 34.12627
002447 -0.4931853 -1.069567 35.25202
002448 -0.5126275 -1.095653 36.3924
002449 -0.535546 -1.12161 37.53899
002450 -0.5588949 -1.147517 38.6862
002451 -0.5843039 -1.17408 39.83562
002452 -0.6096948 -1.200981 40.98569
002453 -0.6387808 -1.227352 42.13484
002454 -0.6691375 -1.254196 43.28304
002455 -0.7035249 -1.285555 44.42219
002456 -0.7394543 -1.316843 45.56433
002457 -0.775721 -1.350382 46.70678
002458 -0.8149361 -1.383309 47.8533
002459 -0.8503797 -1.414736 48.99701
002460 -0.88452 -1.444282 50.13248
002461 -0.9230893 -1.47426 51.26683
002462 -0.9579931 -1.502468 52.39662
002463 -0.9936302 -1.535368 53.52159
002464 -1.026726 -1.570397 54.64386
002465 -1.058519 -1.607705 55.76123
002466 -1.089707 -1.645788 56.8837
002467 -1.121249 -1.68199 58.00859
002468 -1.153354 -1.713449 59.1322
002469 -1.185006 -1.739715 60.24888
002470 -1.213473 -1.765856 61.35987
002471 -1.23885 -1.790051 62.46393
002472 -1.270319 -1.822128 63.56585
002473 -1.304675 -1.856919 64.66489
002474 -1.337326 -1.894574 65.7627
002475 -1.374798 -1.935202 66.86894
002476 -1.411676 -1.975334 67.96703
002477 -1.442686 -2.008672 69.06158
002478 -1.472152 -2.039409 70.15547
002479 -1.501593 -2.071991 71.24366
002480 -1.531721 -2.102578 72.33085
002481 -1.562229 -2.13256 73.41608
002482 -1.593624 -2.162929 74.49454
002483 -1.625772 -2.193626 75.56828
002484 -1.660434 -2.225262 76.63661
002485 -1.698099 -2.257835 77.7096
002486 -1.736262 -2.2899 78.78068
002487 -1.775229 -2.319234 79.85204
002488 -1.815737 -2.346468 80.91453
002489 -1.856476 -2.370869 81.97255
002490 -1.895797 -2.393122 83.03226
002491 -1.93672 -2.417674 84.08849
002492 -1.977116 -2.443876 85.13908
002493 -2.017852 -2.466419 86.18538
002494 -2.060208 -2.490081 87.23802
002495 -2.103774 -2.513205 88.28643
002496 -2.146481 -2.536284 89.32926
002497 -2.187833 -2.559082 90.36824
002498 -2.226841 -2.581569 91.40553
002499 -2.2634 -2.605028 92.44253
002500 -2.300411 -2.62912 93.47693
002501 -2.33605 -2.652197 94.50818
002502 -2.372203 -2.672743 95.53822
002503 -2.406668 -2.69523 96.56505
002504 -2.437822 -2.720792 97.59023
002505 -2.465941 -2.746454 98.60554
002506 -2.491997 -2.772152 99.61807
002507 -2.516259 -2.802258 100.6323
002508 -2.540211 -2.838082 101.6515
002509 -2.559424 -2.870099 102.672
002510 -2.573631 -2.89944 103.6884
002511 -2.582148 -2.925752 104.6967
002512 -2.587543 -2.951613 105.6908
002513 -2.591377 -2.985411 106.6807
002514 -2.595436 -3.023919 107.6743
002515 -2.603074 -3.068168 108.6731
002516 -2.613518 -3.112783 109.6792
002517 -2.621977 -3.15495 110.6919
002518 -2.632184 -3.191876 111.7158
002519 -2.64363 -3.225087 112.748
002520 -2.648827 -3.251978 113.7867
002521 -2.658982 -3.272939 114.8366
002522 -2.670822 -3.289386 115.8956
002523 -2.681214 -3.305847 116.9672
002524 -2.693727 -3.316682 118.0391
002525 -2.704277 -3.331533 119.1204
002526 -2.72144 -3.353173 120.2045
002527 -2.737358 -3.381869 121.2928
002528 -2.75313 -3.418047 122.3904
002529 -2.774777 -3.458707 123.5067
002530 -2.796853 -3.498461 124.6336
002531 -2.818486 -3.533192 125.7673
002532 -2.842109 -3.568332 126.9024
002533 -2.868633 -3.606098 128.0456
002534 -2.894674 -3.642637 129.1941
002535 -2.924595 -3.680213 130.351
002536 -2.955332 -3.716558 131.5075
002537 -2.989266 -3.751573 132.6632
002538 -3.024507 -3.787047 133.8196
002539 -3.061487 -3.822251 134.9693
002540 -3.098988 -3.858432 136.1179
002541 -3.138966 -3.892406 137.2625
002542 -3.181202 -3.926711 138.4126
002543 -3.223176 -3.959275 139.5546
002544 -3.265946 -3.992143 140.6935
002545 -3.308422 -4.025489 141.8271
002546 -3.349036 -4.057588 142.9599
002547 -3.389718 -4.089633 144.0955
002548 -3.431331 -4.117886 145.2273
002549 -3.477541 -4.142642 146.351
002550 -3.526115 -4.167273 147.4675
002551 -3.577485 -4.193843 148.5769
002552 -3.624478 -4.226003 149.6798
002553 -3.671472 -4.261989 150.7753
002554 -3.714791 -4.296808 151.8613
002555 -3.754718 -4.333155 152.939
002556 -3.794318 -4.368932 154.0039
002557 -3.831714 -4.406174 155.0663
002558 -3.868959 -4.438864 156.1225
002559 -3.904131 -4.473277 157.1722
002560 -3.938124 -4.504975 158.2148
002561 -3.96946 -4.537441 159.2473
002562 -3.996788 -4.569107 160.2765
002563 -4.024156 -4.602946 161.3026
002564 -4.053863 -4.638812 162.3204
002565 -4.071651 -4.668349 163.334
002566 -4.08898 -4.70262 164.3467
002567 -4.105311 -4.733185 165.36
002568 -4.122556 -4.761485 166.3689
002569 -4.143234 -4.790723 167.3719
002570 -4.167454 -4.821002 168.3701
002571 -4.194278 -4.852698 169.3809
002572 -4.218861 -4.886548 170.3973
002573 -4.242992 -4.921437 171.4177
002574 -4.264263 -4.946285 172.4404
002575 -4.279245 -4.974309 173.4701
002576 -4.29427 -4.999888 174.5052
002577 -4.319751 -5.021846 175.5473
002578 -4.342706 -5.037103 176.6016
002579 -4.36619 -5.046741 177.656
002580 -4.393173 -5.055111 178.7056
002581 -4.428389 -5.066353 179.7615
002582 -4.461887 -5.080405 180.8223
002583 -4.501446 -5.102497 181.8929
002584 -4.538249 -5.128816 182.9724
002585 -4.577398 -5.161098 184.0596
002586 -4.607667 -5.19387 185.156
002587 -4.635545 -5.228298 186.2574
002588 -4.669631 -5.26411 187.3649
002589 -4.701222 -5.299376 188.4778
002590 -4.740433 -5.337478 189.6005
002591 -4.775134 -5.370083 190.7235
002592 -4.806531 -5.400336 191.8495
002593 -4.834232 -5.432643 192.9745
002594 -4.861001 -5.46595 194.0911
002595 -4.887285 -5.503274 195.2074
002596 -4.913229 -5.542014 196.3293
002597 -4.944453 -5.583495 197.4501
002598 -4.976513 -5.62018 198.5656
002599 -5.004174 -5.653498 199.6738
002600 -5.032187 -5.688522 200.7832
002601 -5.057617 -5.726707 201.8908
002602 -5.080255 -5.763733 202.9899
002603 -5.108008 -5.794768 204.0882
002604 -5.132018 -5.828125 205.1795
002605 -5.162327 -5.858524 206.2655
002606 -5.187354 -5.8846 207.3378
002607 -5.210165 -5.91054 208.394
002608 -5.229687 -5.935315 209.4337
002609 -5.256357 -5.964227 210.4534
002610 -5.281372 -5.994618 211.4515
002611 -5.306406 -6.028197 212.4318
002612 -5.333844 -6.061449 213.4063
002613 -5.354878 -6.093104 214.3656
002614 -5.376504 -6.125768 215.319
002615 -5.394247 -6.155286 216.2647
002616 -5.416052 -6.187427 217.2057
002617 -5.436926 -6.219919 218.1455
002618 -5.451802 -6.252915 219.0794
002619 -5.469074 -6.284507 220.014
002620 -5.483243 -6.315979 220.9438
002621 -5.49549 -6.347473 221.8719
002622 -5.505322 -6.379467 222.7981
002623 -5.516509 -6.411726 223.7223
002624 -5.529255 -6.442633 224.647
002625 -5.545023 -6.475233 225.5714
002626 -5.545765 -6.504615 226.4983
002627 -5.552133 -6.541266 227.42
002628 -5.56361 -6.579923 228.3373
002629 -5.565319 -6.618473 229.259
002630 -5.574282 -6.662608 230.1888
002631 -5.59868 -6.712705 231.1303
002632 -5.627327 -6.756883 232.0713
002633 -5.665685 -6.795956 233.0283
002634 -5.715519 -6.828623 233.9927
002635 -5.771009 -6.852764 234.9616
002636 -5.826839 -6.869182 235.9345
002637 -5.886862 -6.885877 236.9129
002638 -5.960975 -6.902209 237.9024
002639 -6.024778 -6.92119 238.9004
002640 -6.076718 -6.943334 239.9117
002641 -6.127033 -6.963063 240.9341
002642 -6.173462 -6.989056 241.9667
002643 -6.214931 -7.013397 243.0115
002644 -6.260968 -7.04254 244.0632
002645 -6.311473 -7.075354 245.1299
002646 -6.364206 -7.112863 246.21
002647 -6.418186 -7.149031 247.3066
002648 -6.472198 -7.184133 248.4194
002649 -6.521044 -7.214125 249.5426
002650 -6.568485 -7.241317 250.6774
002651 -6.614428 -7.271394 251.8203
002652 -6.657659 -7.302307 252.972
002653 -6.699168 -7.339793 254.1351
002654 -6.746367 -7.379589 255.3108
002655 -6.794881 -7.41447 256.4919
002656 -6.837373 -7.444359 257.6737
002657 -6.881155 -7.475593 258.8504
002658 -6.924264 -7.504615 260.0266
002659 -6.967188 -7.534244 261.1974
002660 -7.013517 -7.568596 262.3621
002661 -7.052122 -7.602776 263.5226
002662 -7.093594 -7.643185 264.6822
002663 -7.131035 -7.687472 265.8405
002664 -7.164917 -7.729946 266.9982
002665 -7.20139 -7.770953 268.1579
002666 -7.243244 -7.807983 269.3111
002667 -7.284815 -7.841528 270.4572
002668 -7.330537 -7.87592 271.5913
002669 -7.373617 -7.917319 272.7257
002670 -7.417194 -7.959648 273.8528
002671 -7.451103 -8.002928 274.9698
002672 -7.486337 -8.037434 276.0763
002673 -7.523524 -8.072171 277.1744
002674 -7.564462 -8.102989 278.2512
002675 -7.607877 -8.132476 279.3126
002676 -7.651625 -8.164074 280.3583
002677 -7.695437 -8.196817 281.3917
002678 -7.739183 -8.228729 282.4095
002679 -7.782923 -8.257546 283.4149
002680 -7.827832 -8.283317 284.4024
002681 -7.871954 -8.306128 285.3685
002682 -7.918403 -8.323367 286.3152
002683 -7.965933 -8.34068 287.2514
002684 -8.012239 -8.358964 288.1858
002685 -8.055697 -8.377774 289.1193
002686 -8.099656 -8.395247 290.0536
002687 -8.14395 -8.412569 290.9826
002688 -8.18546 -8.425613 291.9113
002689 -8.229547 -8.444553 292.8345
002690 -8.273088 -8.465367 293.7505
002691 -8.314789 -8.489262 294.6684
002692 -8.352569 -8.513983 295.5867
002693 -8.389719 -8.543865 296.5071
002694 -8.425515 -8.576711 297.4337
002695 -8.452455 -8.607877 298.3651
002696 -8.469175 -8.637605 299.2996
002697 -8.486769 -8.662529 300.2399
002698 -8.503287 -8.687345 301.1803
002699 -8.517484 -8.709594 302.1317
002700 -8.528132 -8.728974 303.0876
002701 -8.533879 -8.74547 304.0586
002702 -8.539296 -8.762769 305.0331
002703 -8.538802 -8.775323 306.0125
002704 -8.536915 -8.794196 307.001
002705 -8.525271 -8.814466 308.0124
002706 -8.512542 -8.837861 309.0309
002707 -8.492832 -8.861627 310.0558
002708 -8.470877 -8.889772 311.0803
002709 -8.446156 -8.92188 312.1119
002710 -8.417003 -8.96025 313.1671
002711 -8.389103 -9.000111 314.2336
002712 -8.3519 -9.032267 315.2979
002713 -8.309687 -9.063443 316.3648
002714 -8.262018 -9.098983 317.4365
002715 -8.211642 -9.139482 318.5205
002716 -8.15587 -9.183213 319.6104
002717 -8.09554 -9.226087 320.7088
002718 -8.03187 -9.263036 321.8163
002719 -7.960404 -9.297324 322.9341
002720 -7.881873 -9.325499 324.0556
002721 -7.798255 -9.353057 325.1794
002722 -7.703403 -9.376684 326.3113
002723 -7.60792 -9.406538 327.4454
002724 -7.51371 -9.435047 328.583
002725 -7.419185 -9.470959 329.7352
002726 -7.322558 -9.507679 330.8977
002727 -7.22706 -9.545983 332.0704
002728 -7.127779 -9.583792 333.2491
002729 -7.028228 -9.625415 334.4427
002730 -6.93036 -9.674579 335.6446
002731 -6.83286 -9.724804 336.8462
002732 -6.734158 -9.772633 338.0489
002733 -6.634241 -9.817662 339.2522
002734 -6.537898 -9.86447 340.4585
002735 -6.445909 -9.910367 341.6581
002736 -6.35332 -9.950653 342.8491
002737 -6.266625 -9.994225 344.0377
002738 -6.181209 -10.04011 345.2194
002739 -6.099343 -10.09924 346.4097
002740 -6.015877 -10.15062 347.5921
002741 -5.935452 -10.20417 348.7732
002742 -5.858059 -10.2529 349.945
002743 -5.787179 -10.30853 351.1117
002744 -5.716445 -10.3623 352.28
002745 -5.647279 -10.41632 353.444
002746 -5.576861 -10.46583 354.601
002747 -5.509189 -10.51734 355.7461
002748 -5.439992 -10.56737 356.885
002749 -5.370219 -10.61757 358.0303
002750 -5.307417 -10.66318 359.1764
002751 -5.251048 -10.6981 360.3156
002752 -5.194755 -10.72819 361.4428
002753 -5.144171 -10.756 362.5628
002754 -5.098453 -10.79009 363.6716
002755 -5.048256 -10.82466 364.7771
002756 -5.000053 -10.86545 365.885
002757 -4.951017 -10.90103 366.9898
002758 -4.901568 -10.93291 368.089
002759 -4.851686 -10.96449 369.1784
002760 -4.804541 -10.99719 370.2569
