000000 0.0 -0.0 0.0
000001 -0.01401751 -0.02820321 1.198998
000002 -0.02787365 -0.0560812 2.384181
000003 -0.0418032 -0.08410629 3.575628
000004 -0.05573543 -0.1121362 4.767291
000005 -0.06970674 -0.1402442 5.962283
000006 -0.08362554 -0.1682458 7.152769
000007 -0.09756958 -0.1962977 8.3454
000008 -0.1114989 -0.2243193 9.536762
000009 -0.1254307 -0.2523452 10.72832
000010 -0.1393621 -0.2803697 11.91983
000011 -0.1533004 -0.3084073 13.11191
000012 -0.1671408 -0.3362948 14.30348
000013 -0.181814 -0.3654237 15.49659
000014 -0.1950729 -0.3924445 16.68758
000015 -0.2081761 -0.4191514 17.88104
000016 -0.2220687 -0.4450814 19.07663
000017 -0.2372951 -0.4715143 20.27019
000018 -0.2531559 -0.4977817 21.46468
000019 -0.2707637 -0.5247441 22.65883
000020 -0.2887908 -0.5527301 23.85296
000021 -0.3071147 -0.5812326 25.04684
000022 -0.3273512 -0.6069839 26.2431
000023 -0.3472488 -0.6329432 27.44168
000024 -0.3677985 -0.6565642 28.63712
000025 -0.3892136 -0.6824261 29.8283
000026 -0.4112762 -0.7087202 31.02794
000027 -0.4357161 -0.7356474 32.23193
000028 -0.4596533 -0.7632533 33.42024
000029 -0.4846981 -0.7915945 34.6148
000030 -0.509819 -0.8182722 35.81256
000031 -0.5367057 -0.8457827 37.00928
000032 -0.5627412 -0.8734675 38.2069
000033 -0.5904619 -0.9001114 39.40549
000034 -0.6181703 -0.9268582 40.60244
000035 -0.6466319 -0.9531287 41.79871
000036 -0.675668 -0.9776312 42.99592
000037 -0.708016 -1.000412 44.19563
000038 -0.7358613 -1.020365 45.39563
000039 -0.7617275 -1.037444 46.59612
000040 -0.784447 -1.051207 47.80149
000041 -0.8050204 -1.064092 49.00454
000042 -0.822002 -1.07385 50.20348
000043 -0.8402902 -1.085315 51.40457
000044 -0.859463 -1.098286 52.60583
000045 -0.8753783 -1.112635 53.81125
000046 -0.892873 -1.127883 55.0152
000047 -0.9118602 -1.143152 56.22027
000048 -0.9332309 -1.160687 57.42777
000049 -0.956215 -1.175655 58.63262
000050 -0.981436 -1.190278 59.83857
000051 -1.006715 -1.2056 61.04209
000052 -1.031126 -1.22132 62.24563
000053 -1.053863 -1.237483 63.44747
000054 -1.078473 -1.251701 64.64755
000055 -1.103193 -1.267101 65.8504
000056 -1.129538 -1.281112 67.04761
000057 -1.15768 -1.293922 68.24107
000058 -1.18693 -1.309417 69.43527
000059 -1.215316 -1.324678 70.62616
000060 -1.243226 -1.339456 71.816
000061 -1.268567 -1.355743 73.00219
000062 -1.292838 -1.37147 74.18749
000063 -1.310252 -1.390125 75.36554
000064 -1.320138 -1.407515 76.54079
000065 -1.33092 -1.427085 77.7163
000066 -1.33795 -1.448797 78.8946
000067 -1.340942 -1.468534 80.06843
000068 -1.34229 -1.485826 81.23454
000069 -1.335651 -1.506096 82.39913
000070 -1.323865 -1.530312 83.55801
000071 -1.309268 -1.555472 84.71745
000072 -1.292993 -1.580587 85.87696
000073 -1.273121 -1.605074 87.03114
000074 -1.247131 -1.630673 88.18383
000075 -1.216671 -1.656163 89.33336
000076 -1.182745 -1.683163 90.48344
000077 -1.144128 -1.710419 91.63655
000078 -1.10175 -1.736086 92.79129
000079 -1.056015 -1.76065 93.94713
000080 -1.006119 -1.785071 95.10262
000081 -0.953966 -1.809543 96.25538
000082 -0.8975398 -1.834871 97.41317
000083 -0.8410031 -1.861916 98.57222
000084 -0.7820453 -1.891643 99.73968
000085 -0.7233569 -1.922457 100.9141
000086 -0.6655319 -1.953029 102.0947
000087 -0.6077182 -1.983093 103.2788
000088 -0.5505715 -2.012875 104.47
000089 -0.4977483 -2.041118 105.6679
000090 -0.4483272 -2.069739 106.8672
000091 -0.4053771 -2.098282 108.0719
000092 -0.3651076 -2.127 109.2786
000093 -0.3290753 -2.156853 110.4916
000094 -0.2985283 -2.185665 111.7073
000095 -0.2726718 -2.213402 112.9237
000096 -0.2537792 -2.240145 114.1425
000097 -0.2415523 -2.267804 115.3628
000098 -0.2340717 -2.29683 116.586
000099 -0.2325711 -2.327575 117.8116
000100 -0.2372931 -2.358001 119.0399
000101 -0.246444 -2.388148 120.2714
000102 -0.2562318 -2.417424 121.5013
000103 -0.2696789 -2.444635 122.7424
000104 -0.2835717 -2.4715 123.9829
000105 -0.2970155 -2.498919 125.2241
000106 -0.3168152 -2.521615 126.4702
000107 -0.336076 -2.543289 127.7202
000108 -0.3532043 -2.561295 128.9699
000109 -0.3704424 -2.578125 130.2201
000110 -0.384545 -2.59617 131.4756
000111 -0.3976226 -2.614808 132.7335
000112 -0.4133731 -2.631357 133.9959
000113 -0.4299121 -2.64614 135.2593
000114 -0.4438867 -2.660056 136.5226
000115 -0.4570556 -2.675992 137.7895
000116 -0.472057 -2.693213 139.0568
000117 -0.490815 -2.711316 140.3306
000118 -0.5099508 -2.728134 141.606
000119 -0.5316574 -2.744134 142.8802
000120 -0.5501461 -2.759529 144.153
000121 -0.5681071 -2.775354 145.4241
000122 -0.586224 -2.79483 146.694
000123 -0.6015689 -2.818864 147.9611
000124 -0.6184009 -2.844547 149.227
000125 -0.6344428 -2.875057 150.4924
000126 -0.6492857 -2.908757 151.7562
000127 -0.6669047 -2.939717 153.0248
000128 -0.6841745 -2.969914 154.2883
000129 -0.703475 -2.997619 155.5533
000130 -0.7212308 -3.024885 156.8169
000131 -0.7401339 -3.051707 158.0778
000132 -0.7581397 -3.079341 159.3422
000133 -0.7785169 -3.10733 160.6037
000134 -0.7989665 -3.135262 161.8641
000135 -0.8210143 -3.16234 163.1262
000136 -0.8448485 -3.191224 164.3903
000137 -0.8676072 -3.221845 165.6519
000138 -0.8915914 -3.252329 166.9143
000139 -0.9159259 -3.282708 168.1765
000140 -0.9418036 -3.313952 169.4414
000141 -0.9682551 -3.3446 170.7047
000142 -0.9957698 -3.373848 171.9707
000143 -1.024319 -3.402447 173.2343
000144 -1.053647 -3.431925 174.4983
000145 -1.083166 -3.461238 175.759
000146 -1.111965 -3.491932 177.0264
000147 -1.14094 -3.523533 178.2891
000148 -1.167498 -3.555449 179.5492
000149 -1.193384 -3.587083 180.8107
000150 -1.220912 -3.617217 182.0722
000151 -1.249819 -3.644685 183.3367
000152 -1.280267 -3.669131 184.5934
000153 -1.311919 -3.694209 185.8431
000154 -1.342768 -3.722358 187.0923
000155 -1.371475 -3.752664 188.3388
000156 -1.400872 -3.781861 189.5856
000157 -1.429913 -3.811043 190.8308
000158 -1.45692 -3.839753 192.0697
000159 -1.482347 -3.868861 193.3035
000160 -1.504387 -3.897568 194.5344
000161 -1.525428 -3.929306 195.761
000162 -1.54334 -3.962116 196.9816
000163 -1.561315 -3.994523 198.1987
000164 -1.577337 -4.025379 199.4115
000165 -1.593225 -4.055718 200.6192
000166 -1.607052 -4.084508 201.8207
000167 -1.619569 -4.112611 203.0155
000168 -1.629855 -4.142166 204.2033
000169 -1.639698 -4.168995 205.3821
000170 -1.649074 -4.196218 206.5525
000171 -1.655974 -4.223531 207.7094
000172 -1.663162 -4.25023 208.8522
000173 -1.670517 -4.277047 209.9818
000174 -1.680916 -4.301812 211.0937
000175 -1.692609 -4.32686 212.1907
000176 -1.705386 -4.351615 213.2749
000177 -1.717659 -4.376802 214.3453
000178 -1.730641 -4.402081 215.4046
000179 -1.744177 -4.426871 216.4482
000180 -1.758097 -4.450451 217.4854
000181 -1.775959 -4.472509 218.5077
000182 -1.796549 -4.494237 219.5114
000183 -1.82019 -4.513126 220.495
000184 -1.844527 -4.532452 221.4612
000185 -1.871601 -4.553298 222.4026
000186 -1.900504 -4.574348 223.3228
000187 -1.93108 -4.594192 224.2192
000188 -1.963226 -4.613875 225.0932
000189 -1.999321 -4.634336 225.9462
000190 -2.03611 -4.65549 226.7758
000191 -2.076063 -4.674144 227.5885
000192 -2.113952 -4.692285 228.382
000193 -2.149429 -4.710568 229.159
000194 -2.182836 -4.728951 229.9166
000195 -2.215172 -4.746558 230.6577
000196 -2.24791 -4.762455 231.3882
000197 -2.278813 -4.778921 232.1156
000198 -2.30914 -4.795655 232.8383
000199 -2.338553 -4.813178 233.56
000200 -2.3648 -4.830531 234.2776
000201 -2.389577 -4.847959 234.9915
000202 -2.414706 -4.864866 235.7021
000203 -2.437161 -4.881579 236.4085
000204 -2.45827 -4.896919 237.1116
000205 -2.475218 -4.912132 237.8114
000206 -2.489243 -4.929647 238.5076
000207 -2.501543 -4.947554 239.1999
000208 -2.511949 -4.965562 239.8878
000209 -2.520293 -4.98174 240.5753
000210 -2.528203 -4.99821 241.2639
000211 -2.534352 -5.01566 241.9573
000212 -2.538348 -5.032044 242.6535
000213 -2.543393 -5.04817 243.3559
000214 -2.545596 -5.064282 244.059
000215 -2.546852 -5.080295 244.7634
000216 -2.546619 -5.094783 245.4715
000217 -2.545576 -5.109038 246.1863
000218 -2.543734 -5.126143 246.9081
000219 -2.542056 -5.145191 247.6359
000220 -2.541896 -5.164585 248.3695
000221 -2.542204 -5.185382 249.1114
000222 -2.540944 -5.205979 249.8573
000223 -2.535403 -5.22737 250.61
000224 -2.529259 -5.246305 251.3708
000225 -2.529475 -5.263872 252.145
000226 -2.534412 -5.282956 252.9289
000227 -2.53173 -5.300222 253.716
000228 -2.522827 -5.316153 254.5107
000229 -2.516895 -5.328791 255.3056
000230 -2.508908 -5.345294 256.1119
000231 -2.495854 -5.364407 256.9296
000232 -2.476437 -5.385775 257.7578
000233 -2.451908 -5.406872 258.5928
000234 -2.426274 -5.425049 259.4295
000235 -2.401831 -5.445288 260.2685
000236 -2.377452 -5.467449 261.1028
000237 -2.347909 -5.488513 261.9398
000238 -2.315586 -5.509575 262.7787
000239 -2.282743 -5.533299 263.6212
000240 -2.249292 -5.557575 264.4631
000241 -2.211671 -5.580169 265.3026
000242 -2.169031 -5.601556 266.1456
000243 -2.120601 -5.622751 266.9886
000244 -2.070929 -5.642388 267.8345
000245 -2.020152 -5.662313 268.6821
000246 -1.972336 -5.683949 269.5293
000247 -1.923826 -5.705921 270.3816
000248 -1.875688 -5.726987 271.2341
000249 -1.829452 -5.750154 272.0891
000250 -1.783337 -5.773108 272.9432
000251 -1.741198 -5.793806 273.7954
000252 -1.700845 -5.814912 274.6511
000253 -1.660663 -5.835884 275.5035
000254 -1.622669 -5.858238 276.3544
000255 -1.585579 -5.879709 277.2037
000256 -1.550632 -5.901149 278.0516
000257 -1.517863 -5.921904 278.8967
000258 -1.489305 -5.941918 279.7354
000259 -1.466242 -5.96075 280.5687
000260 -1.447757 -5.978025 281.3897
000261 -1.431895 -5.99441 282.2031
000262 -1.419054 -6.010847 283.0036
000263 -1.412086 -6.026687 283.7879
000264 -1.411252 -6.04017 284.5553
000265 -1.414317 -6.053988 285.3052
000266 -1.417779 -6.069167 286.0359
000267 -1.423417 -6.085125 286.744
000268 -1.435822 -6.10138 287.4331
000269 -1.454441 -6.117454 288.1005
000270 -1.477649 -6.132605 288.7511
000271 -1.506373 -6.149396 289.389
000272 -1.545617 -6.167037 290.0173
000273 -1.597157 -6.182453 290.6281
000274 -1.665044 -6.196964 291.23
000275 -1.742378 -6.210196 291.8062
000276 -1.834488 -6.224247 292.379
000277 -1.942994 -6.237015 292.9374
000278 -2.067997 -6.247853 293.4679
000279 -2.209538 -6.257666 293.9981
000280 -2.367902 -6.271075 294.5121
000281 -2.543375 -6.28527 294.9879
000282 -2.739392 -6.297631 295.4667
000283 -2.949047 -6.307941 295.9018
000284 -3.178542 -6.314604 296.3492
000285 -3.425572 -6.32098 296.7828
000286 -3.687333 -6.328231 297.1641
000287 -3.968958 -6.33276 297.5634
000288 -4.268559 -6.336992 297.9439
000289 -4.586321 -6.339444 298.2617
000290 -4.922654 -6.345184 298.5997
000291 -5.270323 -6.347814 298.8694
000292 -5.635576 -6.343982 299.1672
000293 -6.014393 -6.339964 299.4337
000294 -6.404391 -6.33231 299.6092
000295 -6.808874 -6.331276 299.805
000296 -7.216405 -6.326098 299.9751
000297 -7.620091 -6.315633 300.0619
000298 -8.027228 -6.304576 300.1811
000299 -8.436151 -6.292308 300.22
000300 -8.849753 -6.282888 300.2873
000301 -9.270289 -6.271213 300.3291
000302 -9.696194 -6.256955 300.284
000303 -10.13605 -6.242546 300.2712
000304 -10.58129 -6.224323 300.2293
000305 -11.03111 -6.199526 300.097
000306 -11.48794 -6.178297 299.9941
000307 -11.94318 -6.15018 299.7982
000308 -12.40289 -6.123531 299.6328
000309 -12.8598 -6.094784 299.4338
000310 -13.3109 -6.063773 299.1429
000311 -13.7634 -6.028358 298.8742
000312 -14.21251 -5.989762 298.5219
000313 -14.66311 -5.950116 298.1811
000314 -15.11616 -5.913525 297.8016
000315 -15.56917 -5.871992 297.3601
000316 -16.02426 -5.830931 296.9179
000317 -16.47064 -5.783464 296.4013
000318 -16.90392 -5.737737 295.8766
000319 -17.32241 -5.692386 295.2843
000320 -17.72918 -5.645499 294.6844
000321 -18.12343 -5.596317 294.0467
000322 -18.50534 -5.550791 293.3496
000323 -18.87203 -5.509383 292.6362
000324 -19.21381 -5.47294 291.8625
000325 -19.53852 -5.435497 291.0794
000326 -19.84548 -5.397191 290.2408
000327 -20.12922 -5.364689 289.3905
000328 -20.38184 -5.330467 288.5047
000329 -20.61251 -5.29613 287.5677
000330 -20.81155 -5.265003 286.6208
000331 -20.97738 -5.231887 285.6322
000332 -21.11659 -5.198232 284.6297
000333 -21.22691 -5.169612 283.5931
000334 -21.30702 -5.143301 282.5205
000335 -21.35871 -5.118237 281.4312
000336 -21.38358 -5.092068 280.3112
000337 -21.37724 -5.068634 279.1733
000338 -21.34556 -5.044246 278.0075
000339 -21.28976 -5.02153 276.8295
000340 -21.20924 -5.001358 275.6388
000341 -21.11193 -4.983245 274.4313
000342 -21.0019 -4.965436 273.2075
000343 -20.88617 -4.946924 271.963
000344 -20.77685 -4.927465 270.705
000345 -20.66591 -4.906062 269.4279
000346 -20.55522 -4.883412 268.136
000347 -20.44759 -4.861751 266.8306
000348 -20.34586 -4.838516 265.5097
000349 -20.24967 -4.817703 264.1794
000350 -20.15628 -4.799526 262.8481
000351 -20.07085 -4.780284 261.5173
000352 -19.99327 -4.760491 260.1902
000353 -19.9213 -4.738614 258.8499
000354 -19.8553 -4.717988 257.5113
000355 -19.79675 -4.696286 256.1702
000356 -19.74591 -4.673674 254.8239
000357 -19.70344 -4.648388 253.4746
000358 -19.66817 -4.618642 252.1232
000359 -19.63934 -4.586765 250.7731
000360 -19.61368 -4.556415 249.4162
000361 -19.59029 -4.529158 248.0644
000362 -19.56928 -4.501374 246.706
000363 -19.55134 -4.473848 245.3382
000364 -19.538 -4.445003 243.9698
000365 -19.52666 -4.411335 242.5957
000366 -19.51383 -4.37826 241.2224
000367 -19.50318 -4.346093 239.8385
000368 -19.49325 -4.316996 238.4577
000369 -19.48099 -4.286446 237.0732
000370 -19.46668 -4.255713 235.6839
000371 -19.45014 -4.223798 234.2911
000372 -19.4304 -4.186692 232.8928
000373 -19.4066 -4.152924 231.4922
000374 -19.38129 -4.121142 230.0914
000375 -19.35555 -4.091351 228.6877
000376 -19.33238 -4.061083 227.2832
000377 -19.30936 -4.031202 225.8709
000378 -19.28821 -4.003413 224.4541
000379 -19.26526 -3.975161 223.0339
000380 -19.24098 -3.945563 221.6106
000381 -19.2149 -3.915755 220.1863
000382 -19.19066 -3.884537 218.7565
000383 -19.16474 -3.851913 217.3282
000384 -19.14051 -3.816692 215.8915
000385 -19.11492 -3.783819 214.4523
000386 -19.08395 -3.744539 213.0109
000387 -19.0532 -3.706671 211.5703
000388 -19.02208 -3.670204 210.1235
000389 -18.99038 -3.634175 208.6722
000390 -18.96021 -3.596747 207.2186
000391 -18.92786 -3.559153 205.7582
000392 -18.89614 -3.524788 204.2948
000393 -18.86476 -3.487637 202.8318
000394 -18.83712 -3.453039 201.3684
000395 -18.80904 -3.419171 199.9091
000396 -18.78081 -3.384783 198.4404
000397 -18.75193 -3.350644 196.9762
000398 -18.72357 -3.313855 195.5153
000399 -18.69718 -3.276436 194.0556
000400 -18.67123 -3.241513 192.6001
000401 -18.64803 -3.205048 191.1441
000402 -18.62849 -3.170622 189.6915
000403 -18.61037 -3.138275 188.2429
000404 -18.59411 -3.107703 186.7945
000405 -18.57686 -3.075839 185.3525
000406 -18.56047 -3.044236 183.9085
000407 -18.546 -3.011131 182.4687
000408 -18.5334 -2.977267 181.0316
000409 -18.52315 -2.942176 179.601
000410 -18.51524 -2.908289 178.1753
000411 -18.51072 -2.873542 176.7507
000412 -18.51025 -2.838653 175.3373
000413 -18.51326 -2.803213 173.9296
000414 -18.51829 -2.769552 172.5375
000415 -18.52671 -2.736025 171.1562
000416 -18.5371 -2.701364 169.7919
000417 -18.55169 -2.66695 168.4471
000418 -18.5681 -2.633527 167.1265
000419 -18.58704 -2.599237 165.8218
000420 -18.60503 -2.565877 164.539
000421 -18.62542 -2.533595 163.2792
000422 -18.64444 -2.502804 162.0471
000423 -18.66211 -2.473852 160.8371
000424 -18.68207 -2.447586 159.6532
000425 -18.70043 -2.422217 158.4929
000426 -18.71715 -2.396857 157.3598
000427 -18.73344 -2.370798 156.2503
000428 -18.74892 -2.347373 155.1689
000429 -18.76231 -2.322647 154.1173
000430 -18.7779 -2.297427 153.0881
000431 -18.79239 -2.274461 152.0873
000432 -18.80437 -2.252345 151.1111
000433 -18.81642 -2.23022 150.1621
000434 -18.82738 -2.209938 149.2397
000435 -18.83766 -2.187753 148.3393
000436 -18.84754 -2.164801 147.4612
000437 -18.85476 -2.144196 146.5989
000438 -18.86279 -2.123511 145.7538
000439 -18.87376 -2.100874 144.9223
000440 -18.88239 -2.078341 144.1037
000441 -18.88627 -2.059412 143.3024
000442 -18.89195 -2.042113 142.5198
000443 -18.90126 -2.02299 141.7522
000444 -18.90872 -2.005121 140.9929
000445 -18.91348 -1.989403 140.2422
000446 -18.91945 -1.974562 139.4994
000447 -18.92677 -1.960534 138.7654
000448 -18.93511 -1.944374 138.044
000449 -18.94438 -1.928158 137.3298
000450 -18.95464 -1.914991 136.6214
000451 -18.96431 -1.905325 135.917
000452 -18.97372 -1.895274 135.2161
000453 -18.97911 -1.881347 134.5169
000454 -18.98311 -1.86792 133.8197
000455 -18.99097 -1.854861 133.1238
000456 -19.00389 -1.83902 132.4286
000457 -19.0082 -1.829069 131.7402
000458 -19.00738 -1.823556 131.0599
000459 -19.01169 -1.813487 130.3774
000460 -19.02656 -1.799997 129.6926
000461 -19.02976 -1.790406 128.9952
000462 -19.02968 -1.783236 128.2867
000463 -19.03291 -1.773597 127.5639
000464 -19.03689 -1.762349 126.8317
000465 -19.04093 -1.751742 126.0904
000466 -19.0431 -1.739549 125.3386
000467 -19.0406 -1.721883 124.5754
000468 -19.03398 -1.704964 123.7928
000469 -19.02609 -1.689113 122.9911
000470 -19.01737 -1.671608 122.1724
000471 -19.00788 -1.651373 121.3372
000472 -18.99551 -1.630463 120.4889
000473 -18.9811 -1.606831 119.6223
000474 -18.96236 -1.583863 118.7404
000475 -18.94089 -1.56236 117.841
000476 -18.91249 -1.539442 116.9209
000477 -18.88164 -1.51858 115.9843
000478 -18.84566 -1.49574 115.0276
000479 -18.80738 -1.472691 114.0573
000480 -18.76261 -1.449607 113.0721
000481 -18.71096 -1.425819 112.0705
000482 -18.65467 -1.402779 111.0501
000483 -18.59273 -1.382089 110.0104
000484 -18.52665 -1.362588 108.9547
000485 -18.45845 -1.343346 107.8847
000486 -18.38974 -1.32609 106.7965
000487 -18.32377 -1.307555 105.6929
000488 -18.25676 -1.288139 104.5622
000489 -18.18725 -1.269054 103.4111
000490 -18.11737 -1.244731 102.2464
000491 -18.04504 -1.219976 101.074
000492 -17.972 -1.195663 99.88171
000493 -17.89756 -1.172886 98.67175
000494 -17.82503 -1.151222 97.4478
000495 -17.75374 -1.126795 96.20855
000496 -17.68421 -1.102525 94.95275
000497 -17.6127 -1.077492 93.67749
000498 -17.54366 -1.049972 92.39323
000499 -17.4771 -1.022258 91.09028
000500 -17.40999 -0.9990056 89.77477
000501 -17.35065 -0.9753403 88.45413
000502 -17.29334 -0.9584784 87.10974
000503 -17.23975 -0.9440549 85.73751
000504 -17.18834 -0.9218292 84.35171
000505 -17.13847 -0.8925921 82.95643
000506 -17.09087 -0.8621183 81.55322
000507 -17.04828 -0.8330614 80.12646
000508 -17.00912 -0.8053784 78.68382
000509 -16.97362 -0.7771295 77.22778
000510 -16.9389 -0.7478602 75.75752
000511 -16.90538 -0.7187593 74.28435
000512 -16.87364 -0.688618 72.80871
000513 -16.84487 -0.6588975 71.33452
000514 -16.82112 -0.6266962 69.86187
000515 -16.79851 -0.5936207 68.39401
000516 -16.77917 -0.561778 66.92462
000517 -16.76019 -0.5300473 65.45693
000518 -16.74127 -0.4983233 63.98723
000519 -16.72374 -0.4662392 62.52254
000520 -16.70738 -0.4342216 61.05928
000521 -16.69261 -0.4028967 59.5885
000522 -16.67728 -0.3696661 58.11853
000523 -16.66067 -0.331875 56.651
000524 -16.64289 -0.2928006 55.18855
000525 -16.62286 -0.2553499 53.73519
000526 -16.60088 -0.2238776 52.27704
000527 -16.57777 -0.1950878 50.82074
000528 -16.55446 -0.1667537 49.36683
000529 -16.53154 -0.1361189 47.91138
000530 -16.5059 -0.1018661 46.46111
000531 -16.47825 -0.06682977 45.01382
000532 -16.45171 -0.03390796 43.57573
000533 -16.42535 -0.004286154 42.13696
000534 -16.40183 0.02267275 40.69789
000535 -16.38003 0.0513988 39.26177
000536 -16.35679 0.08060552 37.82483
000537 -16.33245 0.1118254 36.39684
000538 -16.30758 0.1414094 34.97003
000539 -16.28474 0.1706823 33.54441
000540 -16.264 0.1998713 32.12471
000541 -16.24608 0.2279988 30.70783
000542 -16.22987 0.257281 29.28474
000543 -16.21276 0.2860073 27.8676
000544 -16.19488 0.3156601 26.45737
000545 -16.17482 0.3455316 25.05017
000546 -16.15363 0.3743586 23.6461
000547 -16.13407 0.4041376 22.24839
000548 -16.11623 0.4323654 20.85659
000549 -16.10044 0.4615578 19.47255
000550 -16.08658 0.4926781 18.08843
000551 -16.07258 0.5236603 16.70842
000552 -16.0573 0.5539333 15.33299
000553 -16.04039 0.5822458 13.9623
000554 -16.01956 0.6052059 12.59501
000555 -15.99987 0.6277813 11.22152
000556 -15.98184 0.653636 9.852998
000557 -15.96753 0.6821976 8.487382
000558 -15.95764 0.7126679 7.122797
000559 -15.94956 0.7443265 5.763789
000560 -15.93877 0.7787213 4.400318
000561 -15.9259 0.8125999 3.038918
000562 -15.90918 0.8446651 1.676097
000563 -15.88963 0.8754178 0.3089439
000564 -15.87121 0.9045038 -1.063172
000565 -15.85397 0.9332548 -2.436523
000566 -15.83843 0.9601236 -3.813595
000567 -15.8232 0.9870965 -5.192326
000568 -15.80825 1.014088 -6.57647
000569 -15.79123 1.041956 -7.966034
000570 -15.7739 1.070725 -9.357139
000571 -15.75586 1.10059 -10.75522
000572 -15.73852 1.129671 -12.14993
000573 -15.72233 1.159922 -13.54746
000574 -15.70577 1.188722 -14.95103
000575 -15.6909 1.214563 -16.35914
000576 -15.67519 1.238904 -17.76435
000577 -15.65947 1.258378 -19.17351
000578 -15.64353 1.279114 -20.58415
000579 -15.62986 1.298206 -22.00393
000580 -15.61782 1.320134 -23.42439
000581 -15.60601 1.342475 -24.84504
000582 -15.59027 1.362532 -26.26783
000583 -15.57331 1.381668 -27.68798
000584 -15.55401 1.401278 -29.11536
000585 -15.53676 1.423844 -30.54783
000586 -15.5214 1.450596 -31.97309
000587 -15.50772 1.474487 -33.39613
000588 -15.49326 1.496909 -34.81999
000589 -15.47662 1.519635 -36.24448
000590 -15.46088 1.542757 -37.66558
000591 -15.4441 1.566849 -39.08217
000592 -15.42668 1.593713 -40.49901
000593 -15.40927 1.621146 -41.91388
000594 -15.39245 1.647343 -43.32259
000595 -15.37523 1.670185 -44.72465
000596 -15.35699 1.68978 -46.13041
000597 -15.33783 1.710257 -47.53795
000598 -15.3171 1.733637 -48.94398
000599 -15.29715 1.757778 -50.3466
000600 -15.27696 1.78328 -51.7485
000601 -15.25676 1.808697 -53.15272
000602 -15.23749 1.833987 -54.54794
000603 -15.21771 1.859642 -55.9495
000604 -15.19945 1.883021 -57.35212
000605 -15.1841 1.905888 -58.75141
000606 -15.17008 1.927806 -60.15069
000607 -15.15697 1.949198 -61.54936
000608 -15.14226 1.969588 -62.95149
000609 -15.12801 1.98995 -64.35076
000610 -15.11338 2.0103 -65.75074
000611 -15.10121 2.031551 -67.14653
000612 -15.09141 2.052437 -68.53878
000613 -15.08303 2.071234 -69.93462
000614 -15.07453 2.08736 -71.32326
000615 -15.06438 2.102811 -72.70839
000616 -15.05383 2.117081 -74.09527
000617 -15.04316 2.130723 -75.47624
000618 -15.03084 2.146554 -76.85642
000619 -15.01678 2.16346 -78.22646
000620 -14.99833 2.179823 -79.59325
000621 -14.9793 2.191194 -80.9536
000622 -14.95957 2.200916 -82.31728
000623 -14.94128 2.214391 -83.68053
000624 -14.92467 2.232509 -85.03495
000625 -14.90817 2.250863 -86.38401
000626 -14.89187 2.268643 -87.72673
000627 -14.87398 2.282365 -89.0704
000628 -14.85657 2.296993 -90.40801
000629 -14.83919 2.311152 -91.74112
000630 -14.82426 2.326927 -93.07672
000631 -14.81076 2.341502 -94.40039
000632 -14.79798 2.357904 -95.72436
000633 -14.78703 2.374193 -97.04551
000634 -14.77603 2.389834 -98.36341
000635 -14.76703 2.407843 -99.6766
000636 -14.75854 2.426874 -100.9838
000637 -14.75176 2.444391 -102.2903
000638 -14.7441 2.462669 -103.5926
000639 -14.7396 2.480363 -104.892
000640 -14.73425 2.498308 -106.1858
000641 -14.73066 2.514949 -107.4728
000642 -14.72824 2.530663 -108.7629
000643 -14.72729 2.547386 -110.0459
000644 -14.72555 2.56369 -111.3291
000645 -14.72479 2.582153 -112.6054
000646 -14.72153 2.600374 -113.8771
000647 -14.7196 2.617244 -115.1477
000648 -14.7178 2.634202 -116.4111
000649 -14.71582 2.650909 -117.6691
000650 -14.71284 2.667793 -118.9238
000651 -14.70983 2.685657 -120.1734
000652 -14.70566 2.703911 -121.4141
000653 -14.70294 2.719941 -122.6449
000654 -14.70054 2.735913 -123.8671
000655 -14.69881 2.751503 -125.0815
000656 -14.6983 2.767801 -126.2871
000657 -14.69852 2.784821 -127.4852
000658 -14.70118 2.801395 -128.6704
000659 -14.70614 2.817529 -129.8453
000660 -14.71233 2.833172 -131.0089
000661 -14.71896 2.848691 -132.1621
000662 -14.72488 2.863999 -133.2996
000663 -14.73334 2.880267 -134.4174
000664 -14.74314 2.895211 -135.514
000665 -14.74619 2.913166 -136.5942
000666 -14.75233 2.928943 -137.6542
000667 -14.75847 2.946711 -138.6869
000668 -14.76466 2.964758 -139.6957
000669 -14.77357 2.979529 -140.6763
000670 -14.78487 2.993256 -141.6311
000671 -14.79743 3.006784 -142.5562
000672 -14.80845 3.020005 -143.4522
000673 -14.81802 3.032842 -144.3211
000674 -14.8233 3.044707 -145.155
000675 -14.81877 3.055661 -145.9633
000676 -14.79757 3.065594 -146.7445
000677 -14.75456 3.071965 -147.4992
000678 -14.68816 3.079106 -148.2245
000679 -14.59929 3.086043 -148.926
000680 -14.49202 3.08883 -149.5947
000681 -14.3642 3.087775 -150.225
000682 -14.21312 3.08933 -150.8335
000683 -14.03648 3.090778 -151.4162
000684 -13.83342 3.086577 -151.9504
000685 -13.60854 3.07671 -152.4769
000686 -13.36041 3.06086 -152.9502
000687 -13.08243 3.04676 -153.424
000688 -12.77723 3.032264 -153.8743
000689 -12.44653 3.015235 -154.2672
000690 -12.0933 2.992923 -154.6664
000691 -11.71655 2.969218 -155.0328
000692 -11.31815 2.947184 -155.331
000693 -10.90107 2.926439 -155.6301
000694 -10.46589 2.901563 -155.8564
000695 -10.02043 2.872763 -156.0826
000696 -9.567123 2.844586 -156.2778
000697 -9.106293 2.815747 -156.4059
000698 -8.642035 2.787238 -156.5389
000699 -8.174402 2.7555 -156.6351
000700 -7.699412 2.722687 -156.6631
000701 -7.221458 2.690343 -156.6903
000702 -6.734167 2.665011 -156.651
000703 -6.24316 2.64127 -156.6171
000704 -5.751237 2.615199 -156.5444
000705 -5.261917 2.593307 -156.3936
000706 -4.779011 2.569364 -156.2439
000707 -4.305429 2.552946 -156.0244
000708 -3.838336 2.542408 -155.8078
000709 -3.375344 2.534833 -155.5541
000710 -2.922418 2.530704 -155.2209
000711 -2.480572 2.522617 -154.8906
000712 -2.057963 2.510377 -154.4839
000713 -1.653879 2.499815 -154.0795
000714 -1.268487 2.493093 -153.6401
000715 -0.8983582 2.487045 -153.1409
000716 -0.5510777 2.478814 -152.6325
000717 -0.2261366 2.467171 -152.0606
000718 0.06230717 2.456904 -151.4836
000719 0.323482 2.446327 -150.8797
000720 0.5523554 2.433161 -150.2166
000721 0.7484821 2.422189 -149.5497
000722 0.9129124 2.410623 -148.838
000723 1.04825 2.40293 -148.1125
000724 1.163229 2.393425 -147.3483
000725 1.265054 2.383452 -146.5668
000726 1.348496 2.371923 -145.7604
000727 1.40767 2.359471 -144.9267
000728 1.44478 2.346915 -144.0738
000729 1.463451 2.332663 -143.1977
000730 1.469675 2.319985 -142.3032
000731 1.468738 2.305914 -141.3867
000732 1.471319 2.290968 -140.4509
000733 1.479967 2.274698 -139.4923
000734 1.489345 2.260154 -138.5154
000735 1.499366 2.246738 -137.5181
000736 1.504842 2.234017 -136.5045
000737 1.505414 2.220167 -135.4735
000738 1.504501 2.205688 -134.4219
000739 1.503329 2.190202 -133.3518
000740 1.501627 2.17614 -132.2648
000741 1.49856 2.159629 -131.1603
000742 1.49165 2.144473 -130.039
000743 1.48238 2.128143 -128.8996
000744 1.470024 2.111152 -127.7441
000745 1.458443 2.092643 -126.5764
000746 1.447721 2.073753 -125.3883
000747 1.436723 2.053638 -124.185
000748 1.426398 2.032685 -122.9654
000749 1.41804 2.009877 -121.7344
000750 1.413177 1.9844 -120.4917
000751 1.410381 1.956743 -119.2315
000752 1.407398 1.927293 -117.9509
000753 1.405768 1.897027 -116.6572
000754 1.402662 1.864276 -115.3483
000755 1.396732 1.832056 -114.0291
000756 1.385028 1.800206 -112.695
000757 1.369687 1.767521 -111.3405
000758 1.351798 1.734254 -109.9726
000759 1.330549 1.700357 -108.5928
000760 1.30829 1.668467 -107.2003
000761 1.284827 1.635925 -105.7911
000762 1.259616 1.601652 -104.3679
000763 1.230259 1.565326 -102.9321
000764 1.202212 1.530047 -101.4787
000765 1.170075 1.495851 -100.0076
000766 1.142136 1.46328 -98.52911
000767 1.115543 1.436157 -97.02601
000768 1.089274 1.41068 -95.51571
000769 1.062982 1.390693 -94.00229
000770 1.036568 1.374673 -92.49143
000771 1.009148 1.361424 -90.98226
000772 0.984734 1.348472 -89.47609
000773 0.9616474 1.333401 -87.97323
000774 0.9399983 1.316473 -86.4669
000775 0.9191412 1.298308 -84.96724
000776 0.8995469 1.282847 -83.45436
000777 0.8834484 1.268237 -81.9495
000778 0.8679533 1.25271 -80.44554
000779 0.8520469 1.234831 -78.9424
000780 0.8381739 1.219714 -77.4396
000781 0.8255732 1.207956 -75.93444
000782 0.8134235 1.199179 -74.432
000783 0.8003155 1.189369 -72.93636
000784 0.7849788 1.176896 -71.44336
000785 0.763954 1.1606 -69.956
000786 0.7450432 1.144297 -68.4626
000787 0.7252411 1.128317 -66.97132
000788 0.710763 1.111896 -65.48911
000789 0.6946295 1.096104 -64.00515
000790 0.6777408 1.080622 -62.52551
000791 0.6587746 1.067484 -61.04536
000792 0.6370383 1.049226 -59.57557
000793 0.6135026 1.030981 -58.10346
000794 0.5856644 1.015669 -56.62762
000795 0.5571177 1.005763 -55.1606
000796 0.5253982 0.9957028 -53.69802
000797 0.4907091 0.9846881 -52.23668
000798 0.4561315 0.9709516 -50.77854
000799 0.4235407 0.9558653 -49.32287
000800 0.3928533 0.9391869 -47.8694
000801 0.3621644 0.9230089 -46.41797
000802 0.3335672 0.9069681 -44.96842
000803 0.3070324 0.8911135 -43.52559
000804 0.2806278 0.8754699 -42.07912
000805 0.254373 0.8594365 -40.63656
000806 0.2281179 0.8436096 -39.19717
000807 0.202969 0.8253285 -37.76252
000808 0.1777994 0.806336 -36.32796
000809 0.1537249 0.7865138 -34.89508
000810 0.132669 0.7682861 -33.46381
000811 0.1133742 0.7522313 -32.03604
000812 0.09746084 0.735284 -30.61396
000813 0.0848288 0.7168959 -29.19399
000814 0.07224084 0.6980984 -27.77753
000815 0.06062565 0.6785993 -26.35596
000816 0.05256871 0.6586934 -24.94768
000817 0.04390241 0.6329309 -23.54342
000818 0.03720921 0.6021743 -22.13989
000819 0.03232865 0.5653751 -20.73844
000820 0.02925888 0.5295576 -19.34063
000821 0.02669736 0.4947389 -17.94366
000822 0.02516131 0.4624741 -16.55026
000823 0.02416042 0.4312538 -15.16614
000824 0.02354535 0.3987551 -13.78259
000825 0.02158789 0.3670075 -12.40382
000826 0.01528089 0.3343854 -11.02737
000827 0.008955879 0.3016035 -9.654739
000828 -0.000536566 0.2716196 -8.285137
000829 -0.009785478 0.2414501 -6.914129
000830 -0.0204447 0.2108318 -5.548032
000831 -0.0311414 0.1812868 -4.183286
000832 -0.04437224 0.1473329 -2.818515
000833 -0.05789727 0.1134699 -1.456295
000834 -0.07289734 0.07816926 -0.09070031
000835 -0.08864261 0.04590358 1.269419
000836 -0.1031707 0.0117715 2.629005
000837 -0.1175645 -0.02016324 3.988036
000838 -0.1318827 -0.0534628 5.344099
000839 -0.1458828 -0.08812058 6.704415
000840 -0.1601769 -0.1221722 8.059835
000841 -0.175095 -0.1546373 9.415895
000842 -0.1926087 -0.1870422 10.77107
000843 -0.2081545 -0.2207459 12.12317
000844 -0.223104 -0.2534493 13.47733
000845 -0.235533 -0.2892015 14.83032
000846 -0.2482197 -0.3237106 16.18093
000847 -0.2588532 -0.3582793 17.53356
000848 -0.2709142 -0.3936047 18.88305
000849 -0.2833573 -0.4284891 20.2333
000850 -0.2952092 -0.463001 21.58016
000851 -0.3094675 -0.4966128 22.92653
000852 -0.3233764 -0.5315032 24.27308
000853 -0.3380715 -0.5652421 25.61353
000854 -0.3534582 -0.5991642 26.95489
000855 -0.3674572 -0.630802 28.29306
000856 -0.3836725 -0.6611411 29.62384
000857 -0.3976799 -0.6925713 30.9509
000858 -0.4139985 -0.7240355 32.28248
000859 -0.4270073 -0.7566562 33.60651
000860 -0.4397568 -0.7887161 34.92691
000861 -0.4515375 -0.8206355 36.24336
000862 -0.4615286 -0.8517037 37.55497
000863 -0.4718552 -0.882457 38.86652
000864 -0.4839122 -0.9115305 40.17377
000865 -0.4974895 -0.9403596 41.48016
000866 -0.5125043 -0.9685698 42.77845
000867 -0.5346231 -0.9956525 44.07602
000868 -0.5552041 -1.019285 45.37317
000869 -0.5782583 -1.038533 46.6701
000870 -0.5999916 -1.053627 47.96111
000871 -0.6230983 -1.066505 49.24944
000872 -0.6456359 -1.075808 50.52765
000873 -0.6740058 -1.087279 51.81041
000874 -0.7020633 -1.100738 53.08722
000875 -0.7311397 -1.115793 54.3609
000876 -0.7624769 -1.130431 55.62948
000877 -0.7942812 -1.144783 56.90157
000878 -0.8268987 -1.159941 58.17085
000879 -0.8597866 -1.174664 59.43408
000880 -0.8950914 -1.188757 60.69463
000881 -0.9282884 -1.203865 61.94931
000882 -0.9621792 -1.218811 63.2074
000883 -0.9961734 -1.23409 64.45843
000884 -1.031828 -1.250518 65.71017
000885 -1.068654 -1.267809 66.9537
000886 -1.107414 -1.284607 68.19143
000887 -1.148265 -1.303043 69.43308
000888 -1.188155 -1.321203 70.66875
000889 -1.227083 -1.338073 71.90028
000890 -1.261385 -1.354666 73.12719
000891 -1.293464 -1.370635 74.34109
000892 -1.318225 -1.387753 75.54359
000893 -1.337076 -1.406295 76.72276
000894 -1.359396 -1.424263 77.88694
000895 -1.377966 -1.443308 79.03738
000896 -1.3923 -1.459771 80.1599
000897 -1.402951 -1.475612 81.26768
000898 -1.407266 -1.495464 82.36682
000899 -1.406566 -1.518542 83.4619
000900 -1.402636 -1.542197 84.55751
000901 -1.397294 -1.566145 85.65524
000902 -1.394094 -1.587213 86.75113
000903 -1.391329 -1.608126 87.83653
000904 -1.385563 -1.630039 88.91917
000905 -1.3802 -1.654701 89.99811
000906 -1.372397 -1.681009 91.07568
000907 -1.363832 -1.705257 92.14962
000908 -1.356111 -1.726171 93.21864
000909 -1.348852 -1.747689 94.28214
000910 -1.343107 -1.769082 95.34468
000911 -1.341283 -1.790649 96.39851
000912 -1.346362 -1.812458 97.45206
000913 -1.357998 -1.835038 98.50801
000914 -1.375059 -1.861895 99.57007
000915 -1.397412 -1.887691 100.6364
000916 -1.426691 -1.913252 101.7103
000917 -1.463118 -1.9392 102.7874
000918 -1.507808 -1.964419 103.8682
000919 -1.561792 -1.988222 104.9566
000920 -1.62272 -2.010967 106.0502
000921 -1.686244 -2.034406 107.1475
000922 -1.748773 -2.056669 108.2514
000923 -1.806035 -2.079756 109.3616
000924 -1.855701 -2.102084 110.4821
000925 -1.897032 -2.123092 111.6084
000926 -1.928092 -2.145152 112.7436
000927 -1.949092 -2.166434 113.8811
000928 -1.958712 -2.18791 115.0263
000929 -1.956136 -2.210288 116.1788
000930 -1.940135 -2.235787 117.3414
000931 -1.913209 -2.261146 118.5076
000932 -1.87627 -2.286958 119.6839
000933 -1.83308 -2.31212 120.8659
000934 -1.781388 -2.338144 122.056
000935 -1.725066 -2.362701 123.2581
000936 -1.665951 -2.387598 124.4659
000937 -1.602097 -2.410925 125.6836
000938 -1.529042 -2.432251 126.9096
000939 -1.45419 -2.455779 128.1428
000940 -1.374919 -2.480551 129.3864
000941 -1.29261 -2.504395 130.6411
000942 -1.212752 -2.530425 131.9105
000943 -1.135332 -2.552624 133.1888
000944 -1.063477 -2.571936 134.4809
000945 -0.9982536 -2.593743 135.7808
000946 -0.9419915 -2.613858 137.0887
000947 -0.8957984 -2.63369 138.414
000948 -0.86007 -2.654048 139.7491
000949 -0.8326782 -2.674907 141.0912
000950 -0.8166247 -2.693332 142.4513
000951 -0.8082126 -2.711653 143.8175
000952 -0.8063071 -2.728963 145.1909
000953 -0.8107742 -2.750987 146.5742
000954 -0.8181994 -2.779541 147.9621
000955 -0.8311338 -2.811042 149.3663
000956 -0.8465134 -2.846681 150.7791
000957 -0.8636978 -2.884423 152.2017
000958 -0.8818614 -2.922677 153.6297
000959 -0.903141 -2.959476 155.0655
000960 -0.9252286 -2.995496 156.5082
000961 -0.9505879 -3.030265 157.949
000962 -0.9765171 -3.064935 159.3917
000963 -1.007339 -3.096653 160.8317
000964 -1.039444 -3.129506 162.2714
000965 -1.075629 -3.162047 163.7088
000966 -1.112662 -3.196968 165.1447
000967 -1.150964 -3.232057 166.5807
000968 -1.188887 -3.267867 168.0142
000969 -1.225583 -3.303343 169.4545
000970 -1.262468 -3.337774 170.8876
000971 -1.297634 -3.371687 172.3194
000972 -1.333194 -3.40556 173.7467
000973 -1.366304 -3.44042 175.1688
000974 -1.398479 -3.475354 176.5929
000975 -1.427528 -3.511715 178.0112
000976 -1.453391 -3.547073 179.4251
000977 -1.476326 -3.583634 180.8386
000978 -1.498241 -3.619675 182.2502
000979 -1.51887 -3.652469 183.6608
000980 -1.539735 -3.680137 185.0616
000981 -1.559212 -3.708117 186.4556
000982 -1.576113 -3.742055 187.8484
000983 -1.590302 -3.777663 189.2418
000984 -1.603074 -3.811744 190.6344
000985 -1.613327 -3.843743 192.0206
000986 -1.623756 -3.875123 193.4008
000987 -1.633867 -3.905876 194.7764
000988 -1.645539 -3.93893 196.1509
000989 -1.657445 -3.973595 197.5229
000990 -1.669867 -4.009132 198.8896
000991 -1.682304 -4.042827 200.2547
000992 -1.694878 -4.074851 201.611
000993 -1.705984 -4.106859 202.9698
000994 -1.717412 -4.139885 204.3226
000995 -1.727574 -4.171862 205.6689
000996 -1.737778 -4.204811 207.0122
000997 -1.746442 -4.238781 208.3506
000998 -1.757196 -4.270954 209.6908
000999 -1.768399 -4.303818 211.0251
001000 -1.780005 -4.335485 212.3505
001001 -1.792488 -4.366042 213.6668
001002 -1.802728 -4.397364 214.9667
001003 -1.814957 -4.428604 216.2478
001004 -1.826714 -4.458316 217.5072
001005 -1.842513 -4.486884 218.7426
001006 -1.859734 -4.515014 219.9508
001007 -1.87789 -4.540479 221.1287
001008 -1.895168 -4.569335 222.2852
001009 -1.917244 -4.598297 223.4108
001010 -1.94167 -4.625178 224.5051
001011 -1.971966 -4.651833 225.5672
001012 -2.004581 -4.679495 226.6035
001013 -2.040151 -4.706339 227.6035
001014 -2.073778 -4.731016 228.5742
001015 -2.106014 -4.755443 229.5125
001016 -2.139617 -4.778138 230.4146
001017 -2.17419 -4.799162 231.2868
001018 -2.207888 -4.818374 232.1263
001019 -2.243669 -4.838575 232.9333
001020 -2.280068 -4.860372 233.7189
001021 -2.314971 -4.881633 234.4921
001022 -2.346879 -4.903083 235.2654
001023 -2.372559 -4.923693 236.0372
001024 -2.391165 -4.943065 236.8075
001025 -2.40634 -4.961684 237.5762
001026 -2.42154 -4.979606 238.3384
001027 -2.438172 -4.997815 239.1021
001028 -2.449188 -5.01612 239.8593
001029 -2.457471 -5.032857 240.6138
001030 -2.464848 -5.049016 241.3652
001031 -2.471118 -5.064022 242.113
001032 -2.47794 -5.076752 242.8585
001033 -2.481229 -5.090455 243.6012
001034 -2.485941 -5.103671 244.3383
001035 -2.487604 -5.118722 245.0752
001036 -2.493249 -5.131839 245.8164
001037 -2.49473 -5.147361 246.5623
001038 -2.497272 -5.164438 247.3157
001039 -2.498606 -5.182585 248.0723
001040 -2.503085 -5.199298 248.8329
001041 -2.506486 -5.218219 249.5991
001042 -2.508505 -5.237784 250.3665
001043 -2.505563 -5.256841 251.1395
001044 -2.503453 -5.273084 251.9216
001045 -2.508541 -5.289235 252.7116
001046 -2.507121 -5.306929 253.5088
001047 -2.498934 -5.321532 254.3037
001048 -2.491981 -5.336196 255.099
001049 -2.485561 -5.351123 255.9
001050 -2.475778 -5.3702 256.7068
001051 -2.461593 -5.39272 257.5259
001052 -2.442073 -5.414196 258.3481
001053 -2.418788 -5.432422 259.1759
001054 -2.398099 -5.451575 260.0072
001055 -2.3794 -5.472421 260.8436
001056 -2.357178 -5.492976 261.6878
001057 -2.331649 -5.513461 262.5408
001058 -2.305211 -5.536213 263.4078
001059 -2.278446 -5.560785 264.2827
001060 -2.24888 -5.58502 265.167
001061 -2.217026 -5.60834 266.0593
001062 -2.181048 -5.632766 266.9604
001063 -2.144562 -5.657825 267.8693
001064 -2.107091 -5.684566 268.7872
001065 -2.072995 -5.710527 269.7117
001066 -2.039857 -5.735484 270.6435
001067 -2.008137 -5.759967 271.578
001068 -1.977183 -5.786935 272.5156
001069 -1.948577 -5.813039 273.4511
001070 -1.923694 -5.837506 274.3868
001071 -1.903306 -5.862752 275.322
001072 -1.886301 -5.888992 276.2556
001073 -1.871958 -5.914599 277.1894
001074 -1.860171 -5.940087 278.1217
001075 -1.850165 -5.965237 279.0549
001076 -1.84113 -5.989292 279.9822
001077 -1.834878 -6.011766 280.9067
001078 -1.829538 -6.033194 281.8284
001079 -1.824423 -6.05424 282.7472
001080 -1.820378 -6.076007 283.6626
001081 -1.819188 -6.097253 284.5738
001082 -1.820078 -6.118356 285.4729
001083 -1.821293 -6.140076 286.3559
001084 -1.824665 -6.162957 287.2165
001085 -1.831132 -6.186044 288.0602
001086 -1.835812 -6.20897 288.8905
001087 -1.838573 -6.232745 289.7169
001088 -1.841599 -6.257807 290.5416
001089 -1.843827 -6.281585 291.3657
001090 -1.844053 -6.305431 292.1857
001091 -1.843243 -6.332348 293.0004
001092 -1.840209 -6.360716 293.8122
001093 -1.836186 -6.387429 294.6199
001094 -1.829836 -6.414405 295.4284
001095 -1.823832 -6.440313 296.2317
001096 -1.81794 -6.46419 297.0309
001097 -1.814744 -6.486179 297.8283
001098 -1.812035 -6.506511 298.6243
001099 -1.809517 -6.524789 299.4226
001100 -1.807621 -6.541554 300.2232
