000000 0.0 0.0 0.0
000001 -0.004596714 -0.002001524 0.09154274
000002 -0.01001116 -0.004359704 0.1857373
000003 -0.01753371 -0.006859665 0.2834672
000004 -0.02863192 -0.00672666 0.38731
000005 -0.04273697 -0.007303015 0.5011396
000006 -0.06000009 -0.008065471 0.6279359
000007 -0.08275693 -0.008995 0.7669396
000008 -0.1090497 -0.01033982 0.9191805
000009 -0.1415335 -0.01195088 1.081913
000010 -0.1816057 -0.01604515 1.251378
000011 -0.2325643 -0.02265364 1.425643
000012 -0.293459 -0.03116429 1.60414
000013 -0.3616512 -0.03933357 1.78864
000014 -0.4366243 -0.04313507 1.979231
000015 -0.5224919 -0.04573638 2.17302
000016 -0.620094 -0.04902232 2.368741
000017 -0.7248452 -0.05140743 2.565689
000018 -0.8394934 -0.05397789 2.758285
000019 -0.9687591 -0.05101001 2.950416
000020 -1.103633 -0.04676236 3.142085
000021 -1.242764 -0.04292676 3.333105
000022 -1.392475 -0.04238966 3.523028
000023 -1.564446 -0.04491985 3.706267
000024 -1.761568 -0.04899414 3.880703
000025 -1.969361 -0.05141144 4.049498
000026 -2.187835 -0.05358748 4.215884
000027 -2.415527 -0.05318918 4.382391
000028 -2.663146 -0.05287039 4.540774
000029 -2.929115 -0.05283789 4.68768
000030 -3.215512 -0.0513893 4.824434
000031 -3.517839 -0.04877551 4.948178
000032 -3.836955 -0.04505658 5.057271
000033 -4.17713 -0.03878842 5.153468
000034 -4.534335 -0.03325067 5.233794
000035 -4.911075 -0.02945435 5.302451
000036 -5.299329 -0.02697748 5.360943
000037 -5.701357 -0.02303083 5.401694
000038 -6.122091 -0.01604266 5.42129
000039 -6.558994 -0.005757046 5.427674
000040 -7.009091 0.006191584 5.424017
000041 -7.473426 0.01625113 5.410697
000042 -7.950411 0.02306424 5.389282
000043 -8.444612 0.03066422 5.353644
000044 -8.953007 0.04057477 5.310729
000045 -9.480377 0.05248992 5.263869
000046 -10.02302 0.06141731 5.211227
000047 -10.57921 0.06596199 5.153075
000048 -11.15274 0.06936405 5.08836
000049 -11.73941 0.07855473 5.02588
000050 -12.34412 0.09123047 4.964841
000051 -12.96427 0.1026715 4.901812
000052 -13.60015 0.1095163 4.835681
000053 -14.25164 0.1178242 4.767225
000054 -14.91341 0.1296149 4.697363
000055 -15.59372 0.1450798 4.629999
000056 -16.29098 0.1622254 4.563302
000057 -17.00478 0.1770188 4.49463
000058 -17.73322 0.1905594 4.426532
000059 -18.47183 0.2092753 4.359249
000060 -19.22427 0.2305555 4.290984
000061 -19.98833 0.2503189 4.223122
000062 -20.7731 0.2703516 4.161929
000063 -21.56448 0.2880249 4.100217
000064 -22.36419 0.3062236 4.035961
000065 -23.16415 0.3216152 3.971019
000066 -23.9695 0.3342058 3.90897
000067 -24.78947 0.3492536 3.849052
000068 -25.61886 0.3615096 3.786079
000069 -26.46136 0.3717697 3.716343
000070 -27.30755 0.3854991 3.644752
000071 -28.15287 0.4028815 3.569541
000072 -28.99762 0.4194172 3.492898
000073 -29.83721 0.4370064 3.41846
000074 -30.67424 0.4566603 3.346046
000075 -31.51586 0.4763855 3.27199
000076 -32.35442 0.4917256 3.198821
000077 -33.19517 0.5076454 3.123626
000078 -34.02626 0.5241899 3.051261
000079 -34.86004 0.5386702 2.980358
000080 -35.69639 0.550032 2.910621
000081 -36.53345 0.5579548 2.843137
000082 -37.37375 0.5707777 2.77507
000083 -38.21476 0.5878615 2.706985
000084 -39.04918 0.6055646 2.638855
000085 -39.88167 0.6246496 2.572257
000086 -40.71171 0.6464858 2.504806
000087 -41.5384 0.6640169 2.436154
000088 -42.3652 0.6807227 2.363072
000089 -43.19143 0.6977483 2.290205
000090 -44.01519 0.7092788 2.223683
000091 -44.83883 0.7206987 2.160908
000092 -45.66121 0.7331961 2.096619
000093 -46.48335 0.7434451 2.028253
000094 -47.30744 0.7534145 1.959122
000095 -48.12333 0.7646921 1.890493
000096 -48.93314 0.7767209 1.820295
000097 -49.73553 0.7874193 1.740695
000098 -50.53252 0.7989932 1.659366
000099 -51.32871 0.8126433 1.575304
000100 -52.12276 0.8219496 1.493752
000101 -52.9159 0.8317695 1.416807
000102 -53.70196 0.8419538 1.337479
000103 -54.484 0.8494927 1.258994
000104 -55.26303 0.8601357 1.184702
000105 -56.03808 0.8696735 1.110756
000106 -56.81074 0.8820234 1.032637
000107 -57.5746 0.8957003 0.956539
000108 -58.33039 0.9106542 0.883063
000109 -59.07759 0.9234551 0.8100074
000110 -59.8104 0.9337799 0.7359683
000111 -60.53658 0.9432177 0.6623665
000112 -61.24548 0.9508013 0.5919478
000113 -61.94033 0.9565112 0.5237598
000114 -62.62022 0.960729 0.4617179
000115 -63.28551 0.9654748 0.4088407
000116 -63.93546 0.9696725 0.3622951
000117 -64.57047 0.974213 0.3201877
000118 -65.18991 0.9801827 0.2859581
000119 -65.79136 0.9882448 0.2627668
000120 -66.37563 0.9966522 0.2555668
000121 -66.93703 1.003712 0.2646196
000122 -67.47673 1.009213 0.2941699
000123 -67.99052 1.013813 0.3455598
000124 -68.48214 1.016477 0.4164808
000125 -68.95412 1.019824 0.5048813
000126 -69.40376 1.021543 0.6110892
000127 -69.84846 1.023928 0.7419667
000128 -70.27047 1.024337 0.8955753
000129 -70.68171 1.023888 1.080744
000130 -71.06861 1.025888 1.285746
000131 -71.45144 1.032362 1.51356
000132 -71.81419 1.040291 1.753829
000133 -72.17075 1.045549 2.013647
000134 -72.50742 1.049184 2.296944
000135 -72.81071 1.052187 2.601772
000136 -73.10855 1.052214 2.908665
000137 -73.38524 1.051991 3.220823
000138 -73.65932 1.056081 3.554385
000139 -73.91333 1.058753 3.91127
000140 -74.16588 1.057855 4.300551
000141 -74.40171 1.057076 4.71851
000142 -74.61515 1.053457 5.155827
000143 -74.8256 1.044844 5.623155
000144 -75.01816 1.038119 6.110247
000145 -75.20557 1.035836 6.618096
000146 -75.37989 1.030282 7.151976
000147 -75.5393 1.020134 7.706095
000148 -75.69196 1.010452 8.281091
000149 -75.83698 1.004688 8.874404
000150 -75.98069 0.9966334 9.486418
000151 -76.12225 0.9889481 10.1122
000152 -76.25804 0.9812746 10.75522
000153 -76.37903 0.9768095 11.41499
000154 -76.49294 0.973449 12.0915
000155 -76.60203 0.9705966 12.78422
000156 -76.70271 0.9650851 13.49407
000157 -76.79658 0.9546485 14.2125
000158 -76.88462 0.9437305 14.94545
000159 -76.96463 0.9352274 15.68785
000160 -77.04091 0.9267552 16.44684
000161 -77.11873 0.9133109 17.21856
000162 -77.19881 0.8975356 17.99359
000163 -77.27201 0.885944 18.76754
000164 -77.33723 0.87656 19.53401
000165 -77.40244 0.867371 20.30151
000166 -77.46374 0.8595219 21.07246
000167 -77.52113 0.8514204 21.84296
000168 -77.5734 0.8408161 22.61434
000169 -77.6221 0.8279106 23.37766
000170 -77.67675 0.8191268 24.13827
000171 -77.7342 0.8046718 24.89811
000172 -77.78961 0.7903154 25.65478
000173 -77.84614 0.7739409 26.42191
000174 -77.90878 0.7508496 27.18067
000175 -77.96897 0.7293732 27.93923
000176 -78.02007 0.713706 28.692
000177 -78.06469 0.6969693 29.44067
000178 -78.1097 0.6798769 30.19277
000179 -78.15548 0.6647429 30.94569
000180 -78.1981 0.6476766 31.7013
000181 -78.24233 0.6301632 32.46413
000182 -78.29498 0.6149092 33.23079
000183 -78.34624 0.5990528 34.00093
000184 -78.39928 0.5789981 34.77685
000185 -78.44974 0.5641545 35.56152
000186 -78.50718 0.5473641 36.34754
000187 -78.57152 0.5285291 37.14347
000188 -78.63617 0.5110168 37.93752
000189 -78.7004 0.4940833 38.73523
000190 -78.7627 0.4825696 39.54602
000191 -78.82862 0.4646182 40.36454
000192 -78.89593 0.4461482 41.19468
000193 -78.95989 0.4339025 42.03064
000194 -79.02897 0.420782 42.87429
000195 -79.10034 0.4039919 43.72474
000196 -79.1713 0.3888969 44.57894
000197 -79.24668 0.3756583 45.43863
000198 -79.31863 0.3639286 46.2992
000199 -79.38492 0.3498958 47.16296
000200 -79.44527 0.3344377 48.03166
000201 -79.50861 0.3209956 48.90207
000202 -79.57376 0.3027919 49.77895
000203 -79.63392 0.2867505 50.6563
000204 -79.69742 0.2720427 51.52945
000205 -79.76468 0.2574406 52.39664
000206 -79.83358 0.2408602 53.2548
000207 -79.90039 0.2201002 54.1135
000208 -79.96964 0.1922996 54.96562
000209 -80.03259 0.1649343 55.81906
000210 -80.09273 0.1408072 56.67063
000211 -80.15558 0.1161116 57.52689
000212 -80.22244 0.09233457 58.37775
000213 -80.28086 0.07510008 59.2131
000214 -80.33871 0.05914325 60.04264
000215 -80.40305 0.04000654 60.87223
000216 -80.47401 0.0182673 61.69567
000217 -80.54972 -0.003742664 62.51365
000218 -80.62089 -0.02632294 63.32787
000219 -80.69604 -0.05452812 64.13629
000220 -80.7781 -0.08379998 64.94508
000221 -80.85967 -0.1090773 65.75279
000222 -80.94518 -0.136047 66.55929
000223 -81.03408 -0.1573834 67.3635
000224 -81.12341 -0.1755819 68.15999
000225 -81.21916 -0.1913565 68.9488
000226 -81.31685 -0.2042169 69.73955
000227 -81.42164 -0.2174815 70.5203
000228 -81.54226 -0.2305564 71.29191
000229 -81.66368 -0.2426308 72.05943
000230 -81.78344 -0.2550723 72.82193
000231 -81.91089 -0.2691768 73.58474
000232 -82.0491 -0.2836517 74.34335
000233 -82.18657 -0.2975894 75.10124
000234 -82.32699 -0.3160459 75.85198
000235 -82.46709 -0.3273793 76.5947
000236 -82.61416 -0.3380953 77.33161
000237 -82.76564 -0.3542448 78.06923
000238 -82.93034 -0.3753983 78.80777
000239 -83.10119 -0.386632 79.54411
000240 -83.28409 -0.3994934 80.28097
000241 -83.46726 -0.4083909 81.0106
000242 -83.6579 -0.4178227 81.72568
000243 -83.85643 -0.4258951 82.4307
000244 -84.05742 -0.4274942 83.14038
000245 -84.26582 -0.4288742 83.86239
000246 -84.49278 -0.4369496 84.58416
000247 -84.72751 -0.4424402 85.30299
000248 -84.96507 -0.4446969 86.01174
000249 -85.2123 -0.4477484 86.71556
000250 -85.46879 -0.4551185 87.41701
000251 -85.72668 -0.4633066 88.11804
000252 -85.99632 -0.4725988 88.82079
000253 -86.28029 -0.4872714 89.52111
000254 -86.56905 -0.4896331 90.21553
000255 -86.86039 -0.4833979 90.91809
000256 -87.15878 -0.4804139 91.62194
000257 -87.47632 -0.4825025 92.3185
000258 -87.8025 -0.4756232 93.00351
000259 -88.11795 -0.4680556 93.68698
000260 -88.42784 -0.4619748 94.37577
000261 -88.74901 -0.4631796 95.06817
000262 -89.08452 -0.466622 95.76606
000263 -89.41637 -0.4736535 96.46571
000264 -89.74796 -0.4788901 97.16351
000265 -90.08495 -0.4847031 97.84976
000266 -90.42665 -0.4875902 98.53474
000267 -90.77493 -0.4958138 99.21955
000268 -91.13104 -0.5064823 99.9095
000269 -91.48703 -0.5172294 100.5948
000270 -91.84 -0.526198 101.2774
000271 -92.19617 -0.5349382 101.9541
000272 -92.55294 -0.5434586 102.6273
000273 -92.91478 -0.5511717 103.2961
000274 -93.28321 -0.5589669 103.9601
000275 -93.65046 -0.5659964 104.6187
000276 -94.01507 -0.5767572 105.2674
000277 -94.38211 -0.588392 105.9103
000278 -94.74824 -0.5980777 106.5472
000279 -95.12335 -0.6050065 107.1878
000280 -95.49621 -0.6134439 107.8233
000281 -95.86451 -0.6210034 108.4529
000282 -96.2232 -0.6251307 109.0677
000283 -96.57402 -0.6245992 109.6683
000284 -96.92077 -0.6262052 110.2481
000285 -97.26338 -0.6273272 110.8135
000286 -97.60083 -0.627085 111.3654
000287 -97.92433 -0.6283274 111.9025
000288 -98.24175 -0.6324615 112.4233
000289 -98.55027 -0.6360649 112.9252
000290 -98.84348 -0.636794 113.4056
000291 -99.12485 -0.6384109 113.8657
000292 -99.39682 -0.6400806 114.3023
000293 -99.66423 -0.6481915 114.7173
000294 -99.91884 -0.6560401 115.1137
000295 -100.1623 -0.6586289 115.4941
000296 -100.3993 -0.6585884 115.8608
000297 -100.6332 -0.6607942 116.2046
000298 -100.8652 -0.6647242 116.5286
000299 -101.0904 -0.6694671 116.8348
000300 -101.3056 -0.6713923 117.1266
000301 -101.506 -0.6722784 117.4011
000302 -101.6929 -0.6721459 117.6574
000303 -101.8739 -0.672996 117.8992
000304 -102.0513 -0.6736387 118.122
000305 -102.2292 -0.6753232 118.3256
000306 -102.4053 -0.6766433 118.5086
000307 -102.576 -0.6819095 118.6815
000308 -102.742 -0.6858513 118.838
000309 -102.9018 -0.6870036 118.9816
000310 -103.0684 -0.6855969 119.116
000311 -103.245 -0.6827537 119.2422
000312 -103.4183 -0.6819887 119.3668
000313 -103.5947 -0.6769315 119.4976
000314 -103.7731 -0.672655 119.6238
000315 -103.9548 -0.6680274 119.7348
000316 -104.1481 -0.6624189 119.8384
000317 -104.3385 -0.6580382 119.9342
000318 -104.5336 -0.6558701 120.0291
000319 -104.733 -0.6537004 120.1137
000320 -104.9312 -0.6515101 120.1854
000321 -105.1362 -0.6502394 120.2566
000322 -105.3437 -0.6512383 120.3283
000323 -105.5582 -0.6512936 120.3886
000324 -105.8016 -0.646722 120.452
000325 -106.0565 -0.6404796 120.5003
000326 -106.3408 -0.6320823 120.5536
000327 -106.6408 -0.6251645 120.5994
000328 -106.946 -0.6151359 120.6206
000329 -107.2795 -0.6047007 120.6402
000330 -107.6301 -0.5937682 120.6434
000331 -107.9733 -0.5851771 120.6163
000332 -108.3468 -0.5780578 120.5908
000333 -108.7113 -0.5724405 120.5308
000334 -109.1034 -0.5651093 120.4648
000335 -109.5039 -0.5571731 120.3764
000336 -109.8936 -0.5498158 120.2526
000337 -110.3105 -0.5385017 120.1212
000338 -110.7358 -0.5271191 119.9688
000339 -111.1598 -0.5145431 119.7761
000340 -111.6037 -0.5003029 119.5688
000341 -112.0419 -0.4860644 119.3248
000342 -112.4967 -0.4701443 119.0622
000343 -112.9599 -0.4518107 118.7686
000344 -113.4215 -0.433277 118.447
000345 -113.8987 -0.4140913 118.1067
000346 -114.379 -0.4005528 117.7492
000347 -114.8756 -0.3846543 117.3755
000348 -115.3845 -0.3685473 116.9889
000349 -115.9072 -0.3511796 116.5875
000350 -116.4394 -0.33342 116.1705
000351 -116.978 -0.3145039 115.7373
000352 -117.5268 -0.2939813 115.2919
000353 -118.0864 -0.273294 114.8352
000354 -118.6599 -0.2513318 114.3662
000355 -119.2396 -0.2283537 113.8874
000356 -119.8351 -0.2043772 113.3947
000357 -120.4389 -0.1816124 112.8933
000358 -121.0569 -0.1575086 112.3812
000359 -121.687 -0.1322116 111.8577
000360 -122.3282 -0.1050706 111.3222
000361 -122.9704 -0.07535629 110.7728
000362 -123.6258 -0.04736641 110.2135
000363 -124.2849 -0.01867648 109.6502
000364 -124.9562 0.01110994 109.0798
000365 -125.6369 0.04221843 108.5006
000366 -126.332 0.07133427 107.9136
000367 -127.0372 0.09929117 107.3179
000368 -127.7453 0.1250424 106.7132
000369 -128.4619 0.1484347 106.1014
000370 -129.186 0.166941 105.4824
000371 -129.9193 0.1835941 104.8515
000372 -130.6623 0.1979002 104.2149
000373 -131.4132 0.2144697 103.5744
000374 -132.1648 0.2318873 102.9386
000375 -132.9234 0.2513658 102.3035
000376 -133.6799 0.2702986 101.6681
000377 -134.4357 0.2900097 101.0301
000378 -135.1892 0.3106498 100.3904
000379 -135.9465 0.3298425 99.75107
000380 -136.7105 0.3478641 99.10851
000381 -137.4685 0.3680159 98.46944
000382 -138.2274 0.3899821 97.82785
000383 -138.9901 0.4148069 97.18269
000384 -139.748 0.4343912 96.54609
000385 -140.5111 0.4529559 95.90422
000386 -141.2656 0.4726101 95.26259
000387 -142.0208 0.4912744 94.62044
000388 -142.7704 0.5111815 93.97889
000389 -143.5294 0.5274135 93.337
000390 -144.2862 0.5445632 92.69067
000391 -145.0409 0.5612957 92.04892
000392 -145.794 0.5779645 91.41052
000393 -146.5475 0.5937592 90.77404
000394 -147.3072 0.6086489 90.13928
000395 -148.0704 0.6250373 89.50321
000396 -148.8333 0.6468099 88.87146
000397 -149.6005 0.6716835 88.23696
000398 -150.3591 0.6967564 87.60683
000399 -151.1134 0.7256258 86.97809
000400 -151.8671 0.7539528 86.34989
000401 -152.6218 0.7806961 85.71894
000402 -153.379 0.8039512 85.08539
000403 -154.1322 0.8288243 84.45676
000404 -154.8823 0.8536668 83.83215
000405 -155.6292 0.8796994 83.20615
000406 -156.3743 0.9056545 82.57906
000407 -157.119 0.9324518 81.95146
000408 -157.8614 0.9618364 81.32671
000409 -158.6032 0.9920658 80.70349
000410 -159.3358 1.022069 80.08383
000411 -160.0585 1.049905 79.46455
000412 -160.7804 1.077505 78.84428
000413 -161.5 1.102704 78.22487
000414 -162.2213 1.128462 77.60858
000415 -162.9402 1.154301 76.99411
000416 -163.6585 1.179845 76.38223
000417 -164.3767 1.205952 75.77428
000418 -165.093 1.231444 75.17018
000419 -165.8081 1.25702 74.56637
000420 -166.5248 1.282062 73.96713
000421 -167.2418 1.306576 73.3721
000422 -167.9552 1.330108 72.77838
000423 -168.6684 1.351053 72.19108
000424 -169.3812 1.373431 71.61267
000425 -170.0844 1.396727 71.03558
000426 -170.7831 1.405731 70.468
000427 -171.4722 1.416166 69.9057
000428 -172.1588 1.425569 69.35261
000429 -172.8299 1.436887 68.80749
000430 -173.4939 1.448357 68.26999
000431 -174.1451 1.460081 67.73915
000432 -174.7856 1.470417 67.21605
000433 -175.4193 1.482743 66.69815
000434 -176.0447 1.496245 66.18835
000435 -176.6638 1.510435 65.6842
000436 -177.2745 1.525125 65.18539
000437 -177.8683 1.538016 64.68934
000438 -178.4448 1.550332 64.19739
000439 -179.0078 1.561925 63.71223
000440 -179.5612 1.575397 63.24071
000441 -180.1003 1.58648 62.76519
000442 -180.6249 1.600125 62.31141
000443 -181.1416 1.611948 61.86056
000444 -181.6486 1.623859 61.41959
000445 -182.1422 1.635244 60.98005
000446 -182.6223 1.64854 60.5453
000447 -183.0885 1.662241 60.11032
000448 -183.5369 1.673611 59.67252
000449 -183.9747 1.68544 59.2357
000450 -184.4045 1.698748 58.80121
000451 -184.8122 1.713703 58.36066
000452 -185.1982 1.732581 57.91203
000453 -185.5495 1.74951 57.45834
000454 -185.8798 1.767896 57.00033
000455 -186.1871 1.784988 56.53757
000456 -186.455 1.807526 56.06608
000457 -186.7152 1.826654 55.59683
000458 -186.9445 1.84288 55.12564
000459 -187.1206 1.856411 54.64759
000460 -187.2835 1.870218 54.17085
000461 -187.4227 1.883289 53.69416
000462 -187.5256 1.887417 53.21309
000463 -187.6307 1.893359 52.7371
000464 -187.6915 1.900316 52.25276
000465 -187.7485 1.901338 51.77232
000466 -187.7723 1.900778 51.29098
000467 -187.7414 1.901606 50.80341
000468 -187.7165 1.903912 50.33042
000469 -187.6828 1.909578 49.86716
000470 -187.6045 1.913879 49.40375
000471 -187.5198 1.916071 48.95472
000472 -187.3856 1.91604 48.50872
000473 -187.2454 1.919502 48.08322
000474 -187.0919 1.921924 47.66758
000475 -186.905 1.925132 47.2498
000476 -186.7142 1.922721 46.84089
000477 -186.4782 1.917552 46.43056
000478 -186.2433 1.910636 46.02498
000479 -185.9999 1.906858 45.62057
000480 -185.7437 1.904895 45.21752
000481 -185.4762 1.903482 44.82494
000482 -185.1904 1.903992 44.4335
000483 -184.8981 1.906175 44.04415
000484 -184.5971 1.908337 43.65148
000485 -184.2874 1.908808 43.25715
000486 -183.9689 1.909156 42.85899
000487 -183.6434 1.911087 42.45635
000488 -183.3133 1.914906 42.04606
000489 -182.9728 1.921291 41.62858
000490 -182.6247 1.928571 41.20434
000491 -182.2608 1.933488 40.7774
000492 -181.8872 1.936481 40.34468
000493 -181.5012 1.944762 39.89489
000494 -181.1166 1.952827 39.43245
000495 -180.7267 1.954282 38.95179
000496 -180.3265 1.951012 38.46147
000497 -179.9121 1.948467 37.96509
000498 -179.4927 1.950893 37.45911
000499 -179.0635 1.950476 36.93739
000500 -178.6239 1.946894 36.39418
000501 -178.1621 1.94215 35.84918
000502 -177.6842 1.937626 35.29616
000503 -177.1997 1.929672 34.72689
000504 -176.7106 1.923186 34.1427
000505 -176.2079 1.922565 33.53889
000506 -175.6955 1.923742 32.92207
000507 -175.1718 1.922179 32.29666
000508 -174.6388 1.921438 31.66497
000509 -174.1052 1.927099 31.02204
000510 -173.559 1.933011 30.36327
000511 -173.0021 1.938375 29.69599
000512 -172.4382 1.94584 29.02358
000513 -171.867 1.951405 28.34675
000514 -171.2881 1.956277 27.6606
000515 -170.7093 1.958687 26.96332
000516 -170.1234 1.951058 26.25927
000517 -169.5314 1.943279 25.54622
000518 -168.9342 1.93667 24.82358
000519 -168.3371 1.929608 24.09784
000520 -167.7434 1.921892 23.3687
000521 -167.1591 1.914344 22.6392
000522 -166.5815 1.908782 21.90866
000523 -166.0001 1.908068 21.17959
000524 -165.4129 1.91419 20.44842
000525 -164.8351 1.923826 19.71467
000526 -164.2567 1.934077 18.99252
000527 -163.6778 1.940348 18.28024
000528 -163.1045 1.94164 17.57387
000529 -162.5251 1.942748 16.8568
000530 -161.9505 1.939281 16.14389
000531 -161.3773 1.936519 15.42915
000532 -160.8026 1.93571 14.71206
000533 -160.2415 1.936584 14.01383
000534 -159.6822 1.936046 13.30347
000535 -159.1338 1.935031 12.59096
000536 -158.6027 1.939067 11.87586
000537 -158.088 1.945549 11.15361
000538 -157.5933 1.952156 10.42311
000539 -157.1079 1.958096 9.685989
000540 -156.6525 1.968002 8.940913
000541 -156.2137 1.981362 8.187478
000542 -155.8113 2.002674 7.41973
000543 -155.4337 2.020771 6.640524
000544 -155.0736 2.039549 5.854252
000545 -154.7551 2.055959 5.066725
000546 -154.4511 2.070725 4.275819
000547 -154.1799 2.076776 3.475256
000548 -153.9186 2.081455 2.660279
000549 -153.6909 2.081084 1.836084
000550 -153.4863 2.082675 1.004297
000551 -153.2952 2.088962 0.1642828
000552 -153.1167 2.094656 -0.6849197
000553 -152.9463 2.099191 -1.551019
000554 -152.7936 2.108057 -2.422346
000555 -152.6592 2.120983 -3.301845
000556 -152.5347 2.129986 -4.18441
000557 -152.4224 2.145234 -5.081774
000558 -152.3238 2.164537 -6.003442
000559 -152.2301 2.184519 -6.932667
000560 -152.1344 2.208027 -7.875658
000561 -152.0349 2.236569 -8.818435
000562 -151.9309 2.26438 -9.767273
000563 -151.8222 2.290503 -10.72343
000564 -151.7054 2.314806 -11.69649
000565 -151.5906 2.340253 -12.68601
000566 -151.4796 2.366234 -13.68436
000567 -151.3681 2.390739 -14.68941
000568 -151.2539 2.419304 -15.70974
000569 -151.1385 2.446252 -16.72996
000570 -151.0183 2.471748 -17.76061
000571 -150.8986 2.495354 -18.79445
000572 -150.7787 2.516209 -19.83629
000573 -150.6584 2.531082 -20.88457
000574 -150.5418 2.546922 -21.93524
000575 -150.4287 2.562912 -22.98777
000576 -150.3173 2.580523 -24.03963
000577 -150.21 2.602248 -25.09394
000578 -150.1008 2.624842 -26.14805
000579 -149.9955 2.652068 -27.19872
000580 -149.8915 2.677343 -28.24318
000581 -149.7898 2.703716 -29.28484
000582 -149.6882 2.727489 -30.32621
000583 -149.5881 2.749371 -31.3652
000584 -149.4892 2.772055 -32.40607
000585 -149.3925 2.79829 -33.4488
000586 -149.3004 2.822913 -34.47237
000587 -149.2116 2.847794 -35.50025
000588 -149.1247 2.872146 -36.5257
000589 -149.0389 2.8933 -37.54989
000590 -148.9571 2.914898 -38.57065
000591 -148.8814 2.936848 -39.58889
000592 -148.8101 2.958886 -40.60275
000593 -148.7352 2.980846 -41.61181
000594 -148.6636 3.002899 -42.62144
000595 -148.5927 3.027276 -43.62164
000596 -148.5176 3.05498 -44.62545
000597 -148.4441 3.079101 -45.62217
000598 -148.3689 3.102061 -46.61393
000599 -148.296 3.122209 -47.60259
000600 -148.2258 3.142814 -48.59075
000601 -148.1556 3.159721 -49.57611
000602 -148.0851 3.175297 -50.55843
000603 -148.0135 3.189403 -51.53844
000604 -147.9424 3.205788 -52.51178
000605 -147.87 3.219705 -53.47973
000606 -147.7977 3.231897 -54.44853
000607 -147.7243 3.243527 -55.41352
000608 -147.6532 3.257265 -56.37284
000609 -147.5797 3.270311 -57.3302
000610 -147.5001 3.2824 -58.2811
000611 -147.4207 3.29139 -59.22935
000612 -147.3415 3.301002 -60.17164
000613 -147.2599 3.310925 -61.10803
000614 -147.1781 3.317449 -62.03744
000615 -147.0991 3.324624 -62.95647
000616 -147.0218 3.332509 -63.86909
000617 -146.9462 3.341452 -64.76162
000618 -146.8736 3.350949 -65.64189
000619 -146.8046 3.362788 -66.50732
000620 -146.7409 3.376135 -67.35784
000621 -146.6842 3.387862 -68.18896
000622 -146.637 3.40087 -68.99922
000623 -146.6018 3.409958 -69.78685
000624 -146.575 3.416011 -70.55095
000625 -146.5515 3.42136 -71.28944
000626 -146.5298 3.426278 -72.00342
000627 -146.5152 3.430945 -72.68937
000628 -146.5063 3.436511 -73.3485
000629 -146.499 3.443175 -73.98191
000630 -146.496 3.451189 -74.5886
000631 -146.4997 3.454673 -75.16771
000632 -146.5087 3.458263 -75.72426
000633 -146.5201 3.46068 -76.24921
000634 -146.531 3.464948 -76.74501
000635 -146.5458 3.469095 -77.20836
000636 -146.5624 3.474975 -77.64447
000637 -146.5828 3.4811 -78.04556
000638 -146.5982 3.487735 -78.41532
000639 -146.6147 3.489838 -78.7529
000640 -146.6267 3.492333 -79.0606
000641 -146.6358 3.49339 -79.32694
000642 -146.6444 3.496768 -79.57193
000643 -146.6502 3.501775 -79.79717
000644 -146.6574 3.507398 -79.99877
000645 -146.6613 3.513405 -80.19576
000646 -146.6636 3.523785 -80.38467
000647 -146.6635 3.531968 -80.56988
000648 -146.6558 3.544429 -80.74617
000649 -146.6452 3.553303 -80.91148
000650 -146.6315 3.562076 -81.06159
000651 -146.6264 3.568355 -81.20217
000652 -146.6236 3.574643 -81.3349
000653 -146.6172 3.580246 -81.46093
000654 -146.6064 3.586432 -81.58005
000655 -146.591 3.591611 -81.69181
000656 -146.5743 3.595945 -81.79611
000657 -146.5544 3.599009 -81.88799
000658 -146.5371 3.601598 -81.96407
000659 -146.5218 3.605125 -82.02535
000660 -146.5098 3.607875 -82.07268
000661 -146.4988 3.610893 -82.10813
000662 -146.4897 3.612361 -82.13307
000663 -146.4813 3.614901 -82.1479
000664 -146.4749 3.616561 -82.15466
000665 -146.47 3.618715 -82.15162
000666 -146.4675 3.618427 -82.14449
000667 -146.4666 3.617487 -82.14289
000668 -146.4691 3.619237 -82.14598
000669 -146.4743 3.621418 -82.14846
000670 -146.4784 3.622343 -82.14814
000671 -146.4809 3.626275 -82.14689
000672 -146.4837 3.630956 -82.14592
000673 -146.4853 3.635666 -82.1443
000674 -146.486 3.642197 -82.14339
000675 -146.4874 3.646408 -82.14478
000676 -146.4896 3.650913 -82.14651
000677 -146.4903 3.653096 -82.14732
000678 -146.4929 3.66085 -82.15098
000679 -146.4935 3.666124 -82.15255
000680 -146.495 3.67267 -82.1546
000681 -146.4952 3.677041 -82.15536
000682 -146.4961 3.682929 -82.15662
000683 -146.4944 3.686575 -82.15612
000684 -146.4943 3.692587 -82.15657
000685 -146.4929 3.697692 -82.15523
000686 -146.4903 3.703976 -82.15185
000687 -146.4878 3.711265 -82.14843
000688 -146.4858 3.71733 -82.14544
000689 -146.4866 3.721405 -82.14302
000690 -146.4873 3.72538 -82.14091
000691 -146.4876 3.730224 -82.13842
000692 -146.4871 3.733757 -82.13635
000693 -146.4865 3.736302 -82.13505
000694 -146.486 3.737147 -82.13362
000695 -146.4879 3.738183 -82.13326
000696 -146.4881 3.739743 -82.13252
000697 -146.4887 3.743962 -82.13297
000698 -146.4887 3.746808 -82.13315
000699 -146.489 3.749734 -82.13346
000700 -146.4885 3.751969 -82.13324
000701 -146.4862 3.756727 -82.13358
000702 -146.4847 3.76039 -82.13348
000703 -146.485 3.762686 -82.13363
000704 -146.4854 3.763251 -82.13382
000705 -146.4849 3.763444 -82.13351
000706 -146.4851 3.764354 -82.13339
000707 -146.4851 3.765829 -82.13304
000708 -146.4801 3.76976 -82.13367
000709 -146.4764 3.772636 -82.13276
000710 -146.4733 3.773749 -82.13226
000711 -146.4721 3.77466 -82.13189
000712 -146.4755 3.775066 -82.13281
000713 -146.4771 3.775151 -82.13308
000714 -146.4775 3.77602 -82.13322
000715 -146.4765 3.778253 -82.13318
000716 -146.506 3.817593 -82.14996
000717 -146.525 3.844867 -82.16201
000718 -146.5414 3.867997 -82.17605
000719 -146.5569 3.891863 -82.19557
000720 -146.5659 3.908776 -82.2173
000721 -146.5794 3.927281 -82.24565
000722 -146.5858 3.940279 -82.27544
000723 -146.5906 3.955031 -82.31013
000724 -146.5878 3.963825 -82.34431
000725 -146.5882 3.974088 -82.38439
000726 -146.5818 3.98079 -82.42617
000727 -146.578 3.988369 -82.47354
000728 -146.5675 3.993899 -82.52259
000729 -146.5518 4.000773 -82.57422
000730 -146.5331 4.006616 -82.63234
000731 -146.5075 4.013233 -82.69805
000732 -146.4759 4.019203 -82.77848
000733 -146.4452 4.024429 -82.88031
000734 -146.3964 4.029323 -82.98778
000735 -146.3513 4.033562 -83.11671
000736 -146.2958 4.037831 -83.25839
000737 -146.2309 4.040989 -83.41005
000738 -146.1563 4.045713 -83.57444
000739 -146.0701 4.051946 -83.74303
000740 -145.9804 4.058185 -83.92098
000741 -145.8795 4.063554 -84.10616
000742 -145.7599 4.070054 -84.29131
000743 -145.6332 4.076339 -84.48453
000744 -145.4913 4.08362 -84.6826
000745 -145.3153 4.089716 -84.88083
000746 -145.1255 4.095105 -85.09753
000747 -144.8957 4.100068 -85.31851
000748 -144.6601 4.109917 -85.56492
000749 -144.3964 4.121088 -85.81942
000750 -144.0775 4.128858 -86.06536
000751 -143.7422 4.134474 -86.32723
000752 -143.3707 4.13769 -86.59141
000753 -142.9474 4.141571 -86.84062
000754 -142.5033 4.14355 -87.08803
000755 -142.01 4.14816 -87.31564
000756 -141.5092 4.15337 -87.54335
000757 -140.9762 4.156256 -87.7514
000758 -140.3921 4.158657 -87.92431
000759 -139.7985 4.160018 -88.08758
000760 -139.1586 4.162171 -88.21988
000761 -138.5086 4.166045 -88.33879
000762 -137.8281 4.168871 -88.43333
000763 -137.1128 4.171257 -88.50147
000764 -136.3792 4.171706 -88.56031
000765 -135.6148 4.169899 -88.60753
000766 -134.8254 4.168382 -88.64646
000767 -134.0129 4.164762 -88.67609
000768 -133.1801 4.156812 -88.69656
000769 -132.3277 4.147637 -88.70556
000770 -131.4527 4.136633 -88.70109
000771 -130.552 4.122623 -88.68049
000772 -129.6312 4.103983 -88.64953
000773 -128.6888 4.084791 -88.61212
000774 -127.7239 4.065878 -88.57569
000775 -126.7352 4.048213 -88.54051
000776 -125.721 4.031067 -88.50489
000777 -124.6835 4.013952 -88.46433
000778 -123.6288 3.99689 -88.4197
000779 -122.5531 3.978093 -88.36834
000780 -121.4602 3.960347 -88.29428
000781 -120.3502 3.940654 -88.21078
000782 -119.2271 3.920264 -88.13057
000783 -118.0866 3.901849 -88.04055
000784 -116.9301 3.883303 -87.94868
000785 -115.7614 3.867981 -87.84858
000786 -114.5794 3.849717 -87.74507
000787 -113.3837 3.830963 -87.63924
000788 -112.1817 3.81218 -87.53924
000789 -110.9751 3.791845 -87.43868
000790 -109.7745 3.771694 -87.34289
000791 -108.5794 3.750574 -87.24708
000792 -107.3857 3.726738 -87.14676
000793 -106.1976 3.701746 -87.04988
000794 -105.0099 3.677172 -86.95296
000795 -103.8211 3.653224 -86.85966
000796 -102.6322 3.628733 -86.76401
000797 -101.4446 3.607239 -86.67222
000798 -100.2617 3.588698 -86.572
000799 -99.08436 3.569432 -86.48067
000800 -97.91011 3.547496 -86.38626
000801 -96.73614 3.526824 -86.29387
000802 -95.56279 3.506517 -86.20143
000803 -94.3923 3.490095 -86.11023
000804 -93.22888 3.474064 -86.01752
000805 -92.07077 3.457332 -85.93007
000806 -90.91482 3.439932 -85.8444
000807 -89.76083 3.420499 -85.7575
000808 -88.60756 3.402298 -85.67406
000809 -87.45822 3.383825 -85.59118
000810 -86.31428 3.36566 -85.5113
000811 -85.17639 3.347256 -85.4316
000812 -84.04212 3.327124 -85.35257
000813 -82.90481 3.306136 -85.26665
000814 -81.77442 3.285675 -85.17822
000815 -80.64658 3.266626 -85.08247
000816 -79.52584 3.245394 -84.98283
000817 -78.40969 3.221768 -84.88244
000818 -77.28896 3.191912 -84.78461
000819 -76.17485 3.162484 -84.68498
000820 -75.06363 3.133853 -84.58436
000821 -73.95599 3.108503 -84.48155
000822 -72.84964 3.082721 -84.37548
000823 -71.74856 3.05932 -84.26751
000824 -70.65049 3.035851 -84.1597
000825 -69.5564 3.014567 -84.05165
000826 -68.4631 2.993483 -83.94657
000827 -67.36871 2.973202 -83.84452
000828 -66.26978 2.959134 -83.74424
000829 -65.17361 2.945193 -83.64855
000830 -64.07225 2.930056 -83.55385
000831 -62.98846 2.914583 -83.46386
000832 -61.89385 2.894478 -83.37192
000833 -60.80165 2.873362 -83.27983
000834 -59.72532 2.851534 -83.19229
000835 -58.65323 2.82608 -83.10582
000836 -57.58891 2.801637 -83.02288
000837 -56.51193 2.779651 -82.92872
000838 -55.43924 2.756445 -82.84557
000839 -54.36293 2.73159 -82.75948
000840 -53.28795 2.707333 -82.67777
000841 -52.21491 2.68434 -82.59449
000842 -51.15105 2.663165 -82.50983
000843 -50.10238 2.644628 -82.42382
000844 -49.05334 2.626537 -82.33696
000845 -48.00472 2.609242 -82.25022
000846 -46.96133 2.59164 -82.16174
000847 -45.91385 2.573083 -82.07717
000848 -44.85398 2.560563 -81.99356
000849 -43.795 2.547118 -81.91307
000850 -42.72975 2.539457 -81.836
000851 -41.66873 2.528194 -81.75523
000852 -40.60585 2.51585 -81.66958
000853 -39.55165 2.50395 -81.5933
000854 -38.49644 2.488082 -81.51302
000855 -37.44699 2.467897 -81.4292
000856 -36.39931 2.449328 -81.34352
000857 -35.35893 2.430647 -81.26015
000858 -34.32413 2.409772 -81.17846
000859 -33.29069 2.388158 -81.09833
000860 -32.26565 2.364654 -81.01888
000861 -31.23423 2.341459 -80.93893
000862 -30.20542 2.319947 -80.86334
000863 -29.18198 2.301513 -80.79003
000864 -28.16485 2.28654 -80.7195
000865 -27.15493 2.273856 -80.65087
000866 -26.14248 2.258338 -80.5796
000867 -25.13087 2.24336 -80.51287
000868 -24.12616 2.224417 -80.44513
000869 -23.12314 2.200874 -80.38011
000870 -22.12814 2.179186 -80.31382
000871 -21.13624 2.158118 -80.2473
000872 -20.15914 2.136539 -80.18102
000873 -19.20344 2.115684 -80.11803
000874 -18.26545 2.094794 -80.05605
000875 -17.34296 2.076612 -79.99311
000876 -16.43997 2.056734 -79.92964
000877 -15.55805 2.038136 -79.86631
000878 -14.70187 2.021472 -79.79755
000879 -13.86242 2.006898 -79.73095
000880 -13.04799 1.982635 -79.65774
000881 -12.25209 1.955701 -79.58095
000882 -11.471 1.931372 -79.50525
000883 -10.71407 1.907256 -79.42836
000884 -9.978597 1.882125 -79.34685
000885 -9.267307 1.855018 -79.25871
000886 -8.577034 1.82462 -79.15904
000887 -7.915426 1.793514 -79.05159
000888 -7.272311 1.764992 -78.94049
000889 -6.660991 1.73223 -78.82344
000890 -6.068827 1.702411 -78.69639
000891 -5.472914 1.669583 -78.54955
000892 -4.940333 1.642761 -78.4073
000893 -4.382647 1.616116 -78.24856
000894 -3.86783 1.594797 -78.08627
000895 -3.358995 1.576012 -77.90275
000896 -2.864838 1.557809 -77.71129
000897 -2.385605 1.5388 -77.50396
000898 -1.921735 1.519288 -77.28713
000899 -1.46975 1.500554 -77.05448
000900 -1.027851 1.487556 -76.80012
000901 -0.6036779 1.472946 -76.53314
000902 -0.2051226 1.455786 -76.23884
000903 0.166806 1.434811 -75.91192
000904 0.5205388 1.418536 -75.58157
000905 0.8592366 1.400138 -75.24181
000906 1.18203 1.376718 -74.88301
000907 1.473046 1.350348 -74.50932
000908 1.733786 1.324453 -74.11079
000909 1.977241 1.308518 -73.70973
000910 2.211269 1.295259 -73.29908
000911 2.4317 1.282661 -72.8688
000912 2.625592 1.26876 -72.43254
000913 2.77869 1.258343 -71.96837
000914 2.915642 1.253995 -71.5118
000915 3.046312 1.25835 -71.05343
000916 3.160868 1.257972 -70.57958
000917 3.257933 1.264619 -70.1026
000918 3.33279 1.267119 -69.61007
000919 3.394982 1.272526 -69.11648
000920 3.452999 1.270676 -68.61143
000921 3.505748 1.267062 -68.09683
000922 3.551082 1.26175 -67.57573
000923 3.59156 1.259481 -67.04625
000924 3.623078 1.252875 -66.5056
000925 3.647772 1.243096 -65.95034
000926 3.663801 1.234892 -65.37705
000927 3.673887 1.227201 -64.79002
000928 3.677308 1.218704 -64.18504
000929 3.675967 1.209466 -63.56337
000930 3.664022 1.199856 -62.92543
000931 3.643049 1.189755 -62.27133
000932 3.617203 1.179028 -61.60236
000933 3.591227 1.168096 -60.9157
000934 3.556391 1.152451 -60.2096
000935 3.520319 1.139602 -59.49348
000936 3.485568 1.128869 -58.76038
000937 3.451301 1.117531 -58.01266
000938 3.415287 1.106594 -57.2552
000939 3.375737 1.094891 -56.49375
000940 3.332427 1.084248 -55.72964
000941 3.288581 1.074394 -54.96514
000942 3.243097 1.064884 -54.20352
000943 3.192353 1.056466 -53.43799
000944 3.132861 1.04964 -52.67327
000945 3.069795 1.042836 -51.90721
000946 3.005492 1.035311 -51.14242
000947 2.937896 1.027891 -50.37643
000948 2.871709 1.018952 -49.61228
000949 2.80322 1.010036 -48.84616
000950 2.741985 0.9980856 -48.0822
000951 2.690256 0.9818285 -47.31871
000952 2.632847 0.9665624 -46.5559
000953 2.573747 0.9515027 -45.79733
000954 2.514617 0.9390078 -45.03968
000955 2.455917 0.9260055 -44.28628
000956 2.395278 0.9139468 -43.53558
000957 2.336487 0.9025269 -42.78704
000958 2.281395 0.8911355 -42.0436
000959 2.229024 0.8765595 -41.30397
000960 2.176053 0.8564019 -40.57423
000961 2.128161 0.8397655 -39.85331
000962 2.080478 0.8233957 -39.14184
000963 2.023801 0.8103769 -38.44127
000964 1.97541 0.7933529 -37.75378
000965 1.93323 0.7801851 -37.0788
000966 1.89552 0.7597285 -36.41471
000967 1.851613 0.7422292 -35.75756
000968 1.807991 0.7220826 -35.10587
000969 1.766675 0.7015109 -34.45818
000970 1.727417 0.6817103 -33.81378
000971 1.687773 0.6642943 -33.17691
000972 1.645582 0.6488052 -32.54447
000973 1.602843 0.6337501 -31.91722
000974 1.561553 0.6192475 -31.29334
000975 1.524724 0.6035847 -30.67447
000976 1.488055 0.5854894 -30.05921
000977 1.45003 0.5615753 -29.44928
000978 1.412389 0.5423823 -28.84028
000979 1.378315 0.5196914 -28.2346
000980 1.340783 0.4975266 -27.63061
000981 1.305986 0.4776523 -27.0287
000982 1.267692 0.4591265 -26.43074
000983 1.229249 0.4405908 -25.83408
000984 1.191105 0.4256449 -25.23953
000985 1.152074 0.4124776 -24.6469
000986 1.111448 0.4026685 -24.06042
000987 1.067365 0.3920096 -23.47692
000988 1.022814 0.381693 -22.89845
000989 0.9777518 0.3707154 -22.3266
000990 0.9345741 0.3612177 -21.76546
000991 0.8867823 0.3506486 -21.21267
000992 0.8446471 0.3428022 -20.67046
000993 0.8029049 0.3330321 -20.14023
000994 0.7667103 0.3282057 -19.61995
000995 0.7322119 0.3216458 -19.1116
000996 0.6995025 0.3170837 -18.61591
000997 0.6673674 0.3108239 -18.132
000998 0.6355362 0.3060331 -17.65726
000999 0.6017668 0.2964822 -17.19632
001000 0.5679449 0.2867121 -16.74431
001001 0.5366303 0.2753636 -16.30704
001002 0.5073413 0.2644759 -15.88581
001003 0.4756959 0.2538892 -15.46492
001004 0.4466098 0.2450817 -15.09502
001005 0.4170347 0.2363433 -14.72666
001006 0.3916312 0.2279003 -14.38514
001007 0.3699658 0.2140665 -14.06463
001008 0.3512582 0.2032018 -13.76062
001009 0.3319222 0.1919107 -13.47437
001010 0.3139292 0.1822253 -13.19914
001011 0.299516 0.1737489 -12.93035
001012 0.2860852 0.1660659 -12.66999
001013 0.2755991 0.1593153 -12.41089
001014 0.2638684 0.1529288 -12.153
001015 0.2561202 0.1472591 -11.8967
001016 0.2503151 0.1411226 -11.6435
001017 0.2385751 0.1355226 -11.39105
001018 0.2255563 0.1287714 -11.14019
001019 0.2115382 0.1228655 -10.89334
001020 0.1981649 0.1204292 -10.64489
001021 0.1839541 0.1141874 -10.39814
001022 0.1693736 0.1079282 -10.15224
001023 0.151201 0.1010753 -9.907869
001024 0.132765 0.09648987 -9.665059
001025 0.1131098 0.09200309 -9.424513
001026 0.09101141 0.08827309 -9.183499
001027 0.06543519 0.08241309 -8.94769
001028 0.04083069 0.07406821 -8.713565
001029 0.01685971 0.06895291 -8.476707
001030 -0.008130694 0.0653196 -8.242587
001031 -0.0370814 0.06224212 -8.008871
001032 -0.07086213 0.05793854 -7.778389
001033 -0.1055715 0.0505747 -7.549918
001034 -0.1332081 0.04493818 -7.321385
001035 -0.1584155 0.04066731 -7.09403
001036 -0.1817262 0.03554511 -6.867589
001037 -0.2082007 0.02607704 -6.638255
001038 -0.2343012 0.01689914 -6.41269
001039 -0.2605138 0.006487083 -6.188841
001040 -0.2848702 -0.002995286 -5.965868
001041 -0.3079171 -0.01257988 -5.742297
001042 -0.3276403 -0.02120828 -5.519328
001043 -0.3442492 -0.02776683 -5.296044
001044 -0.3603525 -0.03365884 -5.068979
001045 -0.3761889 -0.0401751 -4.833849
001046 -0.3883831 -0.04408253 -4.586875
001047 -0.4015895 -0.04852264 -4.32804
001048 -0.4129028 -0.05184738 -4.057574
001049 -0.4240876 -0.05696394 -3.77609
001050 -0.4312891 -0.06308662 -3.48317
001051 -0.4408512 -0.06990187 -3.181643
001052 -0.454006 -0.07544684 -2.872732
001053 -0.4645429 -0.08065293 -2.5559
001054 -0.4725894 -0.08314586 -2.231273
001055 -0.4804756 -0.08733471 -1.896997
001056 -0.4879376 -0.0933525 -1.556277
001057 -0.4929063 -0.09990064 -1.206877
001058 -0.4949177 -0.1050763 -0.8506597
001059 -0.4997101 -0.1105933 -0.4851712
001060 -0.5088378 -0.1157865 -0.1088576
001061 -0.5209827 -0.1196282 0.2785206
001062 -0.5115556 -0.1105472 0.6797468
001063 -0.4737364 -0.09224491 1.0889
001064 -0.4339981 -0.08769902 1.492117
001065 -0.3883676 -0.0866064 1.890361
001066 -0.3696291 -0.09413486 2.281506
001067 -0.3685772 -0.09619576 2.669212
001068 -0.3877857 -0.09757224 3.05066
001069 -0.4147316 -0.0994854 3.428579
001070 -0.4428038 -0.1044886 3.803063
001071 -0.473375 -0.113 4.175334
001072 -0.5212578 -0.1244534 4.545801
001073 -0.5907949 -0.1371187 4.909245
001074 -0.6694622 -0.1454802 5.262875
001075 -0.754007 -0.1526452 5.608678
001076 -0.8389403 -0.1577788 5.951591
001077 -0.9296743 -0.162834 6.291946
001078 -1.032008 -0.1682553 6.626423
001079 -1.13596 -0.1742996 6.958512
001080 -1.22934 -0.1749966 7.289411
001081 -1.312862 -0.176227 7.617634
001082 -1.383808 -0.178361 7.944145
001083 -1.438607 -0.1800396 8.249384
001084 -1.485319 -0.1784785 8.521081
001085 -1.531094 -0.1800686 8.751345
001086 -1.56547 -0.1843807 8.946937
001087 -1.589383 -0.1876084 9.10658
001088 -1.603789 -0.1880929 9.232185
001089 -1.615795 -0.188175 9.324632
001090 -1.626597 -0.1885721 9.380866
001091 -1.634967 -0.1888051 9.405472
001092 -1.635852 -0.1890361 9.404838
001093 -1.636807 -0.1924645 9.386956
001094 -1.637558 -0.1977199 9.378778
001095 -1.640332 -0.1993791 9.376167
001096 -1.641127 -0.1963128 9.372464
001097 -1.643107 -0.1932542 9.369584
001098 -1.64354 -0.1932834 9.37105
001099 -1.643726 -0.1924916 9.370281
001100 -1.643555 -0.191078 9.367453
