000000 0.0 0.0 0.0
000001 0.02138869 -0.008456433 0.2880714
000002 0.03879027 -0.01513783 0.5807338
000003 0.05418066 -0.02008116 0.8792349
000004 0.06515084 -0.02474146 1.18521
000005 0.07053236 -0.02883154 1.500857
000006 0.06976838 -0.03440223 1.824326
000007 0.05785896 -0.0433315 2.161983
000008 0.03493816 -0.05403998 2.516769
000009 0.003415143 -0.06304966 2.875512
000010 -0.030863 -0.07085384 3.247151
000011 -0.07130281 -0.07742982 3.630711
000012 -0.1231303 -0.08517902 4.021896
000013 -0.1931244 -0.0948039 4.418357
000014 -0.2714242 -0.1043554 4.828313
000015 -0.3555623 -0.1137549 5.248722
000016 -0.4410342 -0.1230564 5.683091
000017 -0.5276696 -0.1316203 6.12782
000018 -0.6223879 -0.1398923 6.586939
000019 -0.727014 -0.1495504 7.057528
000020 -0.8348053 -0.1604265 7.548378
000021 -0.9419591 -0.1729816 8.041587
000022 -1.052874 -0.1870514 8.554975
000023 -1.178089 -0.2016067 9.07598
000024 -1.317954 -0.2194403 9.607606
000025 -1.461512 -0.2434394 10.14898
000026 -1.600917 -0.2736564 10.69971
000027 -1.746028 -0.3017085 11.26149
000028 -1.902902 -0.3279271 11.82926
000029 -2.073218 -0.3566836 12.41106
000030 -2.247333 -0.3862946 13.00126
000031 -2.43094 -0.4149226 13.60353
000032 -2.62093 -0.4420317 14.21692
000033 -2.819369 -0.4781374 14.84155
000034 -3.024731 -0.5190175 15.47709
000035 -3.237328 -0.5701376 16.12456
000036 -3.471584 -0.6308148 16.79489
000037 -3.703617 -0.6968511 17.44154
000038 -3.951023 -0.7690047 18.11394
000039 -4.206227 -0.8443717 18.80104
000040 -4.466634 -0.9233994 19.49749
000041 -4.730674 -1.007318 20.20757
000042 -5.002325 -1.09105 20.92425
000043 -5.285312 -1.174887 21.65513
000044 -5.575589 -1.260053 22.38962
000045 -5.895726 -1.353119 23.14117
000046 -6.215009 -1.43896 23.87854
000047 -6.553189 -1.526495 24.62981
000048 -6.893668 -1.606967 25.38492
000049 -7.246162 -1.68583 26.14716
000050 -7.606334 -1.761966 26.91437
000051 -7.98219 -1.83986 27.68873
000052 -8.362269 -1.915761 28.46912
000053 -8.757075 -1.990234 29.26142
000054 -9.164411 -2.060214 30.05971
000055 -9.580703 -2.130016 30.86421
000056 -10.00712 -2.196452 31.67496
000057 -10.44426 -2.258264 32.49206
000058 -10.89504 -2.31948 33.317
000059 -11.35407 -2.38108 34.15206
000060 -11.82494 -2.443855 34.99697
000061 -12.30225 -2.505327 35.84444
000062 -12.79251 -2.570879 36.72204
000063 -13.28826 -2.638091 37.6162
000064 -13.78452 -2.707338 38.51664
000065 -14.28954 -2.775142 39.42708
000066 -14.80797 -2.841759 40.34309
000067 -15.33465 -2.909137 41.26523
000068 -15.8674 -2.976585 42.1904
000069 -16.40548 -3.043619 43.11456
000070 -16.94522 -3.1089 44.03507
000071 -17.49249 -3.173069 44.94973
000072 -18.04673 -3.235637 45.85695
000073 -18.61936 -3.298545 46.76609
000074 -19.21229 -3.356507 47.66232
000075 -19.82282 -3.410242 48.55068
000076 -20.43384 -3.465273 49.43336
000077 -21.05696 -3.51714 50.29682
000078 -21.67507 -3.574727 51.15815
000079 -22.2986 -3.635034 52.01179
000080 -22.92529 -3.696616 52.87389
000081 -23.5601 -3.761561 53.73417
000082 -24.20131 -3.822517 54.59689
000083 -24.84571 -3.875701 55.45675
000084 -25.49478 -3.921434 56.31342
000085 -26.14832 -3.971575 57.17032
000086 -26.80899 -4.019298 58.01515
000087 -27.48253 -4.070618 58.86465
000088 -28.1597 -4.126091 59.69578
000089 -28.84498 -4.187294 60.53112
000090 -29.54119 -4.248257 61.36091
000091 -30.245 -4.308387 62.19212
000092 -30.95782 -4.369134 63.01777
000093 -31.6783 -4.431688 63.84049
000094 -32.41736 -4.495389 64.66956
000095 -33.16065 -4.558237 65.48993
000096 -33.90236 -4.621788 66.29394
000097 -34.6737 -4.69083 67.09446
000098 -35.45262 -4.759468 67.89101
000099 -36.25058 -4.834985 68.68199
000100 -37.05458 -4.906233 69.47298
000101 -37.87518 -4.981378 70.26199
000102 -38.69255 -5.057858 71.05256
000103 -39.51886 -5.137328 71.83896
000104 -40.35157 -5.214173 72.62312
000105 -41.19284 -5.292359 73.4057
000106 -42.04713 -5.369497 74.18462
000107 -42.91451 -5.443967 74.95793
000108 -43.78384 -5.527046 75.73564
000109 -44.65831 -5.602316 76.50974
000110 -45.5383 -5.677124 77.27779
000111 -46.43229 -5.7518 78.05127
000112 -47.33404 -5.824835 78.82482
000113 -48.239 -5.898424 79.5962
000114 -49.1522 -5.978524 80.36127
000115 -50.07598 -6.06436 81.1292
000116 -51.00162 -6.153399 81.89059
000117 -51.94082 -6.240477 82.64668
000118 -52.8957 -6.326822 83.39659
000119 -53.86648 -6.412013 84.13486
000120 -54.84867 -6.495943 84.86188
000121 -55.84158 -6.577872 85.57728
000122 -56.84458 -6.660712 86.28487
000123 -57.85918 -6.747722 86.98373
000124 -58.88092 -6.837334 87.67629
000125 -59.91653 -6.928351 88.35909
000126 -60.96415 -7.015079 89.02721
000127 -62.02188 -7.10298 89.68383
000128 -63.09538 -7.1928 90.32891
000129 -64.17133 -7.283912 90.95949
000130 -65.26817 -7.374808 91.58512
000131 -66.37327 -7.465671 92.20094
000132 -67.48666 -7.555186 92.80938
000133 -68.60646 -7.643588 93.40826
000134 -69.7287 -7.731317 93.99874
000135 -70.85828 -7.820048 94.58336
000136 -71.99157 -7.914147 95.1581
000137 -73.13057 -8.01191 95.72828
000138 -74.26251 -8.110093 96.28811
000139 -75.40274 -8.20952 96.84446
000140 -76.58015 -8.308009 97.41509
000141 -77.67611 -8.39673 97.93967
000142 -78.80716 -8.486978 98.47551
000143 -79.93532 -8.574915 99.00669
000144 -81.06306 -8.661986 99.53295
000145 -82.18012 -8.741442 100.0567
000146 -83.28006 -8.827999 100.5627
000147 -84.37076 -8.914608 101.0627
000148 -85.46189 -8.99653 101.5536
000149 -86.54683 -9.072686 102.0328
000150 -87.62037 -9.149512 102.5091
000151 -88.68276 -9.227599 102.9766
000152 -89.74022 -9.305889 103.4282
000153 -90.78632 -9.383578 103.8744
000154 -91.82278 -9.462617 104.3271
000155 -92.85032 -9.540419 104.7844
000156 -93.87053 -9.609312 105.2557
000157 -94.88237 -9.680288 105.7334
000158 -95.88621 -9.749076 106.2164
000159 -96.88157 -9.818909 106.7096
000160 -97.8684 -9.886761 107.2111
000161 -98.8429 -9.958087 107.7189
000162 -99.80583 -10.02675 108.2398
000163 -100.7547 -10.0936 108.779
000164 -101.6995 -10.15566 109.333
000165 -102.636 -10.21665 109.9002
000166 -103.5604 -10.27636 110.4797
000167 -104.475 -10.32552 111.0646
000168 -105.3784 -10.37734 111.6592
000169 -106.2592 -10.42733 112.2557
000170 -107.1244 -10.48384 112.8599
000171 -107.976 -10.53886 113.4723
000172 -108.8156 -10.59968 114.0873
000173 -109.6406 -10.65546 114.7106
000174 -110.4479 -10.71449 115.333
000175 -111.2427 -10.76967 115.9602
000176 -112.0216 -10.82745 116.5904
000177 -112.7849 -10.8844 117.2256
000178 -113.542 -10.94072 117.8586
000179 -114.2854 -10.99692 118.4946
000180 -115.015 -11.05074 119.1327
000181 -115.7305 -11.10434 119.7729
000182 -116.4343 -11.15559 120.4136
000183 -117.1234 -11.20384 121.0568
000184 -117.7905 -11.24261 121.6885
000185 -118.4457 -11.28508 122.3238
000186 -119.0789 -11.32614 122.9483
000187 -119.7016 -11.36777 123.5775
000188 -120.3051 -11.40579 124.211
000189 -120.8956 -11.44246 124.8571
000190 -121.4729 -11.47772 125.5059
000191 -122.0228 -11.51095 126.1435
000192 -122.564 -11.54304 126.7939
000193 -123.091 -11.57569 127.4499
000194 -123.6107 -11.60825 128.1154
000195 -124.1152 -11.63984 128.7847
000196 -124.609 -11.67018 129.4645
000197 -125.0882 -11.70293 130.1548
000198 -125.5569 -11.73561 130.8488
000199 -126.0103 -11.77774 131.5496
000200 -126.4556 -11.80813 132.2593
000201 -126.9007 -11.83797 132.9864
000202 -127.3259 -11.86483 133.6942
000203 -127.7507 -11.89333 134.4241
000204 -128.1662 -11.91791 135.1627
000205 -128.5745 -11.93811 135.9153
000206 -128.9796 -11.95018 136.6699
000207 -129.3903 -11.96483 137.4388
000208 -129.7992 -11.97619 138.2215
000209 -130.2152 -11.98969 139.0168
000210 -130.6247 -11.99943 139.8168
000211 -131.0349 -12.00769 140.6304
000212 -131.4426 -12.0124 141.4623
000213 -131.8502 -12.01698 142.3079
000214 -132.2539 -12.01933 143.168
000215 -132.6563 -12.02112 144.0415
000216 -133.0539 -12.02274 144.9288
000217 -133.4442 -12.02321 145.8318
000218 -133.8322 -12.02503 146.7482
000219 -134.2211 -12.02922 147.6967
000220 -134.5894 -12.03712 148.6265
000221 -134.9441 -12.05065 149.5973
000222 -135.286 -12.061 150.5851
000223 -135.6069 -12.07054 151.5955
000224 -135.9116 -12.07541 152.6125
000225 -136.1882 -12.08576 153.6548
000226 -136.4469 -12.09323 154.7167
000227 -136.6825 -12.09908 155.79
000228 -136.9024 -12.098 156.8857
000229 -137.0941 -12.09538 157.9996
000230 -137.2667 -12.08864 159.1246
000231 -137.4145 -12.08012 160.2678
000232 -137.536 -12.06524 161.4249
000233 -137.6386 -12.05149 162.6009
000234 -137.7162 -12.03634 163.7972
000235 -137.7702 -12.01731 164.9998
000236 -137.8015 -11.99947 166.2283
000237 -137.8118 -11.98516 167.4517
000238 -137.7975 -11.97241 168.692
000239 -137.7602 -11.96079 169.9379
000240 -137.6931 -11.95174 171.1903
000241 -137.6033 -11.94187 172.4609
000242 -137.4876 -11.93709 173.7397
000243 -137.3423 -11.94306 175.0193
000244 -137.176 -11.95029 176.3073
000245 -136.9802 -11.96497 177.6055
000246 -136.7646 -11.98376 178.9113
000247 -136.5221 -12.01144 180.2277
000248 -136.2573 -12.04258 181.5452
000249 -135.9617 -12.08256 182.8797
000250 -135.6393 -12.12331 184.2188
000251 -135.2905 -12.16852 185.5514
000252 -134.921 -12.21523 186.8879
000253 -134.5303 -12.26706 188.2314
000254 -134.1176 -12.31567 189.5769
000255 -133.6769 -12.36376 190.9279
000256 -133.2045 -12.41575 192.2715
000257 -132.7041 -12.47353 193.6195
000258 -132.1764 -12.53918 194.9675
000259 -131.6211 -12.6128 196.3008
000260 -131.0346 -12.69471 197.6474
000261 -130.4121 -12.78312 198.974
000262 -129.7556 -12.87573 200.3057
000263 -129.0608 -12.973 201.6167
000264 -128.325 -13.07773 202.9078
000265 -127.547 -13.18252 204.1905
000266 -126.7314 -13.29464 205.446
000267 -125.8796 -13.41339 206.6836
000268 -124.994 -13.53728 207.8983
000269 -124.0689 -13.67026 209.0904
000270 -123.1156 -13.8093 210.2655
000271 -122.1292 -13.95312 211.424
000272 -121.1117 -14.09866 212.5536
000273 -120.0725 -14.24635 213.663
000274 -119.0042 -14.39724 214.7483
000275 -117.9114 -14.55461 215.8204
000276 -116.7977 -14.71793 216.8677
000277 -115.6567 -14.88974 217.8953
000278 -114.5005 -15.05999 218.8995
000279 -113.3266 -15.22932 219.8821
000280 -112.1403 -15.39873 220.8287
000281 -110.9463 -15.56587 221.7455
000282 -109.7418 -15.73251 222.6219
000283 -108.5346 -15.89865 223.4648
000284 -107.3071 -16.06679 224.2815
000285 -106.0712 -16.23283 225.0551
000286 -104.8297 -16.39478 225.798
000287 -103.583 -16.55412 226.5016
000288 -102.3303 -16.70912 227.1631
000289 -101.0709 -16.8614 227.7927
000290 -99.81459 -17.01115 228.383
000291 -98.54908 -17.16162 228.9348
000292 -97.28755 -17.31059 229.4536
000293 -96.02574 -17.4558 229.9362
000294 -94.76526 -17.60194 230.3936
000295 -93.51167 -17.74895 230.8192
000296 -92.27409 -17.90266 231.2075
000297 -91.04012 -18.06044 231.5729
000298 -89.80706 -18.22511 231.9127
000299 -88.57746 -18.39359 232.2234
000300 -87.35636 -18.55902 232.5085
000301 -86.13843 -18.72416 232.7642
000302 -84.92355 -18.88775 232.9934
000303 -83.71282 -19.04863 233.1988
000304 -82.50969 -19.20896 233.3727
000305 -81.31714 -19.36977 233.5316
000306 -80.1318 -19.52757 233.6653
000307 -78.95298 -19.68703 233.7739
000308 -77.77811 -19.84734 233.8599
000309 -76.59714 -20.00318 233.9286
000310 -75.46824 -20.15044 233.9791
000311 -74.33738 -20.29495 234.0179
000312 -73.22171 -20.43837 234.047
000313 -72.11428 -20.5793 234.0698
000314 -71.02345 -20.7249 234.086
000315 -69.95117 -20.87505 234.0942
000316 -68.88154 -21.02076 234.0987
000317 -67.81083 -21.16769 234.0967
000318 -66.74442 -21.3062 234.0897
000319 -65.69534 -21.43534 234.0821
000320 -64.65882 -21.56167 234.077
000321 -63.63127 -21.6885 234.073
000322 -62.6125 -21.81801 234.0729
000323 -61.59595 -21.9485 234.0761
000324 -60.58819 -22.07608 234.0809
000325 -59.58519 -22.20492 234.0933
000326 -58.58962 -22.33445 234.1095
000327 -57.58997 -22.46446 234.1299
000328 -56.59296 -22.59437 234.1542
000329 -55.61261 -22.72297 234.1831
000330 -54.63127 -22.84877 234.2213
000331 -53.64951 -22.97595 234.2666
000332 -52.66948 -23.1039 234.3208
000333 -51.6918 -23.22962 234.3808
000334 -50.71747 -23.35302 234.4474
000335 -49.75239 -23.4779 234.521
000336 -48.78998 -23.59769 234.6005
000337 -47.82873 -23.71823 234.6851
000338 -46.86941 -23.84177 234.7793
000339 -45.91473 -23.96567 234.8807
000340 -44.96036 -24.08941 234.9871
000341 -44.00878 -24.21455 235.1012
000342 -43.0566 -24.33575 235.2214
000343 -42.10966 -24.45463 235.3479
000344 -41.16675 -24.57047 235.4786
000345 -40.22656 -24.68721 235.615
000346 -39.29119 -24.8056 235.7584
000347 -38.36062 -24.92222 235.9109
000348 -37.43651 -25.03558 236.0723
000349 -36.51652 -25.15044 236.2425
000350 -35.59589 -25.26483 236.4208
000351 -34.67183 -25.37859 236.6029
000352 -33.74449 -25.49004 236.786
000353 -32.81121 -25.60259 236.9709
000354 -31.8721 -25.7165 237.1592
000355 -30.92803 -25.83305 237.3485
000356 -29.98093 -25.95197 237.5425
000357 -29.03001 -26.07414 237.739
000358 -28.07792 -26.19995 237.9448
000359 -27.12052 -26.32376 238.1523
000360 -26.16421 -26.45236 238.3612
000361 -25.20641 -26.57591 238.5754
000362 -24.24773 -26.6951 238.7918
000363 -23.2884 -26.81809 239.0146
000364 -22.32641 -26.94049 239.2487
000365 -21.36288 -27.06134 239.4902
000366 -20.42015 -27.18237 239.7378
000367 -19.47329 -27.30342 239.9989
000368 -18.5276 -27.42264 240.2693
000369 -17.5859 -27.54421 240.5579
000370 -16.65096 -27.66418 240.8545
000371 -15.71651 -27.78349 241.1633
000372 -14.78774 -27.90214 241.4843
000373 -13.86544 -28.02279 241.8115
000374 -12.94415 -28.14553 242.1516
000375 -12.02778 -28.26671 242.4978
000376 -11.11234 -28.38624 242.8532
000377 -10.20216 -28.50521 243.2173
000378 -9.297034 -28.62274 243.5898
000379 -8.39843 -28.73833 243.9669
000380 -7.504105 -28.85496 244.3519
000381 -6.615868 -28.96837 244.741
000382 -5.736688 -29.08337 245.139
000383 -4.863903 -29.19595 245.5429
000384 -4.000885 -29.30581 245.9502
000385 -3.138302 -29.41357 246.3659
000386 -2.279275 -29.51821 246.7944
000387 -1.445171 -29.61846 247.2235
000388 -0.6089908 -29.7175 247.6612
000389 0.2183283 -29.81292 248.106
000390 1.045353 -29.91067 248.5608
000391 1.859248 -30.00435 249.018
000392 2.67098 -30.09499 249.4807
000393 3.471952 -30.185 249.9508
000394 4.271917 -30.27453 250.4292
000395 5.069513 -30.36317 250.9148
000396 5.864994 -30.45063 251.4103
000397 6.6574 -30.5354 251.9098
000398 7.450741 -30.61794 252.4159
000399 8.235125 -30.7078 252.9478
000400 9.016959 -30.80137 253.4953
000401 9.801622 -30.88791 254.0322
000402 10.58369 -30.97495 254.5731
000403 11.36948 -31.05756 255.1065
000404 12.15623 -31.14299 255.6432
000405 12.95334 -31.22648 256.1774
000406 13.7491 -31.31135 256.7107
000407 14.54836 -31.39186 257.2442
000408 15.3464 -31.46761 257.7811
000409 16.14924 -31.53968 258.3218
000410 16.95281 -31.61045 258.8641
000411 17.75105 -31.67773 259.4004
000412 18.55725 -31.74541 259.943
000413 19.3692 -31.81498 260.4861
000414 20.18886 -31.88088 261.0303
000415 21.00873 -31.94455 261.5765
000416 21.82846 -32.00561 262.1211
000417 22.64772 -32.06667 262.6668
000418 23.46534 -32.12407 263.2117
000419 24.28406 -32.18277 263.7578
000420 25.09945 -32.23898 264.3056
000421 25.90965 -32.29336 264.8536
000422 26.71834 -32.34532 265.4038
000423 27.52584 -32.39374 265.9545
000424 28.33742 -32.44106 266.5106
000425 29.13951 -32.48768 267.0673
000426 29.93629 -32.52924 267.6317
000427 30.72188 -32.57164 268.2023
000428 31.51535 -32.61117 268.787
000429 32.28615 -32.64565 269.3609
000430 33.06738 -32.681 269.9506
000431 33.83956 -32.71451 270.5455
000432 34.60616 -32.74316 271.1437
000433 35.37431 -32.76919 271.763
000434 36.12313 -32.796 272.3795
000435 36.88517 -32.82239 273.0271
000436 37.61896 -32.84713 273.6648
000437 38.36067 -32.86961 274.3264
000438 39.09705 -32.89032 274.9985
000439 39.83251 -32.90687 275.6856
000440 40.5627 -32.92236 276.3839
000441 41.2908 -32.93282 277.0968
000442 42.01104 -32.94048 277.8139
000443 42.72826 -32.94141 278.5485
000444 43.43925 -32.94227 279.2973
000445 44.13891 -32.94108 280.0564
000446 44.83054 -32.93892 280.8337
000447 45.51325 -32.93165 281.6223
000448 46.18797 -32.92048 282.4264
000449 46.85704 -32.90812 283.2402
000450 47.51422 -32.8956 284.0707
000451 48.16186 -32.88378 284.9088
000452 48.80087 -32.86705 285.7633
000453 49.43183 -32.85123 286.6268
000454 50.05648 -32.83393 287.5006
000455 50.67806 -32.81862 288.3827
000456 51.2941 -32.8014 289.2738
000457 51.90333 -32.78135 290.1798
000458 52.50376 -32.75836 291.0916
000459 53.1013 -32.73217 292.0124
000460 53.69392 -32.70406 292.9404
000461 54.28513 -32.67788 293.8744
000462 54.87523 -32.65164 294.8097
000463 55.46258 -32.62805 295.7482
000464 56.05376 -32.60911 296.6913
000465 56.6464 -32.59218 297.6432
000466 57.24675 -32.57634 298.5989
000467 57.844 -32.55846 299.5544
000468 58.44553 -32.54287 300.513
000469 59.04661 -32.52555 301.4742
000470 59.64824 -32.51206 302.4387
000471 60.25245 -32.49993 303.4051
000472 60.85575 -32.4882 304.3772
000473 61.45457 -32.47657 305.3532
000474 62.04386 -32.46368 306.3306
000475 62.62684 -32.45287 307.3125
000476 63.20067 -32.44101 308.2986
000477 63.76115 -32.42862 309.2962
000478 64.30564 -32.41601 310.296
000479 64.83487 -32.40129 311.3014
000480 65.34992 -32.38606 312.3119
000481 65.84964 -32.36908 313.328
000482 66.33619 -32.34945 314.343
000483 66.80683 -32.329 315.3642
000484 67.26172 -32.30847 316.3929
000485 67.69762 -32.28716 317.4229
000486 68.11608 -32.26561 318.4582
000487 68.51895 -32.24256 319.4969
000488 68.9112 -32.21964 320.5379
000489 69.29662 -32.19587 321.5796
000490 69.68136 -32.17085 322.6199
000491 70.06439 -32.14709 323.6608
000492 70.44427 -32.12381 324.7015
000493 70.81841 -32.10145 325.7426
000494 71.18513 -32.08036 326.7834
000495 71.54449 -32.06064 327.8233
000496 71.89744 -32.04255 328.8691
000497 72.23984 -32.02417 329.9145
000498 72.57908 -32.00816 330.9626
000499 72.90725 -31.98875 332.0149
000500 73.22541 -31.9682 333.066
000501 73.53763 -31.94626 334.1099
000502 73.84678 -31.92828 335.1522
000503 74.15395 -31.91045 336.19
000504 74.4568 -31.89088 337.2283
000505 74.75129 -31.87433 338.2575
000506 75.04168 -31.86005 339.2779
000507 75.33938 -31.84496 340.2804
000508 75.64658 -31.83043 341.2657
000509 75.96199 -31.81686 342.2291
000510 76.28669 -31.80263 343.1793
000511 76.61429 -31.78885 344.1086
000512 76.94057 -31.77555 345.02
000513 77.26414 -31.76135 345.9187
000514 77.58804 -31.74891 346.8106
000515 77.90573 -31.73516 347.7052
000516 78.2171 -31.72234 348.5992
000517 78.51685 -31.70691 349.4904
000518 78.80464 -31.68943 350.3859
000519 79.07651 -31.67291 351.2823
000520 79.33206 -31.65684 352.1784
000521 79.57169 -31.64085 353.0776
000522 79.78843 -31.62513 353.9707
000523 79.98163 -31.60841 354.8763
000524 80.14676 -31.59145 355.783
000525 80.2892 -31.57733 356.6801
000526 80.40211 -31.55984 357.5935
000527 80.48729 -31.5418 358.5136
000528 80.54421 -31.52557 359.4226
000529 80.57789 -31.50891 360.3471
000530 80.5791 -31.49357 361.2565
000531 80.55395 -31.48122 362.1817
000532 80.50377 -31.46835 363.1079
000533 80.42244 -31.45847 364.0223
000534 80.3253 -31.44743 364.9501
000535 80.20825 -31.43001 365.8859
000536 80.07791 -31.41455 366.8241
000537 79.94829 -31.39688 367.7646
000538 79.81544 -31.37499 368.7053
000539 79.68395 -31.35541 369.6588
000540 79.55293 -31.34232 370.6239
000541 79.42602 -31.33323 371.601
000542 79.30568 -31.32438 372.5851
000543 79.18987 -31.31667 373.5762
000544 79.0754 -31.31062 374.5782
000545 78.96176 -31.3058 375.5915
000546 78.84772 -31.30379 376.6174
000547 78.73066 -31.30337 377.6606
000548 78.60938 -31.3039 378.7144
000549 78.48722 -31.30288 379.7791
000550 78.36387 -31.30012 380.8531
000551 78.2369 -31.29765 381.936
000552 78.10922 -31.29518 383.0249
000553 77.98045 -31.29528 384.1197
000554 77.85278 -31.30306 385.2237
000555 77.72434 -31.31219 386.3317
000556 77.5924 -31.32406 387.4466
000557 77.45375 -31.33599 388.5622
000558 77.30367 -31.34834 389.6735
000559 77.14432 -31.36269 390.7854
000560 76.97095 -31.37711 391.8934
000561 76.78571 -31.3927 392.9985
000562 76.58879 -31.40867 394.1042
000563 76.38134 -31.42457 395.2089
000564 76.16426 -31.44009 396.3079
000565 75.93686 -31.4571 397.4008
000566 75.69807 -31.47379 398.4859
000567 75.45311 -31.49232 399.5639
000568 75.2019 -31.51505 400.6413
000569 74.94731 -31.54084 401.7126
000570 74.68782 -31.56546 402.7781
000571 74.42503 -31.58923 403.8427
000572 74.15678 -31.61778 404.9015
000573 73.88059 -31.6441 405.9596
000574 73.59545 -31.66936 407.0193
000575 73.30042 -31.69988 408.08
000576 73.00156 -31.7244 409.1401
000577 72.69584 -31.749 410.1997
000578 72.38689 -31.77891 411.2612
000579 72.07703 -31.80392 412.325
000580 71.76328 -31.82436 413.3909
000581 71.45234 -31.84176 414.4546
000582 71.14226 -31.85764 415.5184
000583 70.83109 -31.87188 416.5892
000584 70.51687 -31.8861 417.6604
000585 70.19949 -31.90021 418.7326
000586 69.8792 -31.91565 419.8042
000587 69.5554 -31.93043 420.8789
000588 69.2265 -31.9457 421.9547
000589 68.89716 -31.95867 423.0276
000590 68.56748 -31.97007 424.0987
000591 68.2361 -31.97932 425.1672
000592 67.90725 -31.98673 426.2316
000593 67.58285 -31.99085 427.2967
000594 67.26082 -31.99343 428.3636
000595 66.94492 -31.99838 429.4275
000596 66.63004 -32.00244 430.4897
000597 66.31324 -32.00341 431.5526
000598 65.99975 -32.00405 432.6125
000599 65.69263 -32.0054 433.6679
000600 65.39174 -32.00794 434.718
000601 65.09184 -32.00684 435.7636
000602 64.7953 -32.00634 436.8145
000603 64.50167 -32.00146 437.8569
000604 64.20944 -31.99374 438.8958
000605 63.91835 -31.98437 439.9266
000606 63.63492 -31.97432 440.951
000607 63.34747 -31.9629 441.9773
000608 63.06845 -31.95175 442.9952
000609 62.78947 -31.94208 444.0057
000610 62.51137 -31.93323 445.0131
000611 62.23499 -31.92276 446.0174
000612 61.95669 -31.91215 447.0157
000613 61.68102 -31.90034 448.0051
000614 61.40554 -31.88699 448.9871
000615 61.13348 -31.87437 449.9612
000616 60.85985 -31.85869 450.936
000617 60.58852 -31.83939 451.9056
000618 60.31862 -31.82137 452.8672
000619 60.04749 -31.80084 453.8214
000620 59.77363 -31.77269 454.7706
000621 59.49952 -31.745 455.7181
000622 59.22788 -31.71546 456.6613
000623 58.95936 -31.68792 457.5985
000624 58.68217 -31.6571 458.5292
000625 58.41123 -31.62677 459.454
000626 58.13871 -31.59279 460.3793
000627 57.86716 -31.55486 461.2989
000628 57.59517 -31.51624 462.2195
000629 57.32346 -31.47316 463.1328
000630 57.05466 -31.43032 464.0352
000631 56.78473 -31.39085 464.9402
000632 56.51312 -31.35051 465.838
000633 56.24359 -31.31104 466.7311
000634 55.97516 -31.26845 467.6161
000635 55.70642 -31.22947 468.4902
000636 55.44306 -31.1895 469.359
000637 55.19015 -31.14825 470.2193
000638 54.93808 -31.10661 471.068
000639 54.68622 -31.06783 471.9076
000640 54.43976 -31.0289 472.7303
000641 54.19609 -30.9899 473.5398
000642 53.95765 -30.95139 474.3351
000643 53.72093 -30.91411 475.1187
000644 53.48669 -30.87727 475.8951
000645 53.25673 -30.84191 476.667
000646 53.02994 -30.80574 477.435
000647 52.80553 -30.77058 478.2003
000648 52.58238 -30.73711 478.9637
000649 52.36818 -30.70384 479.7274
000650 52.15897 -30.67249 480.4948
000651 51.9565 -30.63856 481.2619
000652 51.76125 -30.60419 482.0291
000653 51.57938 -30.56469 482.8083
000654 51.41261 -30.52561 483.5742
000655 51.2648 -30.48336 484.3504
000656 51.12985 -30.43579 485.1306
000657 51.01388 -30.38739 485.8993
000658 50.92373 -30.33843 486.6859
000659 50.85612 -30.29042 487.4558
000660 50.81291 -30.23839 488.2488
000661 50.78958 -30.18975 489.0397
000662 50.78273 -30.14069 489.8147
000663 50.79808 -30.09257 490.6097
000664 50.83755 -30.04458 491.4043
000665 50.89584 -29.9942 492.1865
000666 50.97871 -29.94151 492.9845
000667 51.07691 -29.88899 493.7676
000668 51.20034 -29.83565 494.5665
000669 51.34527 -29.78214 495.3675
000670 51.50743 -29.73015 496.154
000671 51.69023 -29.67656 496.954
000672 51.88905 -29.62201 497.7384
000673 52.10391 -29.56599 498.538
000674 52.3348 -29.51232 499.3404
000675 52.5773 -29.45884 500.1304
000676 52.83706 -29.40357 500.9295
000677 53.115 -29.3487 501.7272
000678 53.40723 -29.29596 502.5154
000679 53.71836 -29.24292 503.3105
000680 54.04875 -29.18701 504.0955
000681 54.39704 -29.13444 504.8849
000682 54.75466 -29.08324 505.6708
000683 55.12853 -29.0295 506.4413
000684 55.51857 -28.97454 507.215
000685 55.92001 -28.92099 507.9885
000686 56.33078 -28.87181 508.7464
000687 56.76502 -28.81938 509.5093
000688 57.22092 -28.76947 510.2608
000689 57.69773 -28.72154 510.9963
000690 58.19202 -28.67046 511.7304
000691 58.70363 -28.62006 512.4344
000692 59.23643 -28.56822 513.1364
000693 59.78904 -28.51717 513.824
000694 60.35691 -28.46556 514.4741
000695 60.94103 -28.41393 515.123
000696 61.54043 -28.36362 515.7527
000697 62.14796 -28.31325 516.3489
000698 62.77411 -28.26593 516.9483
000699 63.41 -28.21523 517.523
000700 64.06358 -28.1632 518.0987
000701 64.72637 -28.10952 518.6677
000702 65.39789 -28.05897 519.2173
000703 66.08128 -28.00302 519.7634
000704 66.7815 -27.9434 520.2979
000705 67.49669 -27.88382 520.8146
000706 68.22668 -27.8248 521.3332
000707 68.96467 -27.7626 521.8221
000708 69.72064 -27.69845 522.3072
000709 70.49014 -27.63187 522.7752
000710 71.26995 -27.56393 523.2094
000711 72.06765 -27.49619 523.6424
000712 72.88195 -27.43168 524.0537
000713 73.70685 -27.36328 524.4314
000714 74.54929 -27.2949 524.8091
000715 75.40261 -27.22692 525.1532
000716 76.27214 -27.15831 525.4938
000717 77.15385 -27.0905 525.8152
000718 78.04891 -27.02582 526.0993
000719 78.95806 -26.9603 526.3779
000720 79.88199 -26.89512 526.6331
000721 80.81229 -26.82926 526.8463
000722 81.75988 -26.76321 527.0519
000723 82.71544 -26.69427 527.2117
000724 83.68379 -26.62491 527.3659
000725 84.662 -26.55209 527.4958
000726 85.64079 -26.48066 527.5862
000727 86.6344 -26.40934 527.6691
000728 87.63562 -26.34008 527.7282
000729 88.64429 -26.26934 527.7485
000730 89.66475 -26.19854 527.7594
000731 90.68595 -26.12429 527.7447
000732 91.71062 -26.05169 527.6937
000733 92.7424 -25.97886 527.632
000734 93.77225 -25.90658 527.5293
000735 94.81179 -25.83551 527.4118
000736 95.84775 -25.76414 527.266
000737 96.89231 -25.69147 527.0839
000738 97.9353 -25.6197 526.8865
000739 98.97594 -25.54936 526.6691
000740 100.0166 -25.47932 526.4202
000741 101.0631 -25.41253 526.1579
000742 102.1114 -25.34905 525.8619
000743 103.1527 -25.28497 525.5551
000744 104.1946 -25.22449 525.225
000745 105.2323 -25.16476 524.8601
000746 106.2708 -25.10817 524.4816
000747 107.3057 -25.04722 524.079
000748 108.3359 -24.98332 523.6486
000749 109.3625 -24.91895 523.2035
000750 110.3854 -24.85501 522.7436
000751 111.4089 -24.7906 522.2678
000752 112.4335 -24.72596 521.78
000753 113.4596 -24.66148 521.2823
000754 114.4887 -24.59501 520.7805
000755 115.5241 -24.52533 520.2755
000756 116.5671 -24.45513 519.7695
000757 117.6188 -24.38187 519.2618
000758 118.6731 -24.30554 518.7529
000759 119.7393 -24.22602 518.2372
000760 120.7926 -24.14628 517.7198
000761 121.8562 -24.06527 517.1981
000762 122.9823 -23.98083 516.6406
000763 123.9987 -23.90695 516.1368
000764 125.0778 -23.83069 515.601
000765 126.1655 -23.75369 515.061
000766 127.2602 -23.67277 514.5161
000767 128.3584 -23.5879 513.9694
000768 129.4592 -23.50028 513.4194
000769 130.5636 -23.41113 512.8629
000770 131.6737 -23.321 512.3036
000771 132.7854 -23.23155 511.7395
000772 133.9003 -23.14183 511.1717
000773 135.0274 -23.05305 510.6026
000774 136.1645 -22.96281 510.0303
000775 137.3043 -22.87414 509.462
000776 138.4492 -22.78217 508.8889
000777 139.6002 -22.69558 508.3114
000778 140.7566 -22.61062 507.7301
000779 141.9268 -22.52507 507.1428
000780 143.1097 -22.4397 506.5487
000781 144.2912 -22.34865 505.9553
000782 145.478 -22.25641 505.3604
000783 146.6725 -22.16569 504.7613
000784 147.8734 -22.07507 504.1583
000785 149.0829 -21.98248 503.5505
000786 150.295 -21.88966 502.9378
000787 151.5134 -21.79762 502.3224
000788 152.7381 -21.70561 501.7039
000789 153.9671 -21.61081 501.0819
000790 155.2051 -21.51361 500.4592
000791 156.448 -21.41661 499.8347
000792 157.6962 -21.31784 499.2141
000793 158.9485 -21.22163 498.5909
000794 160.2015 -21.125 497.9678
000795 161.4577 -21.02669 497.3338
000796 162.7095 -20.92957 496.6974
000797 163.9639 -20.83478 496.056
000798 165.2167 -20.74087 495.4166
000799 166.4725 -20.64426 494.7775
000800 167.7294 -20.54888 494.1397
000801 168.9848 -20.45392 493.501
000802 170.2407 -20.35761 492.866
000803 171.4922 -20.26448 492.2268
000804 172.7464 -20.16956 491.5867
000805 174.0021 -20.07505 490.9488
000806 175.2552 -19.9835 490.3149
000807 176.518 -19.8903 489.6888
000808 177.7846 -19.79189 489.0623
000809 179.0424 -19.68856 488.4414
000810 180.2952 -19.58514 487.8199
000811 181.5442 -19.49063 487.1991
000812 182.791 -19.40045 486.5821
000813 184.0367 -19.31218 485.9705
000814 185.2871 -19.22132 485.3579
000815 186.5353 -19.12833 484.7464
000816 187.7792 -19.03249 484.1357
000817 189.0229 -18.93513 483.5291
000818 190.2601 -18.83965 482.9202
000819 191.5002 -18.74797 482.3065
000820 192.7302 -18.65898 481.695
000821 193.9589 -18.57151 481.0822
000822 195.1802 -18.48166 480.4696
000823 196.3987 -18.38982 479.8577
000824 197.6125 -18.29661 479.2386
000825 198.8153 -18.20177 478.6213
000826 200.0113 -18.11021 477.998
000827 201.2039 -18.0212 477.3755
000828 202.3936 -17.93582 476.7531
000829 203.5745 -17.84839 476.1272
000830 204.7495 -17.76134 475.5031
000831 205.912 -17.67386 474.8804
000832 207.0547 -17.58872 474.2634
000833 208.1847 -17.50379 473.6495
000834 209.2965 -17.41982 473.041
000835 210.3879 -17.33782 472.4427
000836 211.4603 -17.25655 471.8533
000837 212.5154 -17.17684 471.2747
000838 213.557 -17.09841 470.7007
000839 214.5775 -17.02312 470.1384
000840 215.5806 -16.94907 469.5866
000841 216.5643 -16.87651 469.0499
000842 217.532 -16.8043 468.5258
000843 218.4892 -16.73272 468.019
000844 219.4374 -16.66257 467.53
000845 220.3833 -16.59176 467.0521
000846 221.3283 -16.5219 466.5992
000847 222.2667 -16.45181 466.1579
000848 223.2143 -16.38216 465.7518
000849 224.1568 -16.31656 465.3685
000850 225.0949 -16.25136 464.9901
000851 226.0385 -16.1878 464.645
000852 226.9918 -16.12171 464.3162
000853 227.9467 -16.05768 463.994
000854 228.9161 -15.98694 463.7049
000855 229.8835 -15.91882 463.4247
000856 230.8615 -15.84521 463.1732
000857 231.8455 -15.76834 462.9466
000858 232.8208 -15.68945 462.7313
000859 233.8021 -15.61062 462.5511
000860 234.7905 -15.53122 462.3968
000861 235.7801 -15.45256 462.2433
000862 236.7819 -15.37374 462.127
000863 237.7754 -15.29603 462.0136
000864 238.7822 -15.22098 461.9458
000865 239.8015 -15.14871 461.9088
000866 240.8171 -15.07971 461.8821
000867 241.8484 -15.00872 461.9056
000868 242.8871 -14.93785 461.9587
000869 243.9215 -14.86791 462.0253
000870 244.9679 -14.79224 462.1475
000871 246.0147 -14.71717 462.3013
000872 247.0455 -14.63499 462.4662
000873 248.0862 -14.55321 462.6823
000874 249.1163 -14.47276 462.9047
000875 250.1535 -14.39499 463.1846
000876 251.1869 -14.31785 463.4958
000877 252.2181 -14.24214 463.8149
000878 253.2511 -14.15996 464.1837
000879 254.278 -14.07993 464.5801
000880 255.2844 -13.99854 464.9924
000881 256.2915 -13.91361 465.4443
000882 257.2879 -13.83281 465.9152
000883 258.2838 -13.75046 466.431
000884 259.272 -13.66058 466.9735
000885 260.242 -13.56759 467.5231
000886 261.2129 -13.46845 468.115
000887 262.167 -13.36576 468.7278
000888 263.1069 -13.26249 469.3511
000889 264.0386 -13.15686 470.0093
000890 264.9501 -13.047 470.6824
000891 265.8661 -12.93644 471.3814
000892 266.7707 -12.82445 472.0954
000893 267.6648 -12.70881 472.8167
000894 268.5593 -12.59549 473.556
000895 269.4451 -12.48224 474.3022
000896 270.3268 -12.3719 475.0662
000897 271.2044 -12.26437 475.84
000898 272.0801 -12.16173 476.625
000899 272.9566 -12.06642 477.4157
000900 273.8199 -11.96704 478.2067
000901 274.6794 -11.8647 479.0004
000902 275.5328 -11.7617 479.794
000903 276.3851 -11.65563 480.5908
000904 277.2328 -11.54923 481.3873
000905 278.0737 -11.44208 482.1839
000906 278.9155 -11.33729 482.9771
000907 279.7479 -11.23688 483.7711
000908 280.5737 -11.1374 484.5659
000909 281.3909 -11.04233 485.3468
000910 282.2015 -10.94613 486.121
000911 283.0065 -10.85061 486.8821
000912 283.8095 -10.75496 487.6331
000913 284.6001 -10.65661 488.3623
000914 285.3834 -10.56449 489.0697
000915 286.1655 -10.47556 489.7597
000916 286.9345 -10.38547 490.4284
000917 287.7098 -10.30407 491.0749
000918 288.4793 -10.22701 491.6995
000919 289.2397 -10.15259 492.2937
000920 290.0002 -10.08408 492.8736
000921 290.7534 -10.01717 493.4252
000922 291.4972 -9.957206 493.9478
000923 292.2322 -9.901449 494.4459
000924 292.9439 -9.856274 494.9094
000925 293.6522 -9.817235 495.3669
000926 294.3461 -9.779102 495.7951
000927 295.05 -9.747383 496.2082
000928 295.7561 -9.728772 496.6063
000929 296.448 -9.708025 496.9567
000930 297.1576 -9.687419 497.2955
000931 297.8504 -9.667756 497.5729
000932 298.5559 -9.648325 497.8401
000933 299.2753 -9.634008 498.0804
000934 299.9726 -9.625312 498.2481
000935 300.7031 -9.616258 498.4362
000936 301.4093 -9.612974 498.5528
000937 302.1578 -9.612934 498.68
000938 302.9123 -9.616508 498.7757
000939 303.6385 -9.614262 498.8063
000940 304.3832 -9.609024 498.8473
000941 305.0947 -9.599674 498.8004
000942 305.8255 -9.581026 498.7558
000943 306.5495 -9.57023 498.688
000944 307.2496 -9.563955 498.5511
000945 307.9695 -9.557759 498.4134
000946 308.6652 -9.547326 498.2296
000947 309.3754 -9.541535 498.0587
000948 310.0827 -9.533965 497.8664
000949 310.7757 -9.5204 497.6412
000950 311.4724 -9.507541 497.4115
000951 312.1685 -9.49048 497.1695
000952 312.8596 -9.46989 496.9065
000953 313.5514 -9.450217 496.6343
000954 314.2425 -9.434712 496.345
000955 314.9309 -9.416673 496.049
000956 315.6175 -9.401439 495.7436
000957 316.2872 -9.389864 495.404
000958 316.959 -9.386532 495.0638
000959 317.5986 -9.378597 494.6783
000960 318.2422 -9.364049 494.2939
000961 318.8772 -9.353565 493.8905
000962 319.4693 -9.344713 493.419
000963 320.0678 -9.337214 492.9593
000964 320.6151 -9.329423 492.4378
000965 321.17 -9.318911 491.9416
000966 321.6918 -9.305044 491.4229
000967 322.1597 -9.290593 490.8429
000968 322.6207 -9.270096 490.2864
000969 323.0279 -9.252765 489.6796
000970 323.4246 -9.235231 489.1022
000971 323.7955 -9.221189 488.5201
000972 324.128 -9.214534 487.9074
000973 324.4613 -9.206199 487.3102
000974 324.7836 -9.202119 486.7042
000975 325.0831 -9.202982 486.0741
000976 325.3807 -9.20397 485.451
000977 325.6448 -9.204579 484.8005
000978 325.9016 -9.196251 484.1562
000979 326.1455 -9.186176 483.51
000980 326.3499 -9.172831 482.8301
000981 326.5415 -9.163635 482.1612
000982 326.7128 -9.156698 481.4905
000983 326.8481 -9.148354 480.7896
000984 326.975 -9.131456 480.1106
000985 327.0584 -9.116752 479.3865
000986 327.1361 -9.109399 478.6836
000987 327.1999 -9.098587 477.9813
000988 327.2181 -9.084421 477.2493
000989 327.2265 -9.065107 476.5385
000990 327.2076 -9.041306 475.8161
000991 327.1497 -9.017436 475.0643
000992 327.0832 -8.998575 474.3306
000993 326.9871 -8.977902 473.5749
000994 326.887 -8.955119 472.8295
000995 326.761 -8.927932 472.0781
000996 326.6126 -8.900792 471.3125
000997 326.456 -8.877903 470.5453
000998 326.2859 -8.859804 469.7695
000999 326.1017 -8.84498 468.9843
001000 325.9112 -8.82954 468.1946
001001 325.705 -8.821245 467.3931
001002 325.485 -8.806233 466.5847
001003 325.2531 -8.784192 465.7709
001004 325.0129 -8.766277 464.9475
001005 324.7709 -8.745386 464.1173
001006 324.5258 -8.719498 463.2831
001007 324.2709 -8.692468 462.4301
001008 324.0153 -8.668447 461.5688
001009 323.7604 -8.642691 460.6986
001010 323.503 -8.617596 459.8214
001011 323.2415 -8.58986 458.9371
001012 322.9725 -8.552894 458.0422
001013 322.7021 -8.516222 457.1378
001014 322.4281 -8.476687 456.2216
001015 322.1498 -8.447955 455.3051
001016 321.8673 -8.420723 454.3759
001017 321.5822 -8.396462 453.4387
001018 321.2933 -8.372725 452.4964
001019 320.9976 -8.341981 451.5472
001020 320.7005 -8.317658 450.5902
001021 320.4014 -8.29681 449.6333
001022 320.1023 -8.27599 448.6726
001023 319.8033 -8.257096 447.7094
001024 319.4999 -8.230078 446.743
001025 319.1953 -8.199201 445.7773
001026 318.8823 -8.171181 444.8127
001027 318.5658 -8.141815 443.8413
001028 318.2459 -8.116386 442.87
001029 317.9336 -8.093347 441.902
001030 317.6255 -8.071373 440.9323
001031 317.3225 -8.050251 439.9589
001032 317.0265 -8.029805 438.9827
001033 316.7304 -8.006388 438.0064
001034 316.4413 -7.988243 437.0287
001035 316.1595 -7.976289 436.0527
001036 315.8812 -7.969702 435.0726
001037 315.6145 -7.966527 434.0928
001038 315.3574 -7.966772 433.1048
001039 315.1057 -7.967969 432.1196
001040 314.867 -7.972304 431.1326
001041 314.6335 -7.968748 430.1386
001042 314.4162 -7.969385 429.1517
001043 314.2136 -7.9643 428.1654
001044 314.0237 -7.961579 427.1748
001045 313.8513 -7.947662 426.1826
001046 313.6951 -7.944008 425.1884
001047 313.5461 -7.942327 424.1888
001048 313.4112 -7.939799 423.1903
001049 313.2937 -7.940858 422.195
001050 313.186 -7.934332 421.1917
001051 313.101 -7.929527 420.1926
001052 313.0266 -7.923389 419.1863
001053 312.9673 -7.916512 418.1842
001054 312.918 -7.904677 417.1852
001055 312.8816 -7.897393 416.1802
001056 312.8645 -7.882213 415.1799
001057 312.8515 -7.864187 414.1736
001058 312.8537 -7.836788 413.1682
001059 312.8726 -7.809641 412.1555
001060 312.9004 -7.788164 411.1602
001061 312.9384 -7.770852 410.1608
001062 312.9904 -7.75132 409.1621
001063 313.0478 -7.727473 408.161
001064 313.1205 -7.703911 407.1622
001065 313.2035 -7.680434 406.1594
001066 313.2979 -7.656495 405.1567
001067 313.4058 -7.636293 404.1588
001068 313.5203 -7.617968 403.1635
001069 313.646 -7.603233 402.1697
001070 313.7817 -7.590841 401.177
001071 313.9238 -7.578294 400.1891
001072 314.0758 -7.564827 399.2065
001073 314.242 -7.556412 398.2277
001074 314.4105 -7.544788 397.2525
001075 314.5829 -7.533432 396.2813
001076 314.7637 -7.519799 395.3134
001077 314.9572 -7.509055 394.3507
001078 315.1557 -7.495438 393.396
001079 315.3571 -7.480266 392.4386
001080 315.5637 -7.463247 391.4864
001081 315.7787 -7.446897 390.5423
001082 315.9974 -7.423038 389.5889
001083 316.2107 -7.397839 388.6826
001084 316.4277 -7.369106 387.7649
001085 316.6495 -7.347796 386.8615
001086 316.8756 -7.325785 385.9696
001087 317.1058 -7.311971 385.0954
001088 317.3378 -7.302981 384.2427
001089 317.5754 -7.303376 383.4117
001090 317.816 -7.311934 382.6135
001091 318.0493 -7.3157 381.8405
001092 318.2783 -7.317945 381.0826
001093 318.5019 -7.326887 380.3531
001094 318.7247 -7.349644 379.6487
001095 318.9406 -7.37578 378.9647
001096 319.15 -7.405085 378.2973
001097 319.3464 -7.428682 377.6312
001098 319.5361 -7.449147 376.9608
001099 319.7158 -7.469043 376.2906
001100 319.8904 -7.494632 375.6302
001101 320.0516 -7.51015 374.9768
001102 320.203 -7.526334 374.324
001103 320.3352 -7.535126 373.6749
001104 320.4552 -7.552413 373.0304
001105 320.5484 -7.56589 372.3715
001106 320.6328 -7.582058 371.7375
001107 320.6679 -7.593814 371.0836
001108 320.6983 -7.604115 370.4585
001109 320.6692 -7.604099 369.8013
001110 320.6393 -7.603151 369.1789
001111 320.5855 -7.605148 368.5646
001112 320.4715 -7.596182 367.9171
001113 320.3672 -7.583856 367.3082
001114 320.1935 -7.563603 366.6656
001115 320.0191 -7.544896 366.0576
001116 319.8122 -7.523562 365.4519
001117 319.5555 -7.495768 364.8183
001118 319.2952 -7.464192 364.2279
001119 318.9776 -7.434877 363.6125
001120 318.6551 -7.401822 363.0385
001121 318.3109 -7.369725 362.4796
001122 317.9172 -7.339697 361.8994
001123 317.5272 -7.315453 361.3535
001124 317.0958 -7.287524 360.7945
001125 316.6532 -7.249582 360.2598
001126 316.1877 -7.212206 359.7278
001127 315.6878 -7.180588 359.1849
001128 315.1831 -7.154711 358.6493
001129 314.6596 -7.126823 358.1061
001130 314.1234 -7.103704 357.555
001131 313.573 -7.080791 357.0065
001132 312.9961 -7.049674 356.4444
001133 312.4105 -7.020329 355.8899
001134 311.803 -6.995473 355.3259
001135 311.1829 -6.969965 354.7555
001136 310.5501 -6.941787 354.1721
001137 309.9116 -6.909712 353.5723
001138 309.268 -6.873301 352.9546
001139 308.6152 -6.834781 352.3219
001140 307.9541 -6.791068 351.6811
001141 307.2817 -6.750734 351.0309
001142 306.6049 -6.711582 350.378
001143 305.9188 -6.671134 349.7099
001144 305.2211 -6.627276 349.0373
001145 304.5232 -6.591876 348.3554
001146 303.8151 -6.556623 347.6608
001147 303.1055 -6.530925 346.9593
001148 302.3918 -6.507199 346.2502
001149 301.6714 -6.481575 345.5306
001150 300.9474 -6.455473 344.8005
001151 300.2216 -6.434746 344.0664
001152 299.4935 -6.415862 343.3218
001153 298.7683 -6.406086 342.5763
001154 298.0376 -6.39572 341.82
001155 297.3116 -6.38814 341.0638
001156 296.5859 -6.37594 340.3005
001157 295.8644 -6.365722 339.5305
001158 295.1442 -6.355388 338.7508
001159 294.43 -6.342623 337.9678
001160 293.7212 -6.32843 337.1799
001161 293.0109 -6.313455 336.3838
001162 292.3061 -6.298162 335.5793
001163 291.6138 -6.279523 334.7655
001164 290.937 -6.26651 333.9451
001165 290.2666 -6.257418 333.1077
001166 289.6251 -6.258946 332.2652
001167 288.9917 -6.253835 331.4052
001168 288.3694 -6.24678 330.5313
001169 287.7655 -6.24655 329.6505
001170 287.1709 -6.248509 328.759
001171 286.5931 -6.253438 327.8609
001172 286.0267 -6.254569 326.9603
001173 285.462 -6.252325 326.0456
001174 284.9108 -6.255361 325.1233
001175 284.3683 -6.262423 324.1909
001176 283.8308 -6.263385 323.2464
001177 283.3057 -6.267547 322.296
001178 282.7831 -6.266548 321.3332
001179 282.2688 -6.260451 320.3633
001180 281.7584 -6.256896 319.3793
001181 281.2544 -6.253202 318.3888
001182 280.7553 -6.247107 317.3915
001183 280.2623 -6.245113 316.3874
001184 279.7697 -6.246545 315.3803
001185 279.2737 -6.237328 314.3712
001186 278.7756 -6.230924 313.3551
001187 278.2765 -6.225841 312.3343
001188 277.7746 -6.219071 311.3089
001189 277.2736 -6.210278 310.2779
001190 276.7669 -6.202222 309.2348
001191 276.2642 -6.19253 308.193
001192 275.7614 -6.17887 307.1437
001193 275.2612 -6.172594 306.0879
001194 274.7571 -6.167462 305.0224
001195 274.2497 -6.15532 303.9501
001196 273.7329 -6.132891 302.8737
001197 273.2074 -6.104603 301.7936
001198 272.6821 -6.074917 300.7149
001199 272.1504 -6.047468 299.6269
001200 271.6196 -6.031263 298.5319
001201 271.0884 -6.015913 297.4265
001202 270.5583 -5.995819 296.3192
001203 270.0244 -5.973983 295.2057
001204 269.4809 -5.950288 294.085
001205 268.9275 -5.918089 292.9582
001206 268.3638 -5.891283 291.836
001207 267.7911 -5.865611 290.7161
001208 267.2086 -5.843987 289.5972
001209 266.6116 -5.821991 288.4772
001210 265.9998 -5.798888 287.3607
001211 265.3708 -5.766157 286.2456
001212 264.7275 -5.735854 285.1321
001213 264.0779 -5.713348 284.026
001214 263.4262 -5.699383 282.9142
001215 262.7592 -5.678579 281.8001
001216 262.085 -5.650502 280.6824
001217 261.3981 -5.615581 279.5749
001218 260.7017 -5.58089 278.4716
001219 260.0079 -5.552909 277.3788
001220 259.31 -5.524957 276.2824
001221 258.6205 -5.507853 275.1763
001222 257.9216 -5.481663 274.0682
001223 257.2191 -5.44158 272.9511
001224 256.5064 -5.405962 271.8377
001225 255.7891 -5.369266 270.7199
001226 255.0632 -5.33674 269.6047
001227 254.3441 -5.309147 268.488
001228 253.6233 -5.278394 267.3677
001229 252.8996 -5.238637 266.2339
001230 252.1739 -5.198777 265.097
001231 251.438 -5.156093 263.9581
001232 250.6944 -5.106039 262.8188
001233 249.9447 -5.055052 261.6787
001234 249.1941 -5.006734 260.5417
001235 248.4445 -4.962316 259.3997
001236 247.6968 -4.923627 258.2539
001237 246.95 -4.888359 257.1102
001238 246.1994 -4.849057 255.9586
001239 245.4483 -4.811242 254.808
001240 244.6968 -4.782586 253.6505
001241 243.9447 -4.757824 252.494
001242 243.1934 -4.733649 251.3346
001243 242.4331 -4.700391 250.1627
001244 241.6681 -4.669544 248.9953
001245 240.8965 -4.641583 247.8245
001246 240.122 -4.609645 246.6494
001247 239.34 -4.572481 245.4664
001248 238.5567 -4.533264 244.2774
001249 237.7624 -4.481768 243.0827
001250 236.972 -4.43461 241.887
001251 236.1747 -4.372865 240.6907
001252 235.3731 -4.312583 239.4897
001253 234.567 -4.256278 238.2906
001254 233.763 -4.207516 237.0915
001255 232.9552 -4.1554 235.8834
001256 232.1451 -4.096135 234.6727
001257 231.3328 -4.044611 233.4576
001258 230.508 -3.988775 232.2376
001259 229.678 -3.935581 231.0254
001260 228.8383 -3.878331 229.808
001261 228.011 -3.82823 228.6
001262 227.1768 -3.776462 227.3834
001263 226.3429 -3.730173 226.1691
001264 225.5023 -3.683781 224.9543
001265 224.6597 -3.64259 223.74
001266 223.8188 -3.599783 222.5338
001267 222.9726 -3.553368 221.3224
001268 222.1312 -3.508581 220.1143
001269 221.2857 -3.462206 218.9014
001270 220.4415 -3.413363 217.6895
001271 219.5985 -3.365423 216.4823
001272 218.7523 -3.323911 215.265
001273 217.9152 -3.29483 214.0527
001274 217.0823 -3.261457 212.8457
001275 216.2496 -3.228696 211.6349
001276 215.4206 -3.192635 210.4252
001277 214.5888 -3.153158 209.2121
001278 213.7621 -3.109303 207.9977
001279 212.9442 -3.072154 206.7867
001280 212.1282 -3.043407 205.5715
001281 211.3168 -3.008559 204.3514
001282 210.5077 -2.973449 203.1273
001283 209.6971 -2.92641 201.9025
001284 208.8938 -2.877598 200.6766
001285 208.0912 -2.830389 199.4486
001286 207.2968 -2.782306 198.219
001287 206.5083 -2.739469 196.9898
001288 205.7261 -2.692264 195.7626
001289 204.9474 -2.649982 194.5269
001290 204.1777 -2.609983 193.2912
001291 203.418 -2.566175 192.0507
001292 202.671 -2.52567 190.8019
001293 201.9276 -2.495624 189.5477
001294 201.1914 -2.463144 188.2897
001295 200.4643 -2.432069 187.0286
001296 199.7399 -2.396516 185.7593
001297 199.036 -2.365728 184.4947
001298 198.335 -2.332138 183.2268
001299 197.634 -2.296499 181.9505
001300 196.9379 -2.259709 180.6706
001301 196.246 -2.22202 179.3892
001302 195.5681 -2.192337 178.1185
001303 194.8931 -2.163373 176.8447
001304 194.2255 -2.140475 175.5669
001305 193.5614 -2.118641 174.2819
001306 192.9115 -2.09719 172.9934
001307 192.2624 -2.07417 171.7007
001308 191.6241 -2.057262 170.4083
001309 190.9825 -2.034913 169.1148
001310 190.3511 -2.02058 167.8245
001311 189.7169 -2.001701 166.5277
001312 189.0788 -1.973567 165.2293
001313 188.4436 -1.943196 163.9267
001314 187.8155 -1.916448 162.6218
001315 187.1967 -1.897174 161.3122
001316 186.5774 -1.867717 159.9954
001317 185.9593 -1.830138 158.6816
001318 185.3379 -1.793453 157.3672
001319 184.7174 -1.759653 156.0529
001320 184.094 -1.723898 154.7379
001321 183.4754 -1.691006 153.4234
001322 182.8561 -1.658461 152.1113
001323 182.2396 -1.628241 150.7945
001324 181.6264 -1.599462 149.4822
001325 181.0079 -1.567602 148.161
001326 180.3984 -1.538408 146.8462
001327 179.7913 -1.513016 145.532
001328 179.1934 -1.493297 144.2183
001329 178.5921 -1.469178 142.9
001330 177.9971 -1.448292 141.5813
001331 177.3991 -1.429391 140.2613
001332 176.795 -1.403805 138.9334
001333 176.1909 -1.378192 137.6093
001334 175.5805 -1.356294 136.2825
001335 174.9745 -1.339824 134.9677
001336 174.3678 -1.338454 133.6595
001337 173.757 -1.333086 132.3552
001338 173.1371 -1.319906 131.0518
001339 172.5081 -1.314911 129.7562
001340 171.8688 -1.30164 128.4701
001341 171.2217 -1.291648 127.1942
001342 170.5599 -1.269147 125.9232
001343 169.8906 -1.25248 124.6632
001344 169.2041 -1.225261 123.4037
001345 168.5037 -1.187189 122.1584
001346 167.7891 -1.147426 120.9254
001347 167.0593 -1.099363 119.6982
001348 166.313 -1.050423 118.4798
001349 165.5516 -1.000403 117.2712
001350 164.7788 -0.9559157 116.0757
001351 163.9882 -0.9072749 114.8861
001352 163.1839 -0.8530526 113.6987
001353 162.3689 -0.7970086 112.5249
001354 161.5379 -0.7319776 111.3593
001355 160.6957 -0.6740054 110.2072
001356 159.8427 -0.6211831 109.0673
001357 158.9856 -0.5765532 107.9364
001358 158.1195 -0.5347641 106.8144
001359 157.2435 -0.4927866 105.7015
001360 156.3646 -0.4529211 104.5828
001361 155.4772 -0.4077761 103.4761
001362 154.586 -0.3679821 102.3734
001363 153.688 -0.3334109 101.2674
001364 152.7745 -0.2892147 100.1709
001365 151.8524 -0.2442347 99.07539
001366 150.9254 -0.1973161 97.98333
001367 149.9968 -0.1608566 96.89467
001368 149.0651 -0.124271 95.81217
001369 148.1228 -0.08815912 94.73231
001370 147.1724 -0.04870237 93.65294
001371 146.211 -0.009133589 92.58995
001372 145.2437 0.03354205 91.53357
001373 144.2674 0.07418165 90.48009
001374 143.2904 0.1062278 89.43889
001375 142.3027 0.1411781 88.39577
001376 141.3079 0.1771185 87.35817
001377 140.3139 0.2174687 86.31851
001378 139.3137 0.2617249 85.27435
001379 138.3142 0.3120142 84.23145
001380 137.3153 0.3567841 83.18854
001381 136.3147 0.4013861 82.13856
001382 135.3103 0.4566198 81.08492
001383 134.3094 0.5125537 80.02269
001384 133.3064 0.5657173 78.96729
001385 132.2985 0.615377 77.90983
001386 131.2937 0.660568 76.85485
001387 130.2785 0.7034505 75.79851
001388 129.2668 0.7491655 74.73742
001389 128.257 0.7936834 73.68027
001390 127.2497 0.840489 72.62571
001391 126.2377 0.8852947 71.57194
001392 125.224 0.9298618 70.51005
001393 124.2085 0.9752163 69.45053
001394 123.1901 1.022705 68.38762
001395 122.1716 1.071057 67.32586
001396 121.1533 1.120069 66.26941
001397 120.1303 1.165661 65.20837
001398 119.1042 1.209751 64.15115
001399 118.0723 1.255636 63.09459
001400 117.0374 1.302688 62.03938
001401 116.0037 1.350429 60.98618
001402 114.9644 1.39661 59.93066
001403 113.916 1.447362 58.87252
001404 112.8614 1.501676 57.81724
001405 111.7995 1.557839 56.76266
001406 110.7301 1.619507 55.70318
001407 109.6673 1.669154 54.64794
001408 108.6092 1.723896 53.59484
001409 107.554 1.770787 52.53619
001410 106.4947 1.818094 51.4689
001411 105.4273 1.866209 50.39425
001412 104.3546 1.929989 49.33792
001413 103.2944 1.986764 48.29297
001414 102.2413 2.038214 47.25024
001415 101.1861 2.080422 46.19478
001416 100.1264 2.126949 45.13248
001417 99.06794 2.177631 44.07813
001418 98.00747 2.23233 43.02679
001419 96.95046 2.284049 41.97716
001420 95.88352 2.336259 40.92257
001421 94.81114 2.393653 39.86378
001422 93.73932 2.457325 38.80375
001423 92.67612 2.514323 37.74654
001424 91.61683 2.56885 36.68818
001425 90.56783 2.614259 35.6321
001426 89.51786 2.66999 34.5759
001427 88.46856 2.728871 33.51764
001428 87.41579 2.793597 32.45897
001429 86.36382 2.86097 31.40185
001430 85.31517 2.930328 30.35063
001431 84.26004 3.003691 29.29585
001432 83.21354 3.066811 28.24202
001433 82.16795 3.127446 27.18689
001434 81.12354 3.18464 26.12944
001435 80.07903 3.244147 25.07355
001436 79.03821 3.300776 24.01402
001437 77.99268 3.361621 22.95797
001438 76.957 3.41736 21.89557
001439 75.92236 3.474271 20.83925
001440 74.8906 3.526776 19.77483
001441 73.85395 3.579864 18.70784
001442 72.81577 3.635914 17.64779
001443 71.78037 3.690611 16.59036
001444 70.72252 3.757813 15.53332
001445 69.68062 3.812619 14.46538
001446 68.63043 3.874987 13.39651
001447 67.58836 3.933439 12.33276
001448 66.52367 4.001212 11.26661
001449 65.4718 4.057864 10.20597
001450 64.40911 4.117765 9.139006
001451 63.36275 4.172733 8.072657
001452 62.31433 4.230049 7.007367
001453 61.27686 4.285376 5.939202
001454 60.24056 4.335803 4.874804
001455 59.20617 4.385077 3.808043
001456 58.16723 4.441645 2.733559
001457 57.12749 4.503137 1.655679
001458 56.09186 4.557136 0.5847543
001459 55.05595 4.611628 -0.4860185
001460 54.02887 4.655655 -1.555701
001461 53.00812 4.695041 -2.625659
001462 51.98736 4.730281 -3.692204
001463 50.96679 4.764474 -4.761087
001464 49.95573 4.792619 -5.822352
001465 48.94737 4.816112 -6.885328
001466 47.94247 4.83281 -7.950469
001467 46.93507 4.844236 -9.021045
001468 45.91875 4.868041 -10.10293
001469 44.9024 4.90535 -11.16302
001470 43.893 4.944611 -12.21655
001471 42.89962 4.971141 -13.25097
001472 41.91066 4.990965 -14.27421
001473 40.92934 5.000309 -15.29368
001474 39.95858 5.011392 -16.30718
001475 39.01008 5.01981 -17.3137
001476 38.08953 5.023344 -18.31743
001477 37.18542 5.023351 -19.3181
001478 36.29566 5.026359 -20.31
001479 35.41875 5.036353 -21.29163
001480 34.55447 5.037946 -22.25036
001481 33.70492 5.035071 -23.20301
001482 32.86682 5.035514 -24.15729
001483 32.073 5.036634 -25.09746
001484 31.29007 5.032932 -26.02382
001485 30.51161 5.030582 -26.94303
001486 29.74294 5.02522 -27.84011
001487 28.99438 5.012866 -28.70857
001488 28.28277 5.001018 -29.5528
001489 27.5944 4.988123 -30.38265
001490 26.92794 4.960921 -31.19636
001491 26.27091 4.937344 -31.98116
001492 25.63589 4.911415 -32.73008
001493 25.0153 4.883203 -33.44474
001494 24.40647 4.868599 -34.11914
001495 23.80214 4.863346 -34.76408
001496 23.20841 4.857973 -35.36771
001497 22.62116 4.849439 -35.9349
001498 22.04002 4.839517 -36.46916
001499 21.46476 4.829678 -36.96672
001500 20.88345 4.829241 -37.4156
001501 20.30329 4.821699 -37.82091
001502 19.73431 4.809316 -38.18645
001503 19.1749 4.788276 -38.51376
001504 18.62495 4.765293 -38.80134
001505 18.07401 4.745044 -39.04398
001506 17.51605 4.729289 -39.26055
001507 16.95707 4.71041 -39.44202
001508 16.39659 4.684822 -39.59769
001509 15.83889 4.661222 -39.71458
001510 15.27935 4.645931 -39.7948
001511 14.7334 4.620685 -39.83135
001512 14.19136 4.600733 -39.82978
001513 13.65742 4.594101 -39.80561
001514 13.13394 4.591217 -39.75563
001515 12.63427 4.572501 -39.67236
001516 12.13735 4.570481 -39.56702
001517 11.64903 4.569883 -39.42411
001518 11.17231 4.559489 -39.26055
001519 10.70045 4.562188 -39.07124
001520 10.23998 4.558096 -38.86313
001521 9.789695 4.558073 -38.6298
001522 9.346772 4.558865 -38.35721
001523 8.918192 4.555772 -38.06253
001524 8.497673 4.557479 -37.73849
001525 8.08843 4.554056 -37.38994
001526 7.694448 4.557188 -37.01386
001527 7.308945 4.562789 -36.61689
001528 6.93825 4.579774 -36.19875
001529 6.587902 4.590754 -35.75589
001530 6.25632 4.593195 -35.28263
001531 5.946327 4.589196 -34.78822
001532 5.653599 4.581954 -34.27208
001533 5.377697 4.574692 -33.72956
001534 5.122507 4.565832 -33.17164
001535 4.885552 4.558254 -32.58986
001536 4.666734 4.543817 -31.99497
001537 4.467981 4.521503 -31.37181
001538 4.285109 4.492915 -30.73791
001539 4.118069 4.450932 -30.0874
001540 3.955962 4.413564 -29.42723
001541 3.805573 4.360478 -28.75091
001542 3.675026 4.304388 -28.05891
001543 3.55001 4.250514 -27.35427
001544 3.428575 4.201515 -26.63704
001545 3.306982 4.155074 -25.91355
001546 3.190054 4.110455 -25.17514
001547 3.070532 4.067978 -24.42867
001548 2.950683 4.013361 -23.67167
001549 2.824133 3.969054 -22.91188
001550 2.703838 3.925284 -22.13884
001551 2.589654 3.885707 -21.35423
001552 2.477719 3.836418 -20.55891
001553 2.355843 3.790891 -19.75481
001554 2.23535 3.749982 -18.94191
001555 2.119854 3.709293 -18.11974
001556 2.00101 3.670735 -17.28392
001557 1.883217 3.631509 -16.43897
001558 1.764067 3.597017 -15.58906
001559 1.65178 3.548182 -14.73308
001560 1.539703 3.501263 -13.88343
001561 1.437817 3.44671 -13.03953
001562 1.33299 3.402079 -12.20518
001563 1.229057 3.357583 -11.3742
001564 1.124698 3.319838 -10.55262
001565 1.021769 3.282209 -9.738292
001566 0.9140285 3.255862 -8.934948
001567 0.8089844 3.23192 -8.14215
001568 0.6976696 3.213944 -7.359806
001569 0.572467 3.198536 -6.591425
001570 0.4329746 3.192339 -5.834565
001571 0.3028311 3.180074 -5.080036
001572 0.172462 3.166402 -4.328516
001573 0.04170446 3.150253 -3.587435
001574 -0.09383378 3.129508 -2.862004
001575 -0.233814 3.119866 -2.148095
001576 -0.3787351 3.114533 -1.437432
001577 -0.5153242 3.107244 -0.728113
001578 -0.6525002 3.094228 -0.02723748
001579 -0.8003764 3.082507 0.6669401
001580 -0.9575037 3.085825 1.349238
001581 -1.128803 3.097159 2.027763
001582 -1.304476 3.098012 2.711778
001583 -1.492523 3.094641 3.399382
001584 -1.682534 3.087422 4.091749
001585 -1.890708 3.07722 4.78315
001586 -2.102925 3.072107 5.471108
001587 -2.326851 3.07464 6.156888
001588 -2.549688 3.071295 6.841526
001589 -2.775305 3.058171 7.528465
001590 -3.006582 3.045729 8.222648
