000000 0.0 -0.0 0.0
000001 0.01210187 0.000446874 0.1267281
000002 0.03021791 0.000979174 0.268623
000003 0.05987546 0.002308105 0.4305403
000004 0.1050408 0.003322381 0.6034613
000005 0.1652963 0.005264528 0.7870087
000006 0.2401943 0.007625042 0.9812571
000007 0.3220547 0.01121243 1.185453
000008 0.4170054 0.0147447 1.399473
000009 0.5318267 0.01361741 1.620036
000010 0.6772189 0.01304237 1.841928
000011 0.8328051 0.01601613 2.063052
000012 0.9991018 0.01908196 2.286905
000013 1.18805 0.02416489 2.5128
000014 1.399778 0.03070196 2.733367
000015 1.634196 0.03653765 2.948016
000016 1.890112 0.04599883 3.160521
000017 2.166152 0.0599496 3.369735
000018 2.465897 0.07581133 3.579897
000019 2.784666 0.09232525 3.792151
000020 3.131897 0.1077991 4.000366
000021 3.507611 0.1241318 4.202254
000022 3.909356 0.1392366 4.402127
000023 4.338561 0.1575565 4.60041
000024 4.794196 0.1775272 4.791823
000025 5.277728 0.1987946 4.974126
000026 5.789743 0.2220149 5.152037
000027 6.329744 0.2453956 5.330723
000028 6.895352 0.2686406 5.510973
000029 7.490216 0.2909019 5.692965
000030 8.109243 0.3131206 5.878028
000031 8.752695 0.3367873 6.068197
000032 9.421853 0.3626882 6.260273
000033 10.11201 0.3902645 6.449695
000034 10.82597 0.4193165 6.636983
000035 11.55971 0.4514517 6.820541
000036 12.31146 0.486118 7.00076
000037 13.08227 0.5233622 7.178249
000038 13.86203 0.5631455 7.35029
000039 14.64994 0.60349 7.512325
000040 15.44431 0.6443426 7.663696
000041 16.24124 0.6849788 7.803818
000042 17.04599 0.7272439 7.933466
000043 17.85699 0.7679911 8.048258
000044 18.67273 0.8064539 8.147356
000045 19.49576 0.8456493 8.22821
000046 20.32201 0.8850078 8.284769
000047 21.15627 0.9232781 8.311045
000048 21.99272 0.958563 8.306307
000049 22.83006 0.9929263 8.271717
000050 23.6683 1.025646 8.211107
000051 24.50483 1.05628 8.124873
000052 25.33863 1.084175 8.006449
000053 26.16891 1.109162 7.855574
000054 26.99155 1.128261 7.679836
000055 27.81161 1.143099 7.478533
000056 28.63097 1.152061 7.246691
000057 29.43803 1.152695 6.997717
000058 30.23007 1.146023 6.731675
000059 31.01165 1.131823 6.452447
000060 31.78304 1.108614 6.157692
000061 32.55086 1.070947 5.836955
000062 33.31009 1.026378 5.495463
000063 34.06148 0.9790894 5.135804
000064 34.8041 0.9319901 4.758144
000065 35.5321 0.8869767 4.363872
000066 36.24909 0.8426907 3.963231
000067 36.95412 0.80255 3.562206
000068 37.64822 0.7630243 3.157985
000069 38.33941 0.7189929 2.756405
000070 39.02884 0.6757535 2.346023
000071 39.70737 0.634835 1.915654
000072 40.387 0.5915961 1.476584
000073 41.07846 0.5487043 1.032647
000074 41.78415 0.5077496 0.5810905
000075 42.50745 0.4621972 0.1215434
000076 43.25224 0.4157685 -0.3378365
000077 44.01652 0.3696084 -0.7952287
000078 44.79847 0.3229204 -1.255569
000079 45.59797 0.2752422 -1.718077
000080 46.41671 0.2251199 -2.182613
000081 47.25344 0.1721279 -2.652713
000082 48.10244 0.1191937 -3.13258
000083 48.96156 0.06614438 -3.62261
000084 49.82913 0.01543395 -4.119797
000085 50.70986 -0.03397462 -4.626524
000086 51.60092 -0.08461152 -5.138527
000087 52.4966 -0.1359794 -5.654198
000088 53.39938 -0.1889423 -6.17036
000089 54.29898 -0.2428121 -6.686856
000090 55.1975 -0.2987033 -7.201418
000091 56.09471 -0.3531245 -7.714224
000092 56.99227 -0.4067709 -8.225644
000093 57.88905 -0.4587551 -8.733355
000094 58.78294 -0.5090484 -9.236703
000095 59.67603 -0.5592501 -9.738335
000096 60.5683 -0.6093983 -10.23718
000097 61.45389 -0.6617839 -10.73111
000098 62.33532 -0.7144474 -11.22461
000099 63.20903 -0.7673912 -11.72056
000100 64.07973 -0.8195839 -12.22485
000101 64.94007 -0.8749911 -12.73747
000102 65.79473 -0.9282033 -13.24559
000103 66.6375 -0.9805354 -13.75919
000104 67.47269 -1.033058 -14.27378
000105 68.30616 -1.087156 -14.78945
000106 69.13168 -1.141061 -15.30806
000107 69.95241 -1.192211 -15.83039
000108 70.77487 -1.238526 -16.35928
000109 71.59496 -1.282215 -16.88675
000110 72.40886 -1.318045 -17.41131
000111 73.20718 -1.35273 -17.93042
000112 73.99928 -1.391231 -18.45101
000113 74.79183 -1.430026 -18.97578
000114 75.58518 -1.475622 -19.50011
000115 76.3816 -1.517748 -20.01769
000116 77.17766 -1.553839 -20.53358
000117 77.9762 -1.590768 -21.04565
000118 78.77335 -1.622926 -21.54511
000119 79.57091 -1.647452 -22.04329
000120 80.35975 -1.672576 -22.55003
000121 81.14486 -1.699977 -23.05551
000122 81.93166 -1.723704 -23.55204
000123 82.7216 -1.744715 -24.04556
000124 83.51715 -1.770218 -24.53507
000125 84.31881 -1.788533 -25.0028
000126 85.13089 -1.805753 -25.45724
000127 85.94484 -1.822552 -25.90591
000128 86.75945 -1.839846 -26.33928
000129 87.58352 -1.85177 -26.76347
000130 88.40537 -1.869075 -27.17759
000131 89.23085 -1.893883 -27.57508
000132 90.05203 -1.91775 -27.96252
000133 90.88071 -1.943851 -28.33927
000134 91.72222 -1.977509 -28.70201
000135 92.56728 -2.01159 -29.05556
000136 93.40903 -2.04625 -29.39508
000137 94.24877 -2.082058 -29.72193
000138 95.09156 -2.119871 -30.04218
000139 95.93682 -2.16316 -30.36357
000140 96.78367 -2.209948 -30.6831
000141 97.62797 -2.254489 -30.99995
000142 98.47826 -2.300639 -31.31096
000143 99.33337 -2.34789 -31.61656
000144 100.1848 -2.394151 -31.91408
000145 101.0383 -2.436801 -32.19559
000146 101.8913 -2.479664 -32.46899
000147 102.7387 -2.524306 -32.74622
000148 103.5885 -2.567807 -33.02355
000149 104.4455 -2.610933 -33.28918
000150 105.3065 -2.657199 -33.55357
000151 106.1709 -2.704158 -33.80988
000152 107.0286 -2.745462 -34.05765
000153 107.8896 -2.790316 -34.29846
000154 108.7523 -2.835895 -34.53399
000155 109.6205 -2.88283 -34.76364
000156 110.487 -2.928512 -34.99323
000157 111.3535 -2.97359 -35.21847
000158 112.2223 -3.017837 -35.43239
000159 113.0945 -3.06272 -35.63108
000160 113.9689 -3.10652 -35.82432
000161 114.8418 -3.150123 -36.02323
000162 115.7147 -3.193868 -36.21819
000163 116.5857 -3.239438 -36.40785
000164 117.4624 -3.279199 -36.60169
000165 118.3368 -3.318375 -36.7945
000166 119.2101 -3.361858 -36.97484
000167 120.085 -3.401094 -37.14466
000168 120.9561 -3.438516 -37.31126
000169 121.8304 -3.481415 -37.4746
000170 122.7039 -3.521474 -37.63878
000171 123.5754 -3.558368 -37.80867
000172 124.4524 -3.5961 -37.97627
000173 125.3205 -3.63106 -38.14146
000174 126.1781 -3.664261 -38.30594
000175 127.0337 -3.697685 -38.46973
000176 127.8916 -3.731608 -38.62938
000177 128.749 -3.773125 -38.78916
000178 129.6019 -3.812511 -38.95463
000179 130.4485 -3.847217 -39.11538
000180 131.2944 -3.890191 -39.25481
000181 132.1343 -3.932338 -39.39553
000182 132.9698 -3.974607 -39.54593
000183 133.8003 -4.018902 -39.69762
000184 134.6231 -4.063364 -39.84431
000185 135.4495 -4.105477 -39.99979
000186 136.2673 -4.146973 -40.15282
000187 137.0908 -4.188573 -40.30057
000188 137.9023 -4.226372 -40.4378
000189 138.7057 -4.266655 -40.57118
000190 139.506 -4.303913 -40.69614
000191 140.3054 -4.337506 -40.81224
000192 141.1082 -4.377901 -40.91861
000193 141.9062 -4.419464 -41.01862
000194 142.6964 -4.456348 -41.10993
000195 143.4862 -4.491871 -41.18413
000196 144.276 -4.52788 -41.24845
000197 145.055 -4.567642 -41.30354
000198 145.8274 -4.612403 -41.34484
000199 146.5903 -4.657895 -41.36686
000200 147.3502 -4.704613 -41.38182
000201 148.1169 -4.754981 -41.39015
000202 148.8864 -4.810016 -41.38452
000203 149.6472 -4.866196 -41.36492
000204 150.3945 -4.92257 -41.33785
000205 151.1367 -4.975189 -41.30745
000206 151.8836 -5.025972 -41.27171
000207 152.6403 -5.085267 -41.24316
000208 153.3945 -5.150084 -41.21665
000209 154.1484 -5.204637 -41.19287
000210 154.8963 -5.253941 -41.17199
000211 155.6412 -5.309298 -41.15767
000212 156.3926 -5.366278 -41.13867
000213 157.1395 -5.416962 -41.12929
000214 157.8857 -5.470893 -41.12225
000215 158.6302 -5.52808 -41.12149
000216 159.3643 -5.577823 -41.12304
000217 160.0952 -5.628365 -41.12638
000218 160.8215 -5.683305 -41.13308
000219 161.5415 -5.738588 -41.14341
000220 162.2559 -5.787286 -41.1591
000221 162.9748 -5.840496 -41.17304
000222 163.6911 -5.89541 -41.18458
000223 164.3994 -5.950404 -41.18595
000224 165.0989 -6.001598 -41.18391
000225 165.7946 -6.048437 -41.16984
000226 166.4858 -6.093238 -41.13991
000227 167.1705 -6.137223 -41.09075
000228 167.853 -6.181673 -41.03668
000229 168.5301 -6.221562 -40.9753
000230 169.2001 -6.257878 -40.90154
000231 169.8614 -6.291791 -40.8143
000232 170.5106 -6.321698 -40.71802
000233 171.1577 -6.345942 -40.61474
000234 171.7857 -6.364809 -40.49872
000235 172.4136 -6.383917 -40.36841
000236 173.035 -6.398487 -40.23437
000237 173.6569 -6.414475 -40.10085
000238 174.272 -6.429852 -39.96162
000239 174.8735 -6.445461 -39.80478
000240 175.4661 -6.46203 -39.64344
000241 176.0534 -6.47678 -39.48936
000242 176.6443 -6.491511 -39.33728
000243 177.2384 -6.503706 -39.1767
000244 177.8409 -6.523425 -38.99819
000245 178.4457 -6.542753 -38.81772
000246 179.0512 -6.563672 -38.63782
000247 179.6497 -6.577018 -38.46824
000248 180.2453 -6.587494 -38.2985
000249 180.8424 -6.589823 -38.13009
000250 181.4417 -6.592495 -37.95387
000251 182.0434 -6.599489 -37.77364
000252 182.6545 -6.610135 -37.58509
000253 183.2678 -6.618163 -37.39323
000254 183.8831 -6.622539 -37.19587
000255 184.4992 -6.624971 -36.9942
000256 185.1118 -6.625315 -36.78729
000257 185.7206 -6.626474 -36.56856
000258 186.3264 -6.629118 -36.33625
000259 186.9372 -6.630873 -36.09759
000260 187.5555 -6.636302 -35.84729
000261 188.1796 -6.641727 -35.58666
000262 188.7952 -6.647005 -35.31167
000263 189.4089 -6.647317 -35.03211
000264 190.0333 -6.646563 -34.74499
000265 190.6582 -6.645353 -34.45351
000266 191.2983 -6.646441 -34.15828
000267 191.9509 -6.64243 -33.86698
000268 192.5985 -6.636461 -33.57701
000269 193.2543 -6.629339 -33.28043
000270 193.9224 -6.624605 -32.98431
000271 194.6076 -6.620022 -32.68987
000272 195.2935 -6.613679 -32.39218
000273 195.9819 -6.607632 -32.09196
000274 196.6689 -6.601884 -31.78881
000275 197.3577 -6.590085 -31.4845
000276 198.0447 -6.577998 -31.17947
000277 198.7286 -6.568027 -30.8781
000278 199.4136 -6.558335 -30.57849
000279 200.0964 -6.544179 -30.28273
000280 200.7784 -6.530959 -29.98209
000281 201.4645 -6.520036 -29.67879
000282 202.149 -6.508843 -29.37762
000283 202.8328 -6.500732 -29.07468
000284 203.5186 -6.489796 -28.7761
000285 204.2052 -6.476282 -28.49044
000286 204.8965 -6.466747 -28.21234
000287 205.5855 -6.460876 -27.94682
000288 206.2804 -6.457291 -27.68336
000289 206.9776 -6.45162 -27.42532
000290 207.6847 -6.442866 -27.18172
000291 208.3951 -6.431564 -26.9494
000292 209.0997 -6.412693 -26.71654
000293 209.804 -6.390837 -26.47707
000294 210.5114 -6.368113 -26.24826
000295 211.2267 -6.344077 -26.01616
000296 211.9378 -6.316282 -25.78235
000297 212.6531 -6.288388 -25.54273
000298 213.3746 -6.266484 -25.30655
000299 214.0992 -6.250693 -25.07414
000300 214.826 -6.23395 -24.84157
000301 215.5565 -6.215613 -24.61008
000302 216.292 -6.192151 -24.36727
000303 217.0259 -6.170889 -24.11545
000304 217.7641 -6.141465 -23.85283
000305 218.4996 -6.107629 -23.58866
000306 219.2373 -6.076588 -23.31785
000307 219.973 -6.048783 -23.03739
000308 220.7081 -6.01095 -22.75294
000309 221.4455 -5.97857 -22.46604
000310 222.1872 -5.953439 -22.17504
000311 222.9246 -5.925935 -21.88097
000312 223.6673 -5.900824 -21.58401
000313 224.411 -5.878524 -21.28566
000314 225.1519 -5.852608 -20.98574
000315 225.8876 -5.821468 -20.6876
000316 226.6172 -5.786416 -20.38914
000317 227.3444 -5.748608 -20.08115
000318 228.072 -5.713135 -19.76164
000319 228.7943 -5.670054 -19.44196
000320 229.5083 -5.635042 -19.1299
000321 230.2202 -5.598456 -18.81336
000322 230.9318 -5.563405 -18.48487
000323 231.6515 -5.531661 -18.14959
000324 232.3801 -5.500836 -17.81958
000325 233.1128 -5.462204 -17.49136
000326 233.8426 -5.421735 -17.15509
000327 234.5679 -5.383327 -16.81799
000328 235.2837 -5.338707 -16.48612
000329 235.9993 -5.291877 -16.15219
000330 236.713 -5.248129 -15.80991
000331 237.4264 -5.210063 -15.46516
000332 238.1367 -5.166998 -15.11758
000333 238.8518 -5.126556 -14.76521
000334 239.5718 -5.089701 -14.40661
000335 240.2931 -5.054711 -14.04673
000336 241.017 -5.014917 -13.68347
000337 241.7404 -4.967915 -13.31751
000338 242.4684 -4.919889 -12.94865
000339 243.1894 -4.866153 -12.57871
000340 243.8927 -4.820597 -12.20269
000341 244.598 -4.768203 -11.83273
000342 245.3039 -4.715412 -11.46869
000343 246.0241 -4.666974 -11.09793
000344 246.7476 -4.628331 -10.72107
000345 247.4682 -4.585009 -10.34967
000346 248.1891 -4.542905 -9.979828
000347 248.9165 -4.506301 -9.608053
000348 249.6451 -4.465693 -9.231011
000349 250.3674 -4.419715 -8.851415
000350 251.0879 -4.37133 -8.470395
000351 251.8063 -4.325524 -8.090111
000352 252.5224 -4.275557 -7.707069
000353 253.2425 -4.220724 -7.32554
000354 253.9607 -4.161421 -6.93893
000355 254.6779 -4.110352 -6.545579
000356 255.3919 -4.048806 -6.152612
000357 256.1011 -3.990384 -5.755645
000358 256.8048 -3.930085 -5.350577
000359 257.5076 -3.878397 -4.948904
000360 258.215 -3.826391 -4.543629
000361 258.9184 -3.77989 -4.128435
000362 259.6187 -3.733326 -3.705256
000363 260.3076 -3.683134 -3.272954
000364 260.9917 -3.633918 -2.820165
000365 261.6731 -3.580981 -2.357593
000366 262.3444 -3.531769 -1.883065
000367 263.0049 -3.480155 -1.397703
000368 263.6556 -3.427591 -0.9077904
000369 264.3027 -3.373096 -0.4142628
000370 264.9518 -3.320578 0.08421701
000371 265.6004 -3.277874 0.581562
000372 266.2521 -3.231419 1.068534
000373 266.9119 -3.186902 1.539702
000374 267.583 -3.138958 1.995215
000375 268.2659 -3.095292 2.447327
000376 268.9438 -3.057266 2.900508
000377 269.6322 -3.014796 3.337088
000378 270.3249 -2.97191 3.759467
000379 271.0177 -2.933541 4.1802
000380 271.7172 -2.897192 4.604376
000381 272.4197 -2.857745 5.02229
000382 273.1286 -2.814492 5.441538
000383 273.8426 -2.772449 5.855792
000384 274.5609 -2.721918 6.266911
000385 275.2745 -2.673153 6.675117
000386 275.9847 -2.628431 7.082604
000387 276.6939 -2.585559 7.483336
000388 277.4117 -2.538301 7.884799
000389 278.1377 -2.495085 8.291747
000390 278.8724 -2.463622 8.703796
000391 279.6088 -2.427851 9.109342
000392 280.3533 -2.39297 9.516225
000393 281.0976 -2.361052 9.935075
000394 281.8429 -2.32755 10.35908
000395 282.5899 -2.29319 10.7858
000396 283.3375 -2.259848 11.21977
000397 284.0848 -2.234216 11.66325
000398 284.8272 -2.201768 12.10499
000399 285.5784 -2.174731 12.54485
000400 286.3278 -2.157485 12.98766
000401 287.0798 -2.141208 13.44201
000402 287.8316 -2.116997 13.91153
000403 288.581 -2.092276 14.3951
000404 289.3351 -2.064174 14.88867
000405 290.0887 -2.028438 15.39635
000406 290.8382 -1.994986 15.90519
000407 291.5808 -1.953998 16.41665
000408 292.3119 -1.909983 16.93296
000409 293.0391 -1.864125 17.44383
000410 293.7666 -1.824438 17.95966
000411 294.4939 -1.789217 18.48161
000412 295.2267 -1.755458 19.01274
000413 295.976 -1.733893 19.54372
000414 296.7209 -1.707063 20.09092
000415 297.4645 -1.676369 20.6419
000416 298.1922 -1.635982 21.21228
000417 298.9783 -1.657067 21.80486
000418 299.7788 -1.693639 22.41695
000419 300.5852 -1.732539 23.02434
000420 301.361 -1.74705 23.63381
000421 302.1279 -1.749939 24.24501
000422 302.8926 -1.762461 24.86059
000423 303.6453 -1.757056 25.48753
000424 304.394 -1.753708 26.12871
000425 305.1332 -1.736061 26.77897
000426 305.8703 -1.718076 27.42763
000427 306.583 -1.694224 28.07634
000428 307.3026 -1.677575 28.73554
000429 308.0194 -1.655528 29.387
000430 308.7355 -1.635678 30.04649
000431 309.4386 -1.610963 30.7069
000432 310.1407 -1.585427 31.37448
000433 310.8359 -1.557699 32.04009
000434 311.5197 -1.531653 32.71633
000435 312.1948 -1.502226 33.39942
000436 312.8629 -1.471946 34.07583
000437 313.5266 -1.442106 34.76541
000438 314.1892 -1.405865 35.44723
000439 314.8435 -1.378314 36.13799
000440 315.4894 -1.346387 36.8274
000441 316.1388 -1.312849 37.51735
000442 316.7807 -1.280517 38.21802
000443 317.4141 -1.250716 38.92525
000444 318.0491 -1.20997 39.6281
000445 318.6872 -1.166319 40.32863
000446 319.3144 -1.130942 41.02951
000447 319.9432 -1.094331 41.72857
000448 320.5699 -1.055116 42.42029
000449 321.1979 -1.019788 43.11884
000450 321.8286 -0.9855898 43.82261
000451 322.4645 -0.9469468 44.52778
000452 323.1058 -0.9061778 45.23347
000453 323.7484 -0.8650478 45.93426
000454 324.3921 -0.8250807 46.63318
000455 325.0437 -0.7865276 47.32677
000456 325.7065 -0.7496238 48.01802
000457 326.3766 -0.7157939 48.70917
000458 327.0557 -0.6821795 49.39482
000459 327.7396 -0.6437965 50.08093
000460 328.4377 -0.6002114 50.76531
000461 329.1391 -0.5560634 51.44859
000462 329.8404 -0.5082701 52.11788
000463 330.5487 -0.4610597 52.778
000464 331.2668 -0.4174988 53.43409
000465 331.9976 -0.3786882 54.08875
000466 332.7368 -0.341161 54.74402
000467 333.4791 -0.3033084 55.39719
000468 334.23 -0.2608018 56.04605
000469 334.9826 -0.2177423 56.6961
000470 335.7387 -0.1730481 57.3495
000471 336.4998 -0.1280985 57.99518
000472 337.2672 -0.08432989 58.64049
000473 338.0396 -0.03922766 59.28309
000474 338.8169 0.00791583 59.92562
000475 339.5995 0.05390482 60.56028
000476 340.389 0.1011524 61.19943
000477 341.1781 0.1502289 61.83344
000478 341.9688 0.1971761 62.46632
000479 342.7628 0.2432714 63.09758
000480 343.5549 0.2876121 63.7223
000481 344.3514 0.3315807 64.34145
000482 345.1509 0.3770411 64.95923
000483 345.9578 0.4211189 65.57679
000484 346.7695 0.4707702 66.19159
000485 347.5814 0.5273584 66.8072
000486 348.3865 0.5831376 67.4182
000487 349.1896 0.6373941 68.02224
000488 349.9934 0.6867561 68.62683
000489 350.8015 0.7306963 69.22924
000490 351.6181 0.771935 69.83576
000491 352.4363 0.8118633 70.43699
000492 353.2541 0.8570171 71.03883
000493 354.072 0.9061182 71.64191
000494 354.8849 0.9553822 72.24224
000495 355.6986 1.004715 72.8449
000496 356.5095 1.054302 73.44368
000497 357.3241 1.105041 74.04848
000498 358.1418 1.154416 74.65095
000499 358.9549 1.205514 75.2521
000500 359.7704 1.255258 75.85261
000501 360.5831 1.307541 76.45292
000502 361.3986 1.358613 77.05344
000503 362.213 1.409611 77.65593
000504 363.0263 1.463455 78.2559
000505 363.8376 1.51844 78.85458
000506 364.6465 1.575087 79.45174
000507 365.4522 1.632868 80.04472
000508 366.2568 1.693095 80.63483
000509 367.0527 1.755061 81.22981
000510 367.845 1.818981 81.82341
000511 368.6274 1.881295 82.41447
000512 369.4018 1.943287 82.99951
000513 370.1664 2.005374 83.57975
000514 370.9204 2.065452 84.15507
000515 371.6627 2.125331 84.72436
000516 372.3933 2.18599 85.28816
000517 373.1107 2.251081 85.84868
000518 373.8107 2.316552 86.4018
000519 374.4976 2.384074 86.94454
000520 375.1693 2.455947 87.475
000521 375.8296 2.525397 87.99199
000522 376.478 2.593374 88.49556
000523 377.1159 2.658386 88.98482
000524 377.7468 2.722154 89.46349
000525 378.371 2.782431 89.93373
000526 378.9847 2.83942 90.39767
000527 379.5884 2.895644 90.85453
000528 380.1834 2.953651 91.30094
000529 380.7729 3.009361 91.74008
000530 381.3576 3.062328 92.16341
000531 381.933 3.112642 92.57369
000532 382.5049 3.160924 92.97641
000533 383.0793 3.210042 93.373
000534 383.6609 3.261727 93.76359
000535 384.2584 3.311365 94.15217
000536 384.8622 3.360853 94.54098
000537 385.4764 3.416745 94.92187
000538 386.1003 3.475179 95.2975
000539 386.7256 3.536985 95.66617
000540 387.3588 3.601461 96.02935
000541 387.996 3.664976 96.38488
000542 388.6418 3.73156 96.73499
000543 389.2979 3.798926 97.0863
000544 389.9619 3.869983 97.44102
000545 390.6449 3.945355 97.80232
000546 391.3339 4.027034 98.17505
000547 392.0249 4.116231 98.54535
000548 392.7178 4.211579 98.90721
000549 393.414 4.312938 99.26698
000550 394.1151 4.416686 99.62394
000551 394.8314 4.526817 99.97536
000552 395.5498 4.640894 100.3225
000553 396.2758 4.754188 100.6607
000554 396.9938 4.868321 100.9936
000555 397.7045 4.987048 101.3225
000556 398.4144 5.103503 101.6473
000557 399.1214 5.219817 101.968
000558 399.8242 5.332589 102.2796
000559 400.5261 5.443658 102.5786
000560 401.2227 5.551546 102.8625
000561 401.9166 5.657436 103.1409
000562 402.6027 5.762673 103.408
000563 403.2798 5.866325 103.6591
000564 403.9506 5.96465 103.9027
000565 404.617 6.061249 104.142
000566 405.2801 6.15174 104.3753
000567 405.9597 6.239906 104.5908
000568 406.6318 6.325233 104.7799
000569 407.317 6.405908 104.953
000570 408.011 6.481032 105.1082
000571 408.7023 6.551585 105.246
000572 409.4193 6.619282 105.3713
000573 410.1351 6.691065 105.4854
000574 410.8725 6.763749 105.5946
000575 411.6172 6.838057 105.7
000576 412.361 6.919003 105.7908
000577 413.1125 7.000377 105.8794
000578 413.8665 7.082022 105.97
000579 414.6247 7.167742 106.0586
000580 415.3892 7.261742 106.1371
000581 416.1484 7.350541 106.212
000582 416.8974 7.42776 106.2978
000583 417.6432 7.505022 106.375
000584 418.392 7.589414 106.4346
000585 419.1639 7.668172 106.5066
000586 419.9504 7.739703 106.5859
000587 420.7323 7.80996 106.6555
000588 421.4933 7.865259 106.727
000589 422.2299 7.916668 106.8
000590 422.977 7.9717 106.8715
000591 423.7372 8.020692 106.9478
000592 424.5012 8.059333 107.0352
000593 425.2498 8.093652 107.1189
000594 425.9771 8.129462 107.1916
000595 426.6891 8.167187 107.2626
000596 427.3978 8.202315 107.3393
000597 428.1028 8.233718 107.4201
000598 428.7973 8.264055 107.5012
000599 429.4784 8.290819 107.5837
000600 430.1492 8.313589 107.6708
000601 430.81 8.332906 107.757
000602 431.4674 8.346583 107.8376
000603 432.1175 8.355373 107.9076
000604 432.765 8.365156 107.96
000605 433.3982 8.37606 107.9914
000606 434.0258 8.381937 108.0081
000607 434.6248 8.387456 108.0189
000608 435.1999 8.390719 108.0164
000609 435.7582 8.395461 108.0091
000610 436.2915 8.399452 107.9901
000611 436.8089 8.403295 107.9684
000612 437.299 8.401479 107.9305
000613 437.7525 8.394344 107.8831
000614 438.1792 8.385082 107.8263
000615 438.581 8.37812 107.7694
000616 438.9558 8.371887 107.7178
000617 439.3196 8.371096 107.6669
000618 439.6662 8.368543 107.607
000619 439.9972 8.358794 107.5448
000620 440.3117 8.348141 107.476
000621 440.6089 8.339225 107.409
000622 440.8912 8.330838 107.3598
000623 441.1539 8.32006 107.3234
000624 441.3987 8.312378 107.2894
000625 441.6215 8.308381 107.2539
000626 441.8197 8.302167 107.2159
000627 441.9929 8.292936 107.1791
000628 442.1489 8.284685 107.1466
000629 442.2988 8.284115 107.1254
000630 442.4486 8.281336 107.1107
000631 442.6003 8.281351 107.0931
000632 442.7548 8.282708 107.0634
000633 442.9059 8.285099 107.0386
000634 443.0529 8.283272 107.0229
000635 443.1997 8.280202 107.0169
000636 443.3468 8.276204 107.0141
000637 443.4966 8.27367 107.0092
000638 443.6589 8.271518 106.9995
000639 443.836 8.27071 106.9893
000640 444.0318 8.272879 106.9847
000641 444.2467 8.274685 106.9889
000642 444.473 8.271421 106.9895
000643 444.707 8.261392 106.9764
000644 444.9541 8.252821 106.9578
000645 445.2055 8.244671 106.9463
000646 445.4699 8.242657 106.9428
000647 445.741 8.242741 106.9431
000648 446.0129 8.236481 106.9533
000649 446.3024 8.230851 106.9727
000650 446.6028 8.226772 106.9995
000651 446.9028 8.225666 107.0336
000652 447.2256 8.225759 107.0867
000653 447.5585 8.226509 107.1497
000654 447.8898 8.222854 107.21
000655 448.2499 8.21745 107.2771
000656 448.605 8.211699 107.3516
000657 448.9874 8.207744 107.4465
000658 449.3814 8.204227 107.5566
000659 449.7735 8.201329 107.6756
000660 450.1895 8.198927 107.8222
000661 450.6113 8.195762 108.0041
000662 451.0376 8.192056 108.1997
000663 451.4911 8.188818 108.4021
000664 451.9494 8.186495 108.6181
000665 452.4322 8.18353 108.844
000666 452.9289 8.181836 109.0848
000667 453.4353 8.179648 109.3187
000668 453.9636 8.18257 109.5466
000669 454.5022 8.183837 109.7981
000670 455.0427 8.183922 110.0667
000671 455.5975 8.182013 110.3603
000672 456.1582 8.181664 110.6666
000673 456.7493 8.16962 110.9831
000674 457.3544 8.152796 111.3083
000675 457.9719 8.132884 111.6461
000676 458.5971 8.11907 111.9988
000677 459.2335 8.106465 112.3592
000678 459.8774 8.100209 112.7358
000679 460.5356 8.092042 113.1184
000680 461.2016 8.086262 113.5145
000681 461.8832 8.079735 113.9149
000682 462.5741 8.076379 114.3268
000683 463.2776 8.070543 114.7487
000684 463.9887 8.064325 115.182
000685 464.7101 8.056835 115.6225
000686 465.4401 8.048223 116.0673
000687 466.1755 8.039721 116.5177
000688 466.9232 8.029741 116.9794
000689 467.673 8.017194 117.4495
000690 468.4354 8.005046 117.9247
000691 469.2057 7.99385 118.4087
000692 469.987 7.980812 118.9038
000693 470.7811 7.967282 119.4044
000694 471.5837 7.952083 119.9093
000695 472.3974 7.942587 120.4162
000696 473.2194 7.932442 120.9268
000697 474.0519 7.9201 121.4472
000698 474.8921 7.908537 121.9754
000699 475.7434 7.896328 122.5108
000700 476.6013 7.882709 123.0538
000701 477.4675 7.870021 123.602
000702 478.3443 7.856526 124.1604
000703 479.2297 7.842703 124.7229
000704 480.1181 7.816016 125.2863
000705 480.992 7.799868 125.864
000706 481.8789 7.784641 126.4407
000707 482.7725 7.76861 127.0159
000708 483.6799 7.748165 127.5929
000709 484.5909 7.723347 128.1647
000710 485.5159 7.702777 128.7246
000711 486.4476 7.68909 129.2736
000712 487.3873 7.6759 129.8063
000713 488.35 7.65976 130.3251
000714 489.32 7.644658 130.8265
000715 490.2959 7.627582 131.3053
000716 491.2861 7.608299 131.7682
000717 492.2829 7.577623 132.2132
000718 493.3018 7.529603 132.653
000719 494.335 7.486674 133.0594
000720 495.358 7.441737 133.4382
000721 496.4058 7.395897 133.7937
000722 497.4462 7.343661 134.1159
000723 498.5138 7.291952 134.4098
000724 499.5934 7.239981 134.6606
000725 500.6561 7.179209 134.8781
000726 501.7511 7.107864 135.0642
000727 502.8308 7.030874 135.2112
000728 503.9342 6.948783 135.3334
000729 505.0423 6.85995 135.4277
000730 506.1472 6.768053 135.4921
000731 507.2723 6.67505 135.5359
000732 508.395 6.580157 135.5569
000733 509.5108 6.485308 135.5511
000734 510.6424 6.389289 135.5229
000735 511.7704 6.294291 135.4757
000736 512.9071 6.208165 135.4162
000737 514.044 6.119894 135.357
000738 515.185 6.025495 135.2992
000739 516.3261 5.928454 135.2386
000740 517.4718 5.832641 135.1718
000741 518.623 5.734027 135.0979
000742 519.7856 5.63475 135.0173
000743 520.9588 5.53239 134.9329
000744 522.1448 5.430448 134.847
000745 523.3374 5.330952 134.7574
000746 524.5354 5.231821 134.6696
000747 525.7344 5.131118 134.5788
000748 526.9472 5.024148 134.4845
000749 528.1671 4.913715 134.3884
000750 529.3991 4.801178 134.2938
000751 530.6378 4.687869 134.2008
000752 531.8804 4.575691 134.1087
000753 533.1337 4.462482 134.0104
000754 534.3975 4.347459 133.9097
000755 535.6613 4.23497 133.7995
000756 536.9366 4.119557 133.6863
000757 538.2185 4.003077 133.5721
000758 539.5087 3.885044 133.4504
000759 540.806 3.768101 133.326
000760 542.1306 3.670993 133.1855
000761 543.4628 3.573109 133.0424
000762 544.802 3.476816 132.8923
000763 546.1426 3.37072 132.7403
000764 547.4929 3.267103 132.5792
000765 548.8484 3.156546 132.4159
000766 550.2099 3.041963 132.2485
000767 551.5752 2.91327 132.0777
000768 552.948 2.783757 131.9008
000769 554.3261 2.656796 131.7159
000770 555.7118 2.528567 131.5261
000771 557.1041 2.399866 131.3279
000772 558.4998 2.269903 131.1262
000773 559.9076 2.13877 130.9168
000774 561.3175 2.008314 130.7066
000775 562.7394 1.87561 130.4905
000776 564.1657 1.74231 130.2739
000777 565.5998 1.607277 130.0512
000778 567.0384 1.473204 129.8258
000779 568.4892 1.338244 129.5962
000780 569.9415 1.204765 129.3673
000781 571.4033 1.07045 129.1365
000782 572.8707 0.9347147 128.9047
000783 574.3517 0.7948708 128.6665
000784 575.8281 0.6596113 128.4282
000785 577.3012 0.5265952 128.1909
000786 578.7797 0.3911611 127.9538
000787 580.2597 0.252798 127.7179
000788 581.7458 0.1016155 127.4871
000789 583.2371 -0.05588021 127.2589
000790 584.7273 -0.2157308 127.031
000791 586.2192 -0.3728685 126.7986
000792 587.713 -0.5291253 126.5673
000793 589.2056 -0.6839355 126.3366
000794 590.7063 -0.8349537 126.1075
000795 592.202 -0.9855955 125.8847
000796 593.6965 -1.133189 125.6604
000797 595.1894 -1.279919 125.4396
000798 596.6838 -1.425223 125.2152
000799 598.1765 -1.569485 124.9935
000800 599.6656 -1.713634 124.7758
000801 601.1497 -1.855775 124.5584
000802 602.6348 -1.996259 124.3339
000803 604.1193 -2.134326 124.1054
000804 605.6015 -2.266799 123.8702
000805 607.0799 -2.402032 123.6385
000806 608.555 -2.53986 123.4126
000807 610.0387 -2.682651 123.1942
000808 611.521 -2.824801 122.977
000809 613.0022 -2.963844 122.7629
000810 614.4836 -3.099679 122.5471
000811 615.9658 -3.235243 122.3354
000812 617.4445 -3.370905 122.1166
000813 618.9264 -3.50959 121.9034
000814 620.4019 -3.644953 121.686
000815 621.8775 -3.782481 121.471
000816 623.3503 -3.919619 121.2544
000817 624.8239 -4.058322 121.0352
000818 626.2881 -4.19743 120.8229
000819 627.7419 -4.339425 120.6154
000820 629.195 -4.485251 120.4151
000821 630.6377 -4.631806 120.216
000822 632.0716 -4.772113 120.0166
000823 633.4936 -4.906253 119.8122
000824 634.9104 -5.039168 119.6107
000825 636.3188 -5.173869 119.4126
000826 637.7168 -5.306799 119.2158
000827 639.1077 -5.440214 119.0205
000828 640.484 -5.573172 118.8251
000829 641.8446 -5.704481 118.6326
000830 643.1805 -5.829779 118.4422
000831 644.4976 -5.952741 118.2561
000832 645.7878 -6.069315 118.0703
000833 647.0504 -6.180966 117.8844
000834 648.2784 -6.293647 117.6984
000835 649.4851 -6.410502 117.5205
000836 650.6695 -6.526455 117.3448
000837 651.8174 -6.633894 117.176
000838 652.9332 -6.736937 117.0159
000839 654.0157 -6.83414 116.863
000840 655.0645 -6.92894 116.7124
000841 656.0738 -7.019342 116.5666
000842 657.0509 -7.109623 116.4399
000843 657.9807 -7.194317 116.3142
000844 658.8703 -7.275101 116.1936
000845 659.7211 -7.356354 116.0767
000846 660.5264 -7.432865 115.9646
000847 661.2929 -7.506423 115.8579
000848 662.0203 -7.573766 115.7505
000849 662.7011 -7.64033 115.6308
000850 663.355 -7.700834 115.5058
000851 663.9799 -7.758066 115.3586
000852 664.544 -7.812578 115.1851
000853 665.1394 -7.870549 114.9993
000854 665.6528 -7.927666 114.787
000855 666.2207 -7.985695 114.5578
000856 666.7809 -8.042231 114.3064
000857 667.2164 -8.095726 114.0165
000858 667.7314 -8.15508 113.7224
000859 668.0814 -8.21182 113.3811
000860 668.5395 -8.2656 113.0421
000861 668.8155 -8.309868 112.6521
000862 669.1895 -8.364714 112.2683
000863 669.5344 -8.419548 111.859
000864 669.7217 -8.469077 111.4206
000865 670.0173 -8.521558 110.986
000866 670.1506 -8.567497 110.5132
000867 670.375 -8.624582 110.04
000868 670.5715 -8.670623 109.5531
000869 670.6002 -8.721843 109.0393
000870 670.7435 -8.762155 108.5321
000871 670.7193 -8.8097 107.9914
000872 670.7989 -8.866096 107.4536
000873 670.8537 -8.926874 106.9058
000874 670.7208 -8.988273 106.3349
000875 670.6915 -9.044011 105.7796
000876 670.4796 -9.110009 105.2037
000877 670.3759 -9.163384 104.646
000878 670.2121 -9.217767 104.0834
000879 669.8862 -9.275436 103.505
000880 669.6374 -9.333919 102.9431
000881 669.3414 -9.389779 102.3805
000882 668.934 -9.442521 101.8117
000883 668.5705 -9.490074 101.2535
000884 668.1707 -9.542441 100.6959
000885 667.7134 -9.59801 100.1285
000886 667.257 -9.654688 99.56918
000887 666.784 -9.711829 98.99997
000888 666.2846 -9.763801 98.43179
000889 665.7788 -9.817338 97.87203
000890 665.2332 -9.854248 97.30181
000891 664.6919 -9.902523 96.73017
000892 664.1406 -9.951545 96.16703
000893 663.548 -9.983917 95.61348
000894 662.9511 -10.01919 95.06952
000895 662.3373 -10.05144 94.53464
000896 661.6931 -10.07472 94.00972
000897 661.0454 -10.09293 93.51509
000898 660.3612 -10.10891 93.03188
000899 659.6812 -10.12551 92.56889
000900 658.9781 -10.13214 92.10808
000901 658.2498 -10.14038 91.66145
000902 657.5207 -10.14228 91.23078
000903 656.784 -10.14771 90.79684
000904 656.0269 -10.14631 90.35545
000905 655.2651 -10.145 89.90592
000906 654.5015 -10.14401 89.4451
000907 653.7332 -10.14159 88.98224
000908 652.9631 -10.13661 88.5237
000909 652.1783 -10.13302 88.06058
000910 651.3922 -10.13577 87.59251
000911 650.592 -10.14452 87.11193
000912 649.7873 -10.16222 86.62273
000913 648.9838 -10.18136 86.11908
000914 648.1788 -10.2066 85.6103
000915 647.3616 -10.23491 85.10861
000916 646.5313 -10.26526 84.59392
000917 645.6934 -10.29976 84.07343
000918 644.8424 -10.32492 83.54987
000919 643.9805 -10.35283 83.0219
000920 643.1181 -10.37586 82.48284
000921 642.252 -10.39451 81.94828
000922 641.3927 -10.41407 81.41052
000923 640.535 -10.4327 80.86911
000924 639.6813 -10.45077 80.32439
000925 638.8312 -10.46791 79.76797
000926 637.9859 -10.48472 79.2121
000927 637.1493 -10.50813 78.65837
000928 636.315 -10.53704 78.09906
000929 635.4874 -10.56509 77.54032
000930 634.6665 -10.58281 76.99384
000931 633.8524 -10.60249 76.44864
000932 633.0517 -10.63017 75.90526
000933 632.2519 -10.64811 75.35515
000934 631.4568 -10.65785 74.80841
000935 630.6658 -10.66245 74.27009
000936 629.8795 -10.67161 73.73857
000937 629.1065 -10.68866 73.211
000938 628.3434 -10.70814 72.68462
000939 627.5905 -10.7213 72.16355
000940 626.8447 -10.73087 71.63711
000941 626.1107 -10.7391 71.12089
000942 625.3872 -10.74782 70.61005
000943 624.6843 -10.75119 70.10311
000944 623.9951 -10.75593 69.60583
000945 623.3185 -10.75717 69.11566
000946 622.6615 -10.759 68.63581
000947 622.0271 -10.75355 68.166
000948 621.4105 -10.75959 67.70924
000949 620.8086 -10.76815 67.27259
000950 620.2264 -10.77507 66.85124
000951 619.6701 -10.78381 66.43697
000952 619.1421 -10.79462 66.03572
000953 618.6337 -10.80289 65.65583
000954 618.1539 -10.8155 65.28911
000955 617.697 -10.82404 64.94478
000956 617.2685 -10.83564 64.62793
000957 616.8671 -10.84459 64.32758
000958 616.4909 -10.85055 64.04612
000959 616.1466 -10.85254 63.77847
000960 615.8196 -10.84752 63.53086
000961 615.5139 -10.84264 63.31555
000962 615.2297 -10.84514 63.11774
000963 614.9738 -10.84148 62.93212
000964 614.7441 -10.84211 62.75796
000965 614.5303 -10.836 62.6042
000966 614.3308 -10.83889 62.46162
000967 614.1529 -10.83935 62.32641
000968 613.9794 -10.83308 62.19637
000969 613.8111 -10.82475 62.0693
000970 613.6452 -10.82308 61.94494
000971 613.4789 -10.8133 61.821
000972 613.3132 -10.80582 61.69425
000973 613.1522 -10.80397 61.56966
000974 612.991 -10.798 61.44762
000975 612.8304 -10.79146 61.32249
000976 612.6714 -10.78498 61.19808
000977 612.5071 -10.78137 61.07369
000978 612.348 -10.78161 60.95679
000979 612.1916 -10.78752 60.84182
000980 612.0437 -10.79376 60.73134
000981 611.9005 -10.80293 60.61897
000982 611.7571 -10.80545 60.50642
000983 611.6151 -10.81255 60.40031
000984 611.4761 -10.81876 60.29891
000985 611.3439 -10.81989 60.20132
000986 611.2231 -10.81783 60.10489
000987 611.1093 -10.82428 60.01185
000988 610.9958 -10.83316 59.92384
000989 610.8817 -10.83923 59.84108
000990 610.7661 -10.84023 59.7584
000991 610.6572 -10.84191 59.67128
000992 610.544 -10.8356 59.57761
000993 610.434 -10.83002 59.48389
000994 610.3302 -10.83372 59.39758
000995 610.2291 -10.8416 59.31664
000996 610.1273 -10.85035 59.23631
000997 610.025 -10.85672 59.15471
000998 609.9206 -10.858 59.06999
000999 609.8106 -10.85383 58.9832
001000 609.6925 -10.84677 58.89047
001001 609.5668 -10.84532 58.79275
001002 609.4269 -10.8453 58.68324
001003 609.2668 -10.84724 58.55681
001004 609.0866 -10.85141 58.41027
001005 608.885 -10.85837 58.24501
001006 608.6581 -10.86268 58.06365
001007 608.4078 -10.8594 57.86475
001008 608.1414 -10.85098 57.64325
001009 607.8549 -10.85104 57.39812
001010 607.5536 -10.85729 57.14145
001011 607.2262 -10.84763 56.86485
001012 606.8856 -10.84516 56.57174
001013 606.5341 -10.84757 56.25489
001014 606.1751 -10.8524 55.92283
001015 605.7989 -10.85192 55.57109
001016 605.4022 -10.85101 55.20007
001017 604.9888 -10.84809 54.81576
001018 604.5756 -10.84914 54.41248
001019 604.1571 -10.84897 53.9836
001020 603.721 -10.849 53.53979
001021 603.2807 -10.85762 53.08678
001022 602.8244 -10.86177 52.61497
001023 602.3576 -10.86318 52.12981
001024 601.8734 -10.8637 51.63483
001025 601.3777 -10.8686 51.12461
001026 600.8722 -10.87876 50.59895
001027 600.3665 -10.89051 50.05776
001028 599.8496 -10.90722 49.50071
001029 599.3131 -10.92426 48.9408
001030 598.7574 -10.94563 48.36507
001031 598.1997 -10.97494 47.76481
001032 597.6365 -11.00894 47.15386
001033 597.0613 -11.04019 46.53114
001034 596.4781 -11.06657 45.90216
001035 595.8811 -11.09864 45.24823
001036 595.2758 -11.12293 44.58974
001037 594.6712 -11.15506 43.91619
001038 594.0578 -11.18162 43.2366
001039 593.4438 -11.21685 42.54869
001040 592.8339 -11.24681 41.85865
001041 592.2286 -11.27914 41.16615
001042 591.6198 -11.31105 40.47923
001043 591.0189 -11.3477 39.79061
001044 590.4165 -11.38702 39.09726
001045 589.8115 -11.41673 38.40761
001046 589.2034 -11.44789 37.71988
001047 588.5897 -11.47534 37.03595
001048 587.9705 -11.50494 36.34581
001049 587.3486 -11.54032 35.65009
001050 586.7274 -11.57309 34.953
001051 586.1016 -11.60601 34.25941
001052 585.4709 -11.63827 33.56322
001053 584.8353 -11.67232 32.86909
001054 584.1966 -11.70604 32.17088
001055 583.5539 -11.74538 31.47256
001056 582.9099 -11.7797 30.77846
001057 582.2613 -11.81017 30.08245
001058 581.6089 -11.84302 29.38262
001059 580.9564 -11.88154 28.68287
001060 580.2979 -11.92518 27.97705
001061 579.6399 -11.96837 27.26971
001062 578.9819 -12.00728 26.55966
001063 578.3215 -12.04305 25.84731
001064 577.6565 -12.08468 25.13063
001065 576.9896 -12.12757 24.41211
001066 576.3293 -12.17159 23.69459
001067 575.6697 -12.2178 22.97735
001068 575.0134 -12.26829 22.26179
001069 574.3601 -12.32193 21.53752
001070 573.7105 -12.37404 20.81582
001071 573.061 -12.42 20.0923
001072 572.4145 -12.45957 19.37693
001073 571.7728 -12.49786 18.65815
001074 571.1353 -12.53619 17.94196
001075 570.5015 -12.57914 17.22896
001076 569.8728 -12.62044 16.52128
001077 569.253 -12.66639 15.81237
001078 568.6346 -12.71147 15.1027
001079 568.0181 -12.7531 14.39283
001080 567.4028 -12.79528 13.68455
001081 566.7964 -12.83587 12.98106
001082 566.199 -12.88189 12.28701
001083 565.597 -12.92698 11.59476
001084 564.9902 -12.9675 10.91187
001085 564.3812 -13.00929 10.2361
001086 563.7768 -13.05035 9.568871
001087 563.1841 -13.09917 8.909222
001088 562.5935 -13.14778 8.255447
001089 562.0162 -13.19798 7.610878
001090 561.4478 -13.24838 6.973817
001091 560.8969 -13.29868 6.359508
001092 560.3578 -13.35478 5.761759
001093 559.8303 -13.41042 5.174447
001094 559.3052 -13.45738 4.607283
001095 558.7906 -13.50263 4.059161
001096 558.301 -13.54744 3.537414
001097 557.8372 -13.59863 3.031586
001098 557.3888 -13.64868 2.556647
001099 556.9636 -13.69656 2.098999
001100 556.5559 -13.74547 1.653286
001101 556.1663 -13.79439 1.2243
001102 555.7882 -13.84594 0.8169201
001103 555.4289 -13.90309 0.4233178
001104 555.0868 -13.95315 0.03811962
001105 554.7515 -14.00156 -0.3399935
001106 554.4192 -14.04377 -0.7073627
001107 554.0919 -14.09013 -1.065239
001108 553.7707 -14.13144 -1.417053
001109 553.4605 -14.17213 -1.759813
001110 553.1562 -14.20641 -2.093206
001111 552.8539 -14.23971 -2.416138
001112 552.5559 -14.27067 -2.730761
001113 552.2654 -14.30044 -3.039119
001114 551.9811 -14.33004 -3.341352
001115 551.7084 -14.35767 -3.635664
001116 551.4462 -14.39062 -3.918816
001117 551.1921 -14.42524 -4.191369
001118 550.9485 -14.46942 -4.451915
001119 550.7149 -14.50686 -4.70915
001120 550.4909 -14.54971 -4.953978
001121 550.27 -14.58897 -5.187168
001122 550.0554 -14.62769 -5.411455
001123 549.8482 -14.65601 -5.634374
001124 549.6541 -14.68342 -5.853434
001125 549.4722 -14.70996 -6.063502
001126 549.302 -14.7354 -6.26449
001127 549.1413 -14.76442 -6.454319
001128 548.9914 -14.79272 -6.627882
001129 548.8455 -14.81427 -6.789741
001130 548.7101 -14.83607 -6.943462
001131 548.5821 -14.85933 -7.090666
001132 548.4668 -14.88391 -7.227784
001133 548.3601 -14.90623 -7.359144
001134 548.2576 -14.92158 -7.479973
001135 548.1601 -14.93536 -7.592526
001136 548.0696 -14.94831 -7.701283
001137 547.9875 -14.96149 -7.803179
001138 547.9093 -14.97381 -7.89946
001139 547.8349 -14.98586 -7.988359
001140 547.7689 -14.9999 -8.070234
001141 547.7082 -15.01146 -8.149215
001142 547.6514 -15.02425 -8.224501
001143 547.5926 -15.03338 -8.293718
001144 547.5348 -15.04238 -8.355707
001145 547.4854 -15.05129 -8.414013
001146 547.4387 -15.05801 -8.468806
001147 547.392 -15.05839 -8.519784
001148 547.3512 -15.06466 -8.566595
001149 547.3123 -15.0754 -8.609266
001150 547.2762 -15.08357 -8.650922
001151 547.2431 -15.09153 -8.690682
001152 547.2128 -15.09721 -8.72703
001153 547.1848 -15.10418 -8.759968
001154 547.1603 -15.11054 -8.788951
001155 547.1379 -15.11792 -8.816118
001156 547.1198 -15.12423 -8.840305
001157 547.1045 -15.13047 -8.861118
001158 547.093 -15.13445 -8.8782
001159 547.0839 -15.13715 -8.892504
001160 547.0765 -15.13958 -8.904703
001161 547.0695 -15.13853 -8.915003
001162 547.0626 -15.13608 -8.925013
001163 547.0561 -15.13392 -8.935045
001164 547.0403 -15.12626 -8.948208
001165 547.0253 -15.11998 -8.962217
001166 547.001 -15.10952 -8.980742
001167 546.9775 -15.10246 -9.002351
001168 546.9518 -15.0971 -9.025308
001169 546.9287 -15.0958 -9.049068
001170 546.9063 -15.09607 -9.075048
001171 546.8811 -15.09673 -9.10493
001172 546.8532 -15.0981 -9.137999
001173 546.8233 -15.09999 -9.175395
001174 546.7919 -15.10353 -9.215737
001175 546.7561 -15.11178 -9.260733
001176 546.7179 -15.11966 -9.30775
001177 546.6735 -15.13096 -9.359431
001178 546.627 -15.14222 -9.413047
001179 546.5777 -15.15641 -9.471357
001180 546.5255 -15.17102 -9.53299
001181 546.4698 -15.18833 -9.598824
001182 546.4115 -15.20466 -9.667371
001183 546.35 -15.22117 -9.738525
001184 546.2866 -15.23978 -9.816256
001185 546.2224 -15.25557 -9.896104
001186 546.1573 -15.27589 -9.976974
001187 546.088 -15.2909 -10.05776
001188 546.0136 -15.30813 -10.14183
001189 545.939 -15.32616 -10.22762
001190 545.8625 -15.34651 -10.31362
001191 545.7834 -15.36452 -10.39832
001192 545.7058 -15.38555 -10.48253
001193 545.6352 -15.40939 -10.566
001194 545.5695 -15.43089 -10.64666
001195 545.507 -15.45107 -10.72449
001196 545.4452 -15.46603 -10.79801
001197 545.3877 -15.4837 -10.86851
001198 545.3342 -15.49952 -10.93349
001199 545.2863 -15.51831 -10.99491
001200 545.2426 -15.53084 -11.04965
