1403638127245096960
1403638127295097088
1403638127345096960
1403638127395097088
1403638127445096960
1403638127495097088
1403638127545096960
1403638127595097088
1403638127645096960
1403638127695097088
1403638127745096960
1403638127795097088
1403638127845096960
1403638127895097088
1403638127945096960
1403638127995097088
1403638128045096960
1403638128095097088
1403638128145096960
1403638128195097088
1403638128245096960
1403638128295097088
1403638128345096960
1403638128395097088
1403638128445096960
1403638128495097088
1403638128545096960
1403638128595097088
1403638128645096960
1403638128695097088
1403638128745096960
1403638128795097088
1403638128845096960
1403638128895097088
1403638128945096960
1403638128995097088
1403638129045096960
1403638129095097088
1403638129145096960
1403638129195097088
1403638129245096960
1403638129295097088
1403638129345096960
1403638129395097088
1403638129445096960
1403638129495097088
1403638129545096960
1403638129595097088
1403638129645096960
1403638129695097088
1403638129745096960
1403638129795097088
1403638129845096960
1403638129895097088
1403638129945096960
1403638129995097088
1403638130045096960
1403638130095097088
1403638130145096960
1403638130195097088
1403638130245096960
1403638130295097088
1403638130345096960
1403638130395097088
1403638130445096960
1403638130495097088
1403638130545096960
1403638130595097088
1403638130645096960
1403638130695097088
1403638130745096960
1403638130795097088
1403638130845096960
1403638130895097088
1403638130945096960
1403638130995097088
1403638131045096960
1403638131095097088
1403638131145096960
1403638131195097088
1403638131245096960
1403638131295097088
1403638131345096960
1403638131395097088
1403638131445096960
1403638131495097088
1403638131545096960
1403638131595097088
1403638131645096960
1403638131695097088
1403638131745096960
1403638131795097088
1403638131845096960
1403638131895097088
1403638131945096960
1403638131995097088
1403638132045096960
1403638132095097088
1403638132145096960
1403638132195097088
1403638132245096960
1403638132295097088
1403638132345096960
1403638132395097088
1403638132445096960
1403638132495097088
1403638132545096960
1403638132595097088
1403638132645096960
1403638132695097088
1403638132745096960
1403638132795097088
1403638132845096960
1403638132895097088
1403638132945096960
1403638132995097088
1403638133045096960
1403638133095097088
1403638133145096960
1403638133195097088
1403638133245096960
1403638133295097088
1403638133345096960
1403638133395097088
1403638133445096960
1403638133495097088
1403638133545096960
1403638133595097088
1403638133645096960
1403638133695097088
1403638133745096960
1403638133795097088
1403638133845096960
1403638133895097088
1403638133945096960
1403638133995097088
1403638134045096960
1403638134095097088
1403638134145096960
1403638134195097088
1403638134245096960
1403638134295097088
1403638134345096960
1403638134395097088
1403638134445096960
1403638134495097088
1403638134545096960
1403638134595097088
1403638134645096960
1403638134695097088
1403638134745096960
1403638134795097088
1403638134845096960
1403638134895097088
1403638134945096960
1403638134995097088
1403638135045096960
1403638135095097088
1403638135145096960
1403638135195097088
1403638135245096960
1403638135295097088
1403638135345096960
1403638135395097088
1403638135445096960
1403638135495097088
1403638135545096960
1403638135595097088
1403638135645096960
1403638135695097088
1403638135745096960
1403638135795097088
1403638135845096960
1403638135895097088
1403638135945096960
1403638135995097088
1403638136045096960
1403638136095097088
1403638136145096960
1403638136195097088
1403638136245096960
1403638136295097088
1403638136345096960
1403638136395097088
1403638136445096960
1403638136495097088
1403638136545096960
1403638136595097088
1403638136645096960
1403638136695097088
1403638136745096960
1403638136795097088
1403638136845096960
1403638136895097088
1403638136945096960
1403638136995097088
1403638137045096960
1403638137095097088
1403638137145096960
1403638137195097088
1403638137245096960
1403638137295097088
1403638137345096960
1403638137395097088
1403638137445096960
1403638137495097088
1403638137545096960
1403638137595097088
1403638137645096960
1403638137695097088
1403638137745096960
1403638137795097088
1403638137845096960
1403638137895097088
1403638137945096960
1403638137995097088
1403638138045096960
1403638138095097088
1403638138145096960
1403638138195097088
1403638138245096960
1403638138295097088
1403638138345096960
1403638138395097088
1403638138445096960
1403638138495097088
1403638138545096960
1403638138595097088
1403638138645096960
1403638138695097088
1403638138745096960
1403638138795097088
1403638138845096960
1403638138895097088
1403638138945096960
1403638138995097088
1403638139045096960
1403638139095097088
1403638139145096960
1403638139195097088
1403638139245096960
1403638139295097088
1403638139345096960
1403638139395097088
1403638139445096960
1403638139495097088
1403638139545096960
1403638139595097088
1403638139645096960
1403638139695097088
1403638139745096960
1403638139795097088
1403638139845096960
1403638139895097088
1403638139945096960
1403638139995097088
1403638140045096960
1403638140095097088
1403638140145096960
1403638140195097088
1403638140245096960
1403638140295097088
1403638140345096960
1403638140395097088
1403638140445096960
1403638140495097088
1403638140545096960
1403638140595097088
1403638140645096960
1403638140695097088
1403638140745096960
1403638140795097088
1403638140845096960
1403638140895097088
1403638140945096960
1403638140995097088
1403638141045096960
1403638141095097088
1403638141145096960
1403638141195097088
1403638141245096960
1403638141295097088
1403638141345096960
1403638141395097088
1403638141445096960
1403638141495097088
1403638141545096960
1403638141595097088
1403638141645096960
1403638141695097088
1403638141745096960
1403638141795097088
1403638141845096960
1403638141895097088
1403638141945096960
1403638141995097088
1403638142045096960
1403638142095097088
1403638142145096960
1403638142195097088
1403638142245096960
1403638142295097088
1403638142345096960
1403638142395097088
1403638142445096960
1403638142495097088
1403638142545096960
1403638142595097088
1403638142645096960
1403638142695097088
1403638142745096960
1403638142795097088
1403638142845096960
1403638142895097088
1403638142945096960
1403638142995097088
1403638143045096960
1403638143095097088
1403638143145096960
1403638143195097088
1403638143245096960
1403638143295097088
1403638143345096960
1403638143395097088
1403638143445096960
1403638143495097088
1403638143545096960
1403638143595097088
1403638143645096960
1403638143695097088
1403638143745096960
1403638143795097088
1403638143845096960
1403638143895097088
1403638143945096960
1403638143995097088
1403638144045096960
1403638144095097088
1403638144145096960
1403638144195097088
1403638144245096960
1403638144295097088
1403638144345096960
1403638144395097088
1403638144445096960
1403638144495097088
1403638144545096960
1403638144595097088
1403638144645096960
1403638144695097088
1403638144745096960
1403638144795097088
1403638144845096960
1403638144895097088
1403638144945096960
1403638144995097088
1403638145045096960
1403638145095097088
1403638145145096960
1403638145195097088
1403638145245096960
1403638145295097088
1403638145345096960
1403638145395097088
1403638145445096960
1403638145495097088
1403638145545096960
1403638145595097088
1403638145645096960
1403638145695097088
1403638145745096960
1403638145795097088
1403638145845096960
1403638145895097088
1403638145945096960
1403638145995097088
1403638146045096960
1403638146095097088
1403638146145096960
1403638146195097088
1403638146245096960
1403638146295097088
1403638146345096960
1403638146395097088
1403638146445096960
1403638146495097088
1403638146545096960
1403638146595097088
1403638146645096960
1403638146695097088
1403638146745096960
1403638146795097088
1403638146845096960
1403638146895097088
1403638146945096960
1403638146995097088
1403638147045096960
1403638147095097088
1403638147145096960
1403638147195097088
1403638147245096960
1403638147295097088
1403638147345096960
1403638147395097088
1403638147445096960
1403638147495097088
1403638147545096960
1403638147595097088
1403638147645096960
1403638147695097088
1403638147745096960
1403638147795097088
1403638147845096960
1403638147895097088
1403638147945096960
1403638147995097088
1403638148045096960
1403638148095097088
1403638148145096960
1403638148195097088
1403638148245096960
1403638148295097088
1403638148345096960
1403638148395097088
1403638148445096960
1403638148495097088
1403638148545096960
1403638148595097088
1403638148645096960
1403638148695097088
1403638148745096960
1403638148795097088
1403638148845096960
1403638148895097088
1403638148945096960
1403638148995097088
1403638149045096960
1403638149095097088
1403638149145096960
1403638149195097088
1403638149245096960
1403638149295097088
1403638149345096960
1403638149395097088
1403638149445096960
1403638149495097088
1403638149545096960
1403638149595097088
1403638149645096960
1403638149695097088
1403638149745096960
1403638149795097088
1403638149845096960
1403638149895097088
1403638149945096960
1403638149995097088
1403638150045096960
1403638150095097088
1403638150145096960
1403638150195097088
1403638150245096960
1403638150295097088
1403638150345096960
1403638150395097088
1403638150445096960
1403638150495097088
1403638150545096960
1403638150595097088
1403638150645096960
1403638150695097088
1403638150745096960
1403638150795097088
1403638150845096960
1403638150895097088
1403638150945096960
1403638150995097088
1403638151045096960
1403638151095097088
1403638151145096960
1403638151195097088
1403638151245096960
1403638151295097088
1403638151345096960
1403638151395097088
1403638151445096960
1403638151495097088
1403638151545096960
1403638151595097088
1403638151645096960
1403638151695097088
1403638151745096960
1403638151795097088
1403638151845096960
1403638151895097088
1403638151945096960
1403638151995097088
1403638152045096960
1403638152095097088
1403638152145096960
1403638152195097088
1403638152245096960
1403638152295097088
1403638152345096960
1403638152395097088
1403638152445096960
1403638152495097088
1403638152545096960
1403638152595097088
1403638152645096960
1403638152695097088
1403638152745096960
1403638152795097088
1403638152845096960
1403638152895097088
1403638152945096960
1403638152995097088
1403638153045096960
1403638153095097088
1403638153145096960
1403638153195097088
1403638153245096960
1403638153295097088
1403638153345096960
1403638153395097088
1403638153445096960
1403638153495097088
1403638153545096960
1403638153595097088
1403638153645096960
1403638153695097088
1403638153745096960
1403638153795097088
1403638153845096960
1403638153895097088
1403638153945096960
1403638153995097088
1403638154045096960
1403638154095097088
1403638154145096960
1403638154195097088
1403638154245096960
1403638154295097088
1403638154345096960
1403638154395097088
1403638154445096960
1403638154495097088
1403638154545096960
1403638154595097088
1403638154645096960
1403638154695097088
1403638154745096960
1403638154795097088
1403638154845096960
1403638154895097088
1403638154945096960
1403638154995097088
1403638155045096960
1403638155095097088
1403638155145096960
1403638155195097088
1403638155245096960
1403638155295097088
1403638155345096960
1403638155395097088
1403638155445096960
1403638155495097088
1403638155545096960
1403638155595097088
1403638155645096960
1403638155695097088
1403638155745096960
1403638155795097088
1403638155845096960
1403638155895097088
1403638155945096960
1403638155995097088
1403638156045096960
1403638156095097088
1403638156145096960
1403638156195097088
1403638156245096960
1403638156295097088
1403638156345096960
1403638156395097088
1403638156445096960
1403638156495097088
1403638156545096960
1403638156595097088
1403638156645096960
1403638156695097088
1403638156745096960
1403638156795097088
1403638156845096960
1403638156895097088
1403638156945096960
1403638156995097088
1403638157045096960
1403638157095097088
1403638157145096960
1403638157195097088
1403638157245096960
1403638157295097088
1403638157345096960
1403638157395097088
1403638157445096960
1403638157495097088
1403638157545096960
1403638157595097088
1403638157645096960
1403638157695097088
1403638157745096960
1403638157795097088
1403638157845096960
1403638157895097088
1403638157945096960
1403638157995097088
1403638158045096960
1403638158095097088
1403638158145096960
1403638158195097088
1403638158245096960
1403638158295097088
1403638158345096960
1403638158395097088
1403638158445096960
1403638158495097088
1403638158545096960
1403638158595097088
1403638158645096960
1403638158695097088
1403638158745096960
1403638158795097088
1403638158845096960
1403638158895097088
1403638158945096960
1403638158995097088
1403638159045096960
1403638159095097088
1403638159145096960
1403638159195097088
1403638159245096960
1403638159295097088
1403638159345096960
1403638159395097088
1403638159445096960
1403638159495097088
1403638159545096960
1403638159595097088
1403638159645096960
1403638159695097088
1403638159745096960
1403638159795097088
1403638159845096960
1403638159895097088
1403638159945096960
1403638159995097088
1403638160045096960
1403638160095097088
1403638160145096960
1403638160195097088
1403638160245096960
1403638160295097088
1403638160345096960
1403638160395097088
1403638160445096960
1403638160495097088
1403638160545096960
1403638160595097088
1403638160645096960
1403638160695097088
1403638160745096960
1403638160795097088
1403638160845096960
1403638160895097088
1403638160945096960
1403638160995097088
1403638161045096960
1403638161095097088
1403638161145096960
1403638161195097088
1403638161245096960
1403638161295097088
1403638161345096960
1403638161395097088
1403638161445096960
1403638161495097088
1403638161545096960
1403638161595097088
1403638161645096960
1403638161695097088
1403638161745096960
1403638161795097088
1403638161845096960
1403638161895097088
1403638161945096960
1403638161995097088
1403638162045096960
1403638162095097088
1403638162145096960
1403638162195097088
1403638162245096960
1403638162295097088
1403638162345096960
1403638162395097088
1403638162445096960
1403638162495097088
1403638162545096960
1403638162595097088
1403638162645096960
1403638162695097088
1403638162745096960
1403638162795097088
1403638162845096960
1403638162895097088
1403638162945096960
1403638162995097088
1403638163045096960
1403638163095097088
1403638163145096960
1403638163195097088
1403638163245096960
1403638163295097088
1403638163345096960
1403638163395097088
1403638163445096960
1403638163495097088
1403638163545096960
1403638163595097088
1403638163645096960
1403638163695097088
1403638163745096960
1403638163795097088
1403638163845096960
1403638163895097088
1403638163945096960
1403638163995097088
1403638164045096960
1403638164095097088
1403638164145096960
1403638164195097088
1403638164245096960
1403638164295097088
1403638164345096960
1403638164395097088
1403638164445096960
1403638164495097088
1403638164545096960
1403638164595097088
1403638164645096960
1403638164695097088
1403638164745096960
1403638164795097088
1403638164845096960
1403638164895097088
1403638164945096960
1403638164995097088
1403638165045096960
1403638165095097088
1403638165145096960
1403638165195097088
1403638165245096960
1403638165295097088
1403638165345096960
1403638165395097088
1403638165445096960
1403638165495097088
1403638165545096960
1403638165595097088
1403638165645096960
1403638165695097088
1403638165745096960
1403638165795097088
1403638165845096960
1403638165895097088
1403638165945096960
1403638165995097088
1403638166045096960
1403638166095097088
1403638166145096960
1403638166195097088
1403638166245096960
1403638166295097088
1403638166345096960
1403638166395097088
1403638166445096960
1403638166495097088
1403638166545096960
1403638166595097088
1403638166645096960
1403638166695097088
1403638166745096960
1403638166795097088
1403638166845096960
1403638166895097088
1403638166945096960
1403638166995097088
1403638167045096960
1403638167095097088
1403638167145096960
1403638167195097088
1403638167245096960
1403638167295097088
1403638167345096960
1403638167395097088
1403638167445096960
1403638167495097088
1403638167545096960
1403638167595097088
1403638167645096960
1403638167695097088
1403638167745096960
1403638167795097088
1403638167845096960
1403638167895097088
1403638167945096960
1403638167995097088
1403638168045096960
1403638168095097088
1403638168145096960
1403638168195097088
1403638168245096960
1403638168295097088
1403638168345096960
1403638168395097088
1403638168445096960
1403638168495097088
1403638168545096960
1403638168595097088
1403638168645096960
1403638168695097088
1403638168745096960
1403638168795097088
1403638168845096960
1403638168895097088
1403638168945096960
1403638168995097088
1403638169045096960
1403638169095097088
1403638169145096960
1403638169195097088
1403638169245096960
1403638169295097088
1403638169345096960
1403638169395097088
1403638169445096960
1403638169495097088
1403638169545096960
1403638169595097088
1403638169645096960
1403638169695097088
1403638169745096960
1403638169795097088
1403638169845096960
1403638169895097088
1403638169945096960
1403638169995097088
1403638170045096960
1403638170095097088
1403638170145096960
1403638170195097088
1403638170245096960
1403638170295097088
1403638170345096960
1403638170395097088
1403638170445096960
1403638170495097088
1403638170545096960
1403638170595097088
1403638170645096960
1403638170695097088
1403638170745096960
1403638170795097088
1403638170845096960
1403638170895097088
1403638170945096960
1403638170995097088
1403638171045096960
1403638171095097088
1403638171145096960
1403638171195097088
1403638171245096960
1403638171295097088
1403638171345096960
1403638171395097088
1403638171445096960
1403638171495097088
1403638171545096960
1403638171595097088
1403638171645096960
1403638171695097088
1403638171745096960
1403638171795097088
1403638171845096960
1403638171895097088
1403638171945096960
1403638171995097088
1403638172045096960
1403638172095097088
1403638172145096960
1403638172195097088
1403638172245096960
1403638172295097088
1403638172345096960
1403638172395097088
1403638172445096960
1403638172495097088
1403638172545096960
1403638172595097088
1403638172645096960
1403638172695097088
1403638172745096960
1403638172795097088
1403638172845096960
1403638172895097088
1403638172945096960
1403638172995097088
1403638173045096960
1403638173095097088
1403638173145096960
1403638173195097088
1403638173245096960
1403638173295097088
1403638173345096960
1403638173395097088
1403638173445096960
1403638173495097088
1403638173545096960
1403638173595097088
1403638173645096960
1403638173695097088
1403638173745096960
1403638173795097088
1403638173845096960
1403638173895097088
1403638173945096960
1403638173995097088
1403638174045096960
1403638174095097088
1403638174145096960
1403638174195097088
1403638174245096960
1403638174295097088
1403638174345096960
1403638174395097088
1403638174445096960
1403638174495097088
1403638174545096960
1403638174595097088
1403638174645096960
1403638174695097088
1403638174745096960
1403638174795097088
1403638174845096960
1403638174895097088
1403638174945096960
1403638174995097088
1403638175045096960
1403638175095097088
1403638175145096960
1403638175195097088
1403638175245096960
1403638175295097088
1403638175345096960
1403638175395097088
1403638175445096960
1403638175495097088
1403638175545096960
1403638175595097088
1403638175645096960
1403638175695097088
1403638175745096960
1403638175795097088
1403638175845096960
1403638175895097088
1403638175945096960
1403638175995097088
1403638176045096960
1403638176095097088
1403638176145096960
1403638176195097088
1403638176245096960
1403638176295097088
1403638176345096960
1403638176395097088
1403638176445096960
1403638176495097088
1403638176545096960
1403638176595097088
1403638176645096960
1403638176695097088
1403638176745096960
1403638176795097088
1403638176845096960
1403638176895097088
1403638176945096960
1403638176995097088
1403638177045096960
1403638177095097088
1403638177145096960
1403638177195097088
