1403638127245096960, 1403638227245096960
1403638127245096960, 1403638227245096960
1403638127245096960, 1403638227245096960
1403638127245096960, 1403638227245096960
1403638127245096960, 1403638227245096960
1403638127245096960, 1403638227245096960
1403638127245096960, 1403638227245096960
1403638127245096960, 1403638227245096960
1403638127245096960, 1403638227245096960
1403638127245096960, 1403638227245096960
1403638127245096960, 1403638227245096960
1403638127245096960, 1403638227245096960
1403638127245096960, 1403638227245096960
1403638127245096960, 1403638227245096960
1403638127245096960, 1403638227245096960
1403638127245096960, 1403638227245096960
1403638127245096960, 1403638227245096960
1403638127245096960, 1403638227245096960
1403638127245096960, 1403638227245096960
1403638127245096960, 1403638227245096960
