1403638568077829376, 1403638605577829376
1403638568077829376, 1403638605577829376
1403638568077829376, 1403638605577829376
1403638568077829376, 1403638605577829376
1403638568077829376, 1403638605577829376
1403638568077829376, 1403638605577829376
1403638568077829376, 1403638605577829376
1403638568077829376, 1403638605577829376
1403638568077829376, 1403638605577829376
1403638568077829376, 1403638605577829376
1403638568077829376, 1403638605577829376
1403638568077829376, 1403638605577829376
1403638568077829376, 1403638605577829376
1403638568077829376, 1403638605577829376
1403638568077829376, 1403638605577829376
1403638568077829376, 1403638605577829376
1403638568077829376, 1403638605577829376
1403638568077829376, 1403638605577829376
1403638568077829376, 1403638605577829376
1403638568077829376, 1403638605577829376
1403638568077829376, 1403638605577829376
1403638568077829376, 1403638605577829376
