000000 -0.0 -0.0 -0.0
000001 -0.00787572025063 0.0217553595307 -1.00207793881
000002 0.0312285567886 0.036361026232 -2.00108988298
000003 0.116078310968 0.0447956389523 -2.9989975217
000004 0.25659284392 0.0532872746047 -3.98402727166
000005 0.438228374485 0.07239635004 -4.96589497198
000006 0.664427926098 0.0886909574028 -5.93224467596
000007 0.93404187102 0.0864478729582 -6.88650894995
000008 1.23328465694 0.0807035825081 -7.82515567681
000009 1.58742388666 0.089857408512 -8.74752778056
000010 1.99057650651 0.111676392477 -9.64880175456
000011 2.44495136961 0.138509420102 -10.5247138966
000012 2.94313288267 0.162992659435 -11.3754033177
000013 3.476040019 0.172852707635 -12.1996034856
000014 4.03764560412 0.164902672755 -12.9975207914
000015 4.63441082538 0.164252043188 -13.7630105366
000016 5.26132885133 0.154894440119 -14.5004430266
000017 5.92407011747 0.159875774855 -15.2046371608
000018 6.63896462376 0.161173805334 -15.8664922223
000019 7.36852139714 0.104755829066 -16.4936595803
000020 8.12571155995 0.0864651513358 -17.08520442
000021 8.9002690385 0.0415464542712 -17.6427553537
000022 9.69497015415 -0.0806798034525 -18.1654723064
000023 10.5036651234 -0.111664348201 -18.6582477061
000024 11.2957807264 -0.15208684233 -19.1436481943
000025 12.0636880156 -0.184294308658 -19.624329997
000026 12.8077087152 -0.256781635885 -20.1063801791
000027 13.5185433432 -0.260241348787 -20.6063643527
000028 14.2317447481 -0.230675623521 -21.1034328914
000029 14.9468489552 -0.232236133156 -21.5909157972
000030 15.6664963347 -0.2350217839 -22.0656451751
000031 16.3699877759 -0.26917421338 -22.5466415808
000032 17.0650751138 -0.299791704606 -23.0353713615
000033 17.7708026197 -0.312255983709 -23.5180110828
000034 18.4913620228 -0.249279246609 -23.9942868955
000035 19.1990731282 -0.253474995865 -24.4835687568
000036 19.8645061216 -0.317133352955 -25.0052895225
000037 20.487702639 -0.416347663386 -25.5678423211
000038 21.0593649759 -0.513356034254 -26.1823323378
000039 21.5842097561 -0.637176472379 -26.8441123854
000040 22.0499190524 -0.705847352846 -27.5679360578
000041 22.4723822266 -0.775644161034 -28.3444766375
000042 22.8752894811 -0.802643708188 -29.1483317982
000043 23.2628779152 -0.76381875764 -29.9801605512
000044 23.6335093544 -0.746808885416 -30.8367244147
000045 23.9821827114 -0.826641010186 -31.7229234983
000046 24.3049501241 -0.956828193041 -32.6491216277
000047 24.6148031181 -1.06914145445 -33.6122202388
000048 24.8703154857 -1.10331826876 -34.6484626258
000049 25.0746212826 -1.10795218612 -35.7510794716
000050 25.2565046618 -1.18187083283 -36.8873225735
000051 25.4242128088 -1.23543360887 -38.0639862385
000052 25.5803679952 -1.27839302544 -39.2718531692
000053 25.7018425415 -1.2302118099 -40.534170463
000054 25.793226666 -1.13340513084 -41.8418817766
000055 25.887919143 -1.0843002662 -43.1674222009
000056 25.9696496613 -1.15256836504 -44.5192261115
000057 26.0132459171 -1.16379257004 -45.9165609232
000058 26.0313572142 -1.23613087203 -47.3497545409
000059 26.0330457844 -1.24303797545 -48.8108761296
000060 26.0041033692 -1.29617182039 -50.3099974151
000061 25.9401577694 -1.29492126077 -51.8517935355
000062 25.8611763974 -1.20131859101 -53.422390532
000063 25.7950418612 -1.2485030177 -55.0031529808
000064 25.7260115866 -1.28769036238 -56.6025635989
000065 25.6668151368 -1.33272558005 -58.2251656741
000066 25.604257984 -1.31027422762 -59.8673298011
000067 25.540692348 -1.22038413211 -61.5292182003
000068 25.4917112615 -1.11522084548 -63.1996089515
000069 25.4368608168 -1.15822180718 -64.8789182291
000070 25.358239076 -1.33332662226 -66.5807115137
000071 25.3141650523 -1.2837014798 -68.2880936805
000072 25.2966464169 -1.24577899008 -69.9987772003
000073 25.2811288929 -1.10713205764 -71.7320851185
000074 25.2460416669 -1.13729253145 -73.4804374505
000075 25.242443953 -1.14280835735 -75.2359474372
000076 25.2379861741 -1.21061329727 -77.0066244003
000077 25.2640591762 -1.23943218292 -78.7788226036
000078 25.354592798 -1.22710582338 -80.5458476827
000079 25.4512477325 -1.26598065448 -82.3252833133
000080 25.5380707135 -1.18008185754 -84.1319297366
000081 25.6212552645 -1.12031605196 -85.9501963696
000082 25.6633519735 -0.978995966811 -87.799798765
000083 25.7855767777 -1.05624455955 -89.6339856593
000084 26.0252919682 -1.14927337611 -91.4544574094
000085 26.3781149769 -1.13931302734 -93.2571248819
000086 26.8298921835 -1.05029131616 -95.0455546617
000087 27.3060194481 -0.892828871372 -96.8382915571
000088 27.773978729 -0.983827767746 -98.6363726587
000089 28.2446743028 -1.10495172824 -100.44697024
000090 28.7176643041 -1.25758367568 -102.265110215
000091 29.2243016573 -1.3076052447 -104.089783739
000092 29.7632153939 -1.14025475344 -105.919872358
000093 30.3536669864 -1.08321465021 -107.74502965
000094 30.9806436199 -0.951096728605 -109.570890383
000095 31.6049161297 -0.914650257894 -111.403791852
000096 32.2302959859 -1.05476300047 -113.240732611
000097 32.8983671827 -1.14599007262 -115.075728208
000098 33.6017694882 -1.12431103485 -116.915301041
000099 34.2801190032 -1.13380826014 -118.769727964
000100 34.9180999594 -1.15158425451 -120.639930866
000101 35.5721725505 -1.1409521916 -122.520075469
000102 36.1326466067 -1.13746587888 -124.431432457
000103 36.632971781 -0.960884055981 -126.375787808
000104 37.1023489593 -1.10872074513 -128.331290389
000105 37.5074845309 -1.14423690915 -130.318789223
000106 37.97050936 -1.0882462826 -132.299193546
000107 38.5150071988 -1.0897460586 -134.272063215
000108 39.1424005705 -1.18762472716 -136.218653434
000109 39.7810749472 -1.13581629118 -138.177724001
000110 40.4451702403 -1.1435022125 -140.138521098
000111 41.1073700926 -1.19532284324 -142.101577378
000112 41.7881501347 -1.24822359901 -144.069673858
000113 42.426696431 -1.06886968051 -146.068793485
000114 43.0785990876 -1.04997057238 -148.059541128
000115 43.6915174217 -1.11359769784 -150.073883711
000116 44.2602654241 -1.27256779229 -152.107184067
000117 44.836493076 -1.58860484241 -154.141701782
000118 45.3931094207 -1.6567581152 -156.20111164
000119 45.9496599436 -1.77259029326 -158.265323988
000120 46.5380775689 -1.76958370595 -160.330429095
000121 47.219986648 -1.72810963961 -162.377925999
000122 47.8733962167 -1.7257615327 -164.441972505
000123 48.4345251736 -1.84507516101 -166.538760975
000124 48.9228921015 -1.72561966437 -168.666898864
000125 49.4048307467 -1.58088104743 -170.808544035
000126 49.9081201291 -1.55400404375 -172.949810055
000127 50.4590771818 -1.87194690014 -175.081443836
000128 51.069777199 -2.12294928975 -177.207261255
000129 51.6751667703 -2.36292888181 -179.344168147
000130 52.3110435961 -2.63874964285 -181.475707939
000131 53.0443990536 -2.60585517144 -183.588120639
000132 53.7529761945 -2.35390393309 -185.728224645
000133 54.4982483963 -2.1803368785 -187.862774877
000134 55.2884502188 -2.16214617208 -189.985120464
000135 55.9972805315 -2.17929029661 -192.145400026
000136 56.7746567067 -2.28619669294 -194.268205484
000137 57.4581564071 -2.26369723401 -196.448265642
000138 58.0546742413 -2.34085754904 -198.635453693
000139 58.5943966562 -2.3093011951 -200.853845085
000140 59.1770051514 -2.17321790312 -203.066043085
000141 59.722899868 -2.25446417428 -205.289630148
000142 60.2813891061 -2.4705823238 -207.505851686
000143 60.8984323122 -2.49168104765 -209.717543
000144 61.5166712699 -2.66579545038 -211.942921921
000145 62.1802673458 -2.89723013051 -214.131293002
000146 62.7487463961 -2.92353737348 -216.363383269
000147 63.4370771342 -3.02603452291 -218.56309636
000148 64.0517980854 -2.87490911359 -220.785460423
000149 64.6640397099 -2.66643961089 -223.014869859
000150 65.4405000072 -2.45637640504 -225.194726588
000151 66.1884705112 -2.5467823965 -227.378769171
000152 67.0330595455 -2.42469599905 -229.543505968
000153 67.9029739532 -2.18936408634 -231.698300987
000154 68.8127376186 -2.18697632758 -233.838955785
000155 69.7541843215 -2.05646062774 -235.967626504
000156 70.7647309916 -2.22884926069 -238.069286645
000157 71.8504398819 -2.03224430592 -240.151266542
000158 72.8781252891 -2.0310637187 -242.243850987
000159 73.8244401255 -2.24440668903 -244.361360112
000160 74.8161423165 -2.2092748662 -246.458143013
000161 75.8239231576 -2.27420328346 -248.558067765
000162 76.8407949791 -2.20419977103 -250.659539186
000163 77.8221982872 -2.37865739123 -252.769593111
000164 78.8291789189 -2.57837732772 -254.873828226
000165 79.7676709828 -2.99489012271 -256.992865361
000166 80.610119747 -3.14973305605 -259.166737473
000167 81.4693249322 -3.61939257302 -261.30763833
000168 82.2590316124 -4.17657635012 -263.48958279
000169 83.0989160588 -4.32626932262 -265.675403264
000170 84.0737639137 -4.60973972708 -267.817732211
000171 85.066376801 -4.66946272 -269.979544412
000172 86.0834733626 -4.94069889262 -272.132143598
000173 87.1156572819 -5.07210514641 -274.308399499
000174 87.9870988428 -5.10387745461 -276.52093228
000175 88.8682362653 -5.0815358233 -278.749879219
000176 89.524784436 -4.95053244286 -281.072685317
000177 90.1949176788 -4.84823284631 -283.397072286
000178 90.9188151688 -4.82655057216 -285.719606025
000179 91.6770053321 -4.62044334691 -288.038607574
000180 92.5398385702 -4.50198336071 -290.342161568
000181 93.2669752889 -4.44233368409 -292.686181657
000182 93.9370783839 -4.70032139218 -295.061859436
000183 94.7025719165 -5.49082513683 -297.405820516
000184 95.8424515912 -5.3427404978 -299.659580182
000185 97.4046388697 -4.69718960502 -301.799057891
000186 99.1326062052 -4.02706387549 -303.891026442
000187 100.838802843 -3.60284181908 -305.99008002
000188 102.420003876 -3.6759571338 -308.124888603
000189 103.95708554 -3.87274210756 -310.274852766
000190 105.347017008 -4.15088162873 -312.482899361
000191 106.715930984 -4.05651001288 -314.713868808
000192 108.206412558 -3.38535519622 -316.904924988
000193 109.686801123 -2.95986440183 -319.096010313
000194 111.129024736 -2.94931377291 -321.291510374
000195 112.694826409 -2.72563563639 -323.449939317
000196 114.313016189 -2.3440588102 -325.589303094
000197 115.852696115 -2.33675753208 -327.749808155
000198 117.306750314 -2.10646278826 -329.94199448
000199 118.728807646 -1.60598880645 -332.142565572
000200 119.942906945 -1.14245166778 -334.425092132
000201 121.073167368 -1.12461041859 -336.734445693
000202 122.259716651 -1.16916246715 -339.024649772
000203 123.537916103 -1.15276411715 -341.284510278
000204 124.874138039 -0.184564937824 -343.518521331
000205 126.188454261 0.303365734658 -345.768413992
000206 127.494341483 0.28064680705 -348.011149061
000207 128.720078146 -6.94852499095e-07 -350.280706346
000208 130.13290998 1.55206156146 -352.488695657
000209 131.507502633 2.36701837345 -354.697098633
000210 132.835675113 2.31017752091 -356.926653305
000211 134.068214531 2.40238055549 -359.186200919
000212 135.258151341 2.55044510305 -361.461047517
000213 136.541543682 3.22129337424 -363.686900746
000214 137.804540466 3.22652576506 -365.929406444
000215 139.076535717 3.20895372761 -368.173121707
000216 140.584072077 1.32532831726 -370.309122671
000217 141.903115555 -1.95546175668 -372.506600113
000218 142.366389677 -1.57169916284 -375.033296516
000219 143.25459014 3.36302758722 -377.397348479
000220 144.642682638 7.26387856359 -379.532154678
000221 146.178572607 9.27132841839 -381.615122565
000222 147.56153782 9.29474506262 -383.786733429
000223 148.844488542 7.88914496085 -386.016495346
000224 149.879201491 5.27928081747 -388.355309929
000225 151.117495365 3.72890317036 -390.589424689
000226 152.592353052 4.17629068074 -392.709333239
000227 154.07332361 4.5764733689 -394.823505304
000228 155.32416494 4.96577887365 -397.015323638
000229 156.288350263 4.90694274384 -399.335162658
000230 157.028133594 4.99850912289 -401.733500418
000231 157.678527329 4.88760361201 -404.171927627
000232 158.241364632 5.36750167479 -406.638504796
000233 158.837313284 6.25757292333 -409.076421352
000234 159.462722029 6.83032716324 -411.520004413
000235 160.050109852 6.37932709386 -413.984338059
000236 160.812464907 5.53830956576 -416.384830318
000237 161.491057021 5.25178006645 -418.80920014
000238 162.081322678 5.75068219979 -421.258728902
000239 162.561178224 6.18662244726 -423.754845827
000240 163.047325832 5.85475712481 -426.252747614
000241 163.518058042 6.37103333515 -428.747567393
000242 163.77404162 7.39125704109 -431.305303473
000243 163.75958613 8.28647639279 -433.971444475
000244 163.271277893 10.2179153117 -436.780377905
000245 162.424658475 11.7805636246 -439.725080175
000246 161.317838939 11.8801957479 -442.798434143
000247 160.831666708 10.0665090122 -445.681457933
000248 159.765517522 10.2283889233 -448.739410214
000249 158.301305766 10.3051524324 -451.931183637
000250 156.62122224 10.6580004573 -455.179424907
000251 154.859087211 10.6591791721 -458.44549189
000252 153.359366685 9.45442087616 -461.636025415
000253 152.368169621 10.7869866253 -464.608282321
000254 151.760927699 12.7965363466 -467.429219729
000255 151.363186227 12.9180299872 -470.225426487
000256 151.012233721 13.0349484918 -473.001677587
000257 150.318989268 13.5348139646 -475.87410451
000258 149.477500061 14.6852478824 -478.772260591
000259 148.616705511 15.5699485674 -481.676619821
000260 148.009362188 15.3784094588 -484.531588443
000261 147.429889266 14.4996979523 -487.399163206
000262 146.744066624 13.7577992959 -490.283644891
000263 145.995875485 14.0285113405 -493.165628823
000264 145.185524804 14.4996446964 -496.054945176
000265 144.595215699 14.9230128262 -498.87568852
000266 143.974042152 14.9018146708 -501.715095106
000267 143.445235176 15.5784628575 -504.510138848
000268 142.951325445 16.2539109427 -507.288760613
000269 142.596636607 15.6464626049 -510.071030477
000270 142.309944562 14.8695737672 -512.833981986
000271 141.929524559 15.2922863945 -515.584252386
000272 141.612692152 16.1241112089 -518.310647281
000273 141.519476422 16.5930517512 -520.981952634
000274 141.612256958 16.7552641261 -523.612581058
000275 141.732550981 16.6285210341 -526.244590556
000276 141.870007218 16.5262784392 -528.864506644
000277 142.009987386 17.5459000743 -531.46575676
000278 142.173867765 18.4482918041 -534.054080234
000279 142.349500272 18.6691685699 -536.661401944
000280 142.387201582 18.5443142773 -539.317413555
000281 142.440360096 18.3191670201 -541.966026154
000282 142.287086867 18.0987372606 -544.681056745
000283 142.096501201 18.2382352926 -547.386899358
000284 142.100141597 18.3407803518 -550.043564147
000285 142.011745439 18.0855193755 -552.734937847
000286 141.953403361 18.6593515658 -555.391117697
000287 141.787511759 19.0752644425 -558.085019051
000288 141.610049322 20.0942975276 -560.755507951
000289 141.443584627 19.652464276 -563.472264012
000290 141.291637524 19.47107379 -566.177199714
000291 141.067796149 19.8242582505 -568.875099381
000292 140.886197845 20.3706017533 -571.569188508
000293 140.969477728 20.0688210153 -574.220002758
000294 141.099896298 20.0335503081 -576.851435826
000295 141.142662957 20.8846422166 -579.475018122
000296 141.252329084 22.1280014769 -582.068277963
000297 141.468766633 22.8112066068 -584.657192791
000298 141.676220257 21.4701053119 -587.318965021
000299 141.857155654 19.8402902757 -589.998676797
000300 141.897410764 19.7230122819 -592.650776085
000301 141.816371268 21.4652483853 -595.280801368
000302 141.823334509 22.556130549 -597.908886705
000303 141.822596864 22.1318846479 -600.588145603
000304 141.859426654 21.6102013845 -603.264002345
000305 141.842678461 21.375858261 -605.939938642
000306 141.75609053 21.5718744809 -608.626488227
000307 141.632643554 22.220036756 -611.299560609
000308 141.449666204 22.9825852753 -613.98518982
000309 141.383770062 23.227855195 -616.657513124
000310 141.132568129 23.0833493762 -619.383377245
000311 140.824008035 24.2398866886 -622.084779332
000312 140.485642363 24.5101829224 -624.821029388
000313 140.297568954 25.3156522911 -627.498574723
000314 140.038731574 24.5666185668 -630.254950939
000315 139.578806276 23.8941428867 -633.040129287
000316 138.911719979 23.5927215551 -635.863176978
000317 138.346570241 23.965395074 -638.631548224
000318 137.870419137 25.2318556575 -641.355161767
000319 137.389940675 24.325393347 -644.179715965
000320 136.817287962 24.3200099839 -646.919449462
000321 136.401899555 24.5122053842 -649.657766894
000322 135.835113458 24.7112073769 -652.42321394
000323 135.377425298 25.1707885782 -655.159057992
000324 135.012408844 25.4960715879 -657.879106929
000325 134.667386629 25.5474017353 -660.60151401
000326 134.793859908 24.7092545068 -663.26593524
000327 134.935482526 25.5383599455 -665.866008958
000328 135.039423046 26.5430592764 -668.466455951
000329 135.13006002 27.2034899204 -671.075717047
000330 135.28352134 26.4637374041 -673.738863682
000331 135.349628382 24.9167275526 -676.444573484
000332 135.180975447 23.9808044171 -679.164666857
000333 135.080274451 23.8609719633 -681.852252282
000334 135.095377961 25.0720571511 -684.461556812
000335 135.052558531 25.8962646579 -687.100856767
000336 134.930410323 26.1324266168 -689.780238253
000337 134.735896758 25.8089844107 -692.489904482
000338 134.514869644 25.5038305769 -695.206126452
000339 134.247145578 25.872340437 -697.902344236
000340 133.890023338 25.8036365499 -700.639531371
000341 133.643143785 26.412293773 -703.322697544
000342 133.314892788 26.6698249628 -706.03882874
000343 132.985386342 25.4683640715 -708.794178658
000344 132.542854685 25.6463058317 -711.528585885
000345 132.202801028 26.3576471733 -714.224774265
000346 131.865757435 26.8392818973 -716.922238951
000347 131.452987877 26.1098006876 -719.680208047
000348 131.063922278 25.0574620605 -722.442355681
000349 130.534197882 24.9379231073 -725.194014776
000350 129.933587997 26.1975601246 -727.915377523
000351 129.502457974 26.900313242 -730.617801809
000352 129.057523298 27.0330189413 -733.343857386
000353 128.703435083 27.4756238824 -736.036470229
000354 128.198772557 26.9786103732 -738.79105189
000355 127.708062199 26.0507666428 -741.567441833
000356 127.304559686 25.6548739147 -744.304042336
000357 127.143303332 25.573338293 -746.985229498
000358 127.108038939 25.9213176367 -749.631987673
000359 127.230214355 25.7337811483 -752.273481779
000360 127.478756023 26.0934978885 -754.872793487
000361 127.810451693 25.9710405879 -757.479026452
000362 128.156763625 25.833951453 -760.077774167
000363 128.477987009 26.359335474 -762.662433812
000364 128.792531729 26.9219333378 -765.247162617
000365 129.167482456 27.462750674 -767.822909746
000366 129.31414394 27.7346163477 -770.444898061
000367 129.470469531 27.1207612715 -773.094734571
000368 129.395317644 26.2406227845 -775.788717212
000369 129.189010313 26.0690548094 -778.486130197
000370 128.673310841 25.7529875557 -781.237121295
000371 128.179436891 26.2474750545 -783.959501757
000372 127.704265386 26.1181586619 -786.697501478
000373 127.196068221 25.7071777507 -789.444910569
000374 126.746256774 25.4454816109 -792.184877976
000375 126.328784947 24.9910133883 -794.92095957
000376 125.833023519 25.3261912788 -797.640264242
000377 125.342202641 26.7687628703 -800.324102675
000378 124.681316799 27.5506837808 -803.058904248
000379 124.169717288 27.46494918 -805.792741809
000380 123.56638586 26.4912626804 -808.568344139
000381 122.795606826 25.7427268451 -811.354602368
000382 121.996978198 24.6195646752 -814.154681049
000383 121.273516583 24.5455708201 -816.909541286
000384 120.599333108 23.747422268 -819.681541997
000385 119.764950581 23.3737302672 -822.461723468
000386 118.959872389 24.4651215231 -825.196233398
000387 118.387806212 24.7060595164 -827.921006562
000388 117.857740851 24.2124513488 -830.657725934
000389 117.146390043 23.4398705388 -833.423113795
000390 116.3668877 22.3443964298 -836.209694188
000391 115.971805738 22.4987830518 -838.904121931
000392 115.987159247 24.0219847865 -841.512052432
000393 116.169280392 25.0403686892 -844.105144249
000394 116.362132108 24.5602822834 -846.739351097
000395 116.239749207 22.6611473051 -849.455812276
000396 115.728678206 23.6043785861 -852.148415788
000397 114.962133217 24.733446668 -854.866764389
000398 114.340331993 25.0465346523 -857.592284941
000399 113.72882503 24.0311820862 -860.349039845
000400 113.143047845 21.6807333294 -863.138060147
000401 112.431350208 19.8920196037 -865.920309539
000402 111.333948357 19.7914219426 -868.711983637
000403 110.290665614 21.4289687975 -871.4619379
000404 109.402178924 22.2089559029 -874.205408003
000405 108.469248974 21.766845208 -876.984925972
000406 107.613139877 21.8378098194 -879.741868622
000407 106.706952782 22.1397928514 -882.49404085
000408 105.743451825 21.3552023838 -885.283392843
000409 104.789120066 20.6777399099 -888.066549438
000410 104.248839514 20.7393214619 -890.779015148
000411 103.715854154 21.1822211885 -893.476583014
000412 103.620276544 22.1238849688 -896.119420193
000413 103.842833929 23.0992468088 -898.718250537
000414 104.226786857 22.4647941341 -901.336881465
000415 104.487302412 21.4359547737 -903.980502869
000416 104.940028113 21.4389832691 -906.567195982
000417 105.522142115 21.4717161168 -909.144612556
000418 106.139848272 21.4408603217 -911.7141232
000419 106.714404738 21.4952432021 -914.286280146
000420 107.322103747 22.9853223036 -916.815869782
000421 107.711675119 23.4052048444 -919.393942813
000422 107.771955169 21.0780983798 -922.07471816
000423 107.662591449 19.0598511818 -924.761211983
000424 107.291707659 17.987107931 -927.457646691
000425 106.821556048 18.7349523278 -930.130348474
000426 106.189129017 19.3299184116 -932.818929756
000427 105.494978657 19.7219611402 -935.525357482
000428 104.451501327 20.235311312 -938.262395457
000429 103.291951079 20.3574263868 -941.02313503
000430 101.865816802 20.4379446959 -943.809660729
000431 100.502042702 20.9493374201 -946.579635945
000432 99.1394040353 21.0785337434 -949.361140072
000433 97.7661034767 21.3996314514 -952.133708519
000434 96.4831128294 22.8329509404 -954.869659873
000435 95.2050492969 23.7314056367 -957.611367319
000436 94.1085712312 22.8687852739 -960.384552317
000437 93.1532565706 22.8680831826 -963.127377358
000438 92.2282999737 23.0919703153 -965.858982984
000439 91.7664498434 23.6298141572 -968.536998843
000440 91.8101758596 23.8432119619 -971.176429189
000441 92.0485829085 26.7161696652 -973.737474701
000442 92.3895280831 26.8424785402 -976.358555278
000443 92.6478100462 26.9436198866 -978.986590938
000444 92.5395430509 25.3079767328 -981.695253715
000445 91.9875077701 25.8429428611 -984.387351105
000446 91.4283889581 27.5174499771 -987.061809677
000447 90.987172169 26.0618907862 -989.79933782
000448 90.4864345666 24.6393603441 -992.544481869
000449 90.0200118194 25.3558715729 -995.231045457
000450 89.7376451196 27.5348726418 -997.863778581
000451 89.6056128172 29.6359353421 -1000.48540956
000452 89.2877100921 30.2894387742 -1003.15707342
000453 88.6418237399 32.0432102014 -1005.82620487
000454 87.6175506195 30.9977934153 -1008.60647839
000455 86.1949025569 29.9247876034 -1011.40837031
000456 84.3952177767 29.7021105096 -1014.22533698
000457 82.5319024159 30.4109347468 -1017.01092837
000458 80.8825468916 32.1299466076 -1019.74224979
000459 79.4409976464 32.9382833821 -1022.4750073
000460 77.9209267574 34.1744222543 -1025.19832921
000461 76.5479549417 34.8827171055 -1027.94361089
000462 75.1701843134 34.4727390252 -1030.66739276
000463 73.6987506114 34.3817726558 -1033.4106541
000464 72.3393411379 34.8545305179 -1036.11308691
000465 70.8013136355 34.8491154119 -1038.84870066
000466 69.4619040881 34.203879499 -1041.58009426
000467 68.2803522545 35.7458756019 -1044.22318609
000468 67.2770511845 36.7927612594 -1046.86746368
000469 66.2428736749 37.2426989891 -1049.52318969
000470 65.3104725506 37.6726793763 -1052.18743132
000471 64.4609282305 37.1722309183 -1054.86016995
000472 63.7507245187 36.8267981657 -1057.51872226
000473 63.1029330973 36.8445288385 -1060.15840259
000474 62.5641595283 36.1045949558 -1062.80820656
000475 62.0318465613 34.2252528121 -1065.50007029
000476 61.6469424602 35.2777190359 -1068.09358499
000477 61.2179236791 38.7043295826 -1070.59948504
000478 61.0364608302 39.67386437 -1073.17788225
000479 60.8812800561 31.6307257374 -1076.04000198
000480 60.775469098 26.2869159462 -1078.77609015
000481 60.6266679158 31.1321286551 -1081.25191882
000482 60.3835534675 38.8494502847 -1083.61591772
000483 60.0765990868 41.2540825758 -1086.14380033
000484 59.5163711591 40.7349085116 -1088.77821387
000485 58.7788353477 40.2865169856 -1091.43351917
000486 58.0237480555 41.8024096798 -1094.0141662
000487 57.1765583496 43.0975172479 -1096.6043852
000488 56.3384549442 43.7947659029 -1099.21903745
000489 55.0776539743 41.0337791082 -1101.98605529
000490 53.864611805 40.7253754755 -1104.65954664
000491 52.353193508 41.2964796004 -1107.31246848
000492 51.0861995487 41.7394078129 -1109.96193338
000493 49.9412099043 40.9273798754 -1112.64619699
000494 48.5863080908 40.5519206553 -1115.32198678
000495 47.5153152068 42.8001156253 -1117.89659412
000496 46.5569889363 43.205871945 -1120.52443088
000497 45.4969082251 45.5251138716 -1123.08572257
000498 44.5242220434 50.7104550372 -1125.5083564
000499 43.6556384711 53.4042293289 -1128.03457065
000500 43.208674799 54.2281778447 -1130.6171792
000501 42.9661110195 51.2235238047 -1133.37130438
000502 42.7389832627 49.5138577833 -1136.06085216
000503 42.6826173145 49.4117296016 -1138.67227503
000504 42.6726495646 49.1784766211 -1141.29179325
000505 42.7563270003 49.9783385454 -1143.86210596
000506 43.0725779005 47.8724354742 -1146.55058817
000507 43.0137758521 47.2497700589 -1149.1873148
000508 42.8250872892 49.0513720658 -1151.727301
000509 42.4251352058 48.6783274238 -1154.36789632
000510 42.0925516499 47.5644354167 -1157.03856772
000511 41.7475258337 47.8819399746 -1159.64837769
000512 41.1997260637 48.6527231601 -1162.24512891
000513 40.409693044 48.3626949881 -1164.89122239
000514 39.557527673 46.735230599 -1167.59650351
000515 38.7300678172 46.3583844118 -1170.24233519
000516 37.9348204942 47.3132889488 -1172.83272666
000517 37.1628679165 49.7700847394 -1175.35625234
000518 36.4182491218 52.1417828461 -1177.87915172
000519 36.1015797643 52.9929978578 -1180.44953984
000520 35.5907205863 50.1404964984 -1183.18405702
000521 35.0371046708 48.3306580645 -1185.86553162
000522 34.4675655167 48.646789816 -1188.45889264
000523 33.9471948666 49.6299410338 -1191.02154266
000524 33.3946349477 48.422431919 -1193.67290348
000525 33.1426277686 48.5813823739 -1196.25360304
000526 32.7219966952 50.0331451711 -1198.78161507
000527 32.1584034838 48.7199924032 -1201.4220458
000528 31.15925928 49.1324785798 -1204.0052147
000529 30.2667658738 50.489005992 -1206.54140651
000530 29.2723464958 49.5894996749 -1209.1655404
000531 28.5378176622 50.422020483 -1211.70925225
000532 27.5998999384 48.8341661846 -1214.34631079
000533 26.4045176923 46.1318610812 -1217.03739058
000534 24.9158226787 45.4606485252 -1219.65086317
000535 23.2257646778 47.3646636635 -1222.16582078
000536 21.4265488047 48.58136081 -1224.70433729
000537 19.8624791267 49.5232787246 -1227.24424868
000538 18.4547754447 46.9877919482 -1229.9113405
000539 17.3827830569 44.0412287749 -1232.58259589
000540 16.2838947769 43.0896671926 -1235.17700608
000541 14.8321376157 46.5548407062 -1237.61354558
000542 13.8543246551 51.7349046728 -1239.96942698
000543 12.6306970727 52.8802646464 -1242.48378028
000544 11.8962021549 53.5349355741 -1245.00456795
000545 11.4723295549 51.877430591 -1247.6171239
000546 10.9924884929 50.6560584649 -1250.2094746
000547 10.4753114021 48.5630357405 -1252.83597276
000548 10.1970812867 47.2543863653 -1255.42675264
000549 9.97630079648 46.6686295522 -1257.9880922
000550 9.82064000178 46.6348095999 -1260.53214561
000551 9.4421122855 47.551354357 -1263.0353342
000552 9.12838787948 50.9737213194 -1265.45078783
000553 8.76981535114 50.5773472134 -1268.00655177
000554 7.61983694312 46.2483813796 -1270.71093177
000555 6.07050482733 42.5537398409 -1273.38212381
000556 3.71651297685 41.0833694279 -1275.9704687
000557 2.43110406065 44.2323599627 -1278.41173015
000558 1.095073767 41.6147838972 -1281.03476369
000559 0.0293196214326 48.2875879284 -1283.3417939
000560 -0.651694917619 53.9608413123 -1285.66137986
000561 -1.68405099582 55.6324240646 -1288.12559687
000562 -3.29159199643 52.8333447282 -1290.78167729
000563 -4.81815581635 48.7655994869 -1293.46830526
000564 -6.30042962305 48.6332269504 -1296.00386618
000565 -7.623573188 49.8368669562 -1298.48755115
000566 -9.03497129395 50.4270930144 -1300.99528136
000567 -10.3295902021 52.091314571 -1303.45611313
000568 -11.5575694181 54.055300016 -1305.90689953
000569 -12.8226681147 53.5114050286 -1308.45465036
000570 -14.1744814118 51.3568685763 -1311.05948551
000571 -15.6381411906 50.4626945511 -1313.62464533
000572 -16.9945740533 51.5327679014 -1316.1161086
000573 -18.1996584909 51.9466606558 -1318.62981063
000574 -19.5890890691 50.0826476587 -1321.23091268
000575 -21.2644756057 47.8805537495 -1323.8336293
000576 -22.7869538369 47.3459939629 -1326.37925513
000577 -24.0375783135 46.1364930311 -1328.95512366
000578 -25.4115958329 45.1151710006 -1331.52308897
000579 -26.5717043151 45.3135915183 -1334.05194113
000580 -27.8341480529 46.15675937 -1336.55643435
000581 -28.8769649985 46.5267890094 -1339.08823427
000582 -29.4491992257 47.7133210324 -1341.59593504
000583 -29.7214707661 47.3973327351 -1344.16645833
000584 -29.5426027642 46.808418796 -1346.75985217
000585 -29.096438598 48.3073356728 -1349.2817588
000586 -28.6855289664 48.3971631678 -1351.85979698
000587 -28.4559817016 46.4156785914 -1354.50225789
000588 -28.2945449122 48.3235302229 -1357.01320527
000589 -28.0358356466 48.5641183814 -1359.58508173
000590 -27.7638112467 44.9273609217 -1362.28825335
000591 -27.5323892121 46.048208939 -1364.83533083
000592 -27.2867547342 48.4385323278 -1367.34029601
000593 -27.140714303 48.317113787 -1369.9338478
000594 -27.47412802 46.0532548974 -1372.59056223
000595 -28.4231360716 42.9909301183 -1375.25822971
000596 -29.4464052014 44.5788971414 -1377.84797968
000597 -30.2260177026 47.4693646882 -1380.27422711
000598 -30.6082768319 52.8383568692 -1382.67779455
000599 -30.8022540522 54.7703547197 -1385.20082925
000600 -31.2371770198 54.3822747307 -1387.83245558
000601 -31.681856197 51.9364493784 -1390.52738718
000602 -32.2106603775 50.6654592116 -1393.17461731
000603 -33.1429282798 51.2250260759 -1395.7543254
000604 -34.3865654381 50.0294986739 -1398.40070644
000605 -35.9193026359 48.3427483908 -1401.04242256
000606 -37.0304547376 46.4649835528 -1403.70794444
000607 -38.421409734 47.0806353548 -1406.29227289
000608 -39.5616631739 48.9307748152 -1408.82983999
000609 -40.6129133345 48.865178488 -1411.43405796
000610 -41.5699954145 49.8952317158 -1414.02019076
000611 -42.6582657071 51.390285336 -1416.57260224
000612 -43.9393986988 50.9386807764 -1419.19412103
000613 -45.4148557092 51.344132562 -1421.78327572
000614 -47.6763430606 50.5186538087 -1424.38933286
000615 -50.3649737335 48.0295181144 -1427.03565217
000616 -52.947038127 45.894838867 -1429.66783834
000617 -55.5636637016 43.1924173015 -1432.3100713
000618 -57.9466616575 42.6332744349 -1434.89319044
000619 -59.9803415046 43.90833833 -1437.43023658
000620 -61.5456652654 44.9502405252 -1440.00397618
000621 -62.4401602569 42.9998543487 -1442.6960004
000622 -63.4821202934 40.1501406893 -1445.40403923
000623 -64.4959261795 38.1348804988 -1448.08196868
000624 -65.4657703902 36.9450332373 -1450.75757549
000625 -66.5398920532 37.8405368506 -1453.36515811
000626 -67.3365019031 38.681146243 -1455.99312595
000627 -68.3905342 39.3316831542 -1458.61644
000628 -69.4390987212 40.748892654 -1461.21965407
000629 -70.4698291389 42.1871663908 -1463.82945084
000630 -71.5527992721 43.5627800602 -1466.44168235
000631 -72.6837219803 47.0708287437 -1468.98469803
000632 -73.8121904836 46.3848215559 -1471.65672517
000633 -74.9680727509 41.5471835673 -1474.44540282
000634 -76.1635693518 33.0289304512 -1477.33338994
000635 -77.4604238106 23.2347585347 -1480.15042703
000636 -78.973916854 21.8544193953 -1482.8125426
000637 -80.1879878247 26.2689812147 -1485.40301836
000638 -81.209819816 27.6600774313 -1488.04524582
000639 -81.8273601175 32.2087999021 -1490.66021529
000640 -82.4416114738 34.9665040823 -1493.29778573
000641 -83.2303780832 35.7159275725 -1495.96974573
000642 -84.0204718311 35.9699232818 -1498.65562809
000643 -85.0583273032 34.2550687756 -1501.3696745
000644 -85.9850916151 32.607364938 -1504.08647978
000645 -86.7828511186 29.8404276623 -1506.83114877
000646 -87.8382547815 28.6134353778 -1509.5260462
000647 -88.7549880574 30.0011051362 -1512.17906924
000648 -89.8220262512 31.240917284 -1514.82442695
000649 -90.5738570449 30.5528371402 -1517.52935996
000650 -91.3655461237 30.9258280441 -1520.20819721
000651 -92.4307953714 29.4141164403 -1522.90168277
000652 -93.5572985286 27.0359434449 -1525.60148549
000653 -94.4608460881 24.5025069975 -1528.3223327
000654 -95.1676248911 23.909135367 -1531.02034533
000655 -96.1371134479 24.8045392219 -1533.67624293
000656 -97.1340491073 28.0542650091 -1536.29052114
000657 -98.1257375214 28.0842565873 -1538.95073629
000658 -99.3054235163 25.7162388335 -1541.64611238
000659 -100.361009037 25.5660121159 -1544.3083069
000660 -101.095928921 25.497142542 -1546.99511346
000661 -102.006774784 23.6167060646 -1549.69494537
000662 -103.074232183 19.0245926276 -1552.41201998
000663 -103.839196658 16.1562286606 -1555.1229648
000664 -104.72203356 17.4664922434 -1557.77950726
000665 -105.534493376 19.962843383 -1560.42194458
000666 -106.341760624 21.8835551306 -1563.06588036
000667 -107.085389724 19.4327054919 -1565.76872042
000668 -107.914270656 16.6489238823 -1568.47677777
000669 -108.516761213 15.4345840456 -1571.17389462
000670 -109.385974962 13.8730980556 -1573.85411155
000671 -110.401065101 14.0846467388 -1576.51076234
000672 -111.312222626 15.7910957306 -1579.15167818
000673 -112.35778197 16.9839637969 -1581.79133228
000674 -113.289641056 16.4749278942 -1584.44756854
000675 -114.068461887 16.6348542157 -1587.10211276
000676 -114.958623461 15.0077068078 -1589.76519855
000677 -115.964959742 15.5468758035 -1592.39507481
000678 -116.733239849 15.2125978736 -1595.04939551
000679 -117.76274668 14.374825747 -1597.68756986
000680 -118.69795474 13.674932525 -1600.32635689
000681 -120.099451094 11.3898197088 -1602.93646334
000682 -121.694075087 10.5003493423 -1605.52548277
000683 -123.419761783 7.97066728667 -1608.10742035
000684 -124.759130447 6.73333131073 -1610.71191392
000685 -126.021766051 3.99270870354 -1613.31788717
000686 -127.36022399 3.48448545063 -1615.91339792
000687 -128.517662414 3.59298582014 -1618.5242718
000688 -129.842449561 4.32611210966 -1621.11289295
000689 -131.354172053 4.1310132887 -1623.69158566
000690 -132.933895737 5.40962285502 -1626.25847198
000691 -134.338717794 5.36980904297 -1628.83287991
000692 -135.697199414 4.68656587868 -1631.41878943
000693 -137.153004479 4.87194583192 -1633.98719121
000694 -138.576348021 5.38779579697 -1636.55109753
000695 -140.187340383 2.80700982104 -1639.10207273
000696 -141.679066937 1.45573527528 -1641.64931876
000697 -143.203675459 -0.46170120647 -1644.19423177
000698 -144.780612681 -2.32052862962 -1646.72684104
000699 -146.346751114 -2.62083825473 -1649.25827177
000700 -147.532520836 -1.48947622526 -1651.82684836
000701 -148.382799314 -2.54324333063 -1654.41941286
000702 -149.316849808 -3.69431482522 -1657.0066588
000703 -150.231021227 -6.6636808714 -1659.58414474
000704 -151.374852542 -9.35724743892 -1662.13575859
000705 -152.366959138 -9.99993894483 -1664.70714119
000706 -153.492688961 -9.79553137695 -1667.2721745
000707 -154.384018818 -7.31516673925 -1669.87270426
000708 -155.239527404 -8.16750793806 -1672.45480448
000709 -156.259169174 -9.60083775929 -1675.01131763
000710 -157.715827619 -8.67880696078 -1677.53541777
000711 -158.805375432 -8.96807626793 -1680.08902454
000712 -159.588563871 -9.72497710739 -1682.66525407
000713 -160.514634351 -8.97136624746 -1685.23052314
000714 -161.460677705 -7.26896030176 -1687.79630322
000715 -162.607681558 -5.67699477771 -1690.33371586
000716 -163.732360847 -4.70052617506 -1692.87157262
000717 -164.867669279 -4.45053882531 -1695.39225479
000718 -166.028803829 -4.91068946774 -1697.90746429
000719 -166.944283848 -4.75187932297 -1700.44733763
000720 -168.380946286 -6.00858270618 -1702.92189153
000721 -169.320029358 -6.29058369162 -1705.45038002
000722 -170.361315588 -6.09218585069 -1707.96099041
000723 -171.438776905 -5.77534284713 -1710.46223409
000724 -172.09824369 -4.94663613343 -1713.00523753
000725 -172.155903679 -4.70884359596 -1715.59306611
000726 -171.979519462 -2.62675774715 -1718.20899274
000727 -171.599151351 -0.591127800704 -1720.84068522
000728 -171.422504474 0.122030746438 -1723.44163833
000729 -171.520175328 0.94277639651 -1726.00590186
000730 -171.753191988 -0.603368530555 -1728.55447019
000731 -172.00837827 -0.73368568632 -1731.09267349
000732 -172.273278334 1.86688703413 -1733.62990997
000733 -172.828624848 0.955220262198 -1736.12606556
000734 -174.019946235 -2.53553610458 -1738.54650864
000735 -175.13712167 -1.33177120172 -1740.98459779
000736 -176.368376231 2.02453611025 -1743.40259076
000737 -177.393451969 5.05712459435 -1745.83240097
000738 -178.535738448 2.72971139249 -1748.25068544
000739 -179.555425049 1.03985885944 -1750.6732596
000740 -180.855456218 -0.55702377189 -1753.06839346
000741 -181.855180617 0.971048308848 -1755.48883597
000742 -182.952081209 4.26951459552 -1757.888772
000743 -183.862871079 5.93996739856 -1760.30471772
000744 -185.072497155 7.23163328985 -1762.68335215
000745 -186.184458467 6.54851868419 -1765.07843448
000746 -187.435244721 1.52358254713 -1767.45636013
000747 -188.851087195 -2.91058608003 -1769.80239106
000748 -190.207412098 -0.341628729293 -1772.15399629
000749 -191.307063023 4.36971659873 -1774.52244334
000750 -192.382639175 10.7844746203 -1776.86958994
000751 -193.436183831 11.6385435914 -1779.23224663
000752 -194.429312343 8.70355269789 -1781.61914638
000753 -196.003949999 5.03192656339 -1783.92868457
000754 -197.424222921 4.55190717208 -1786.23499165
000755 -198.884297662 6.37854541041 -1788.53577642
000756 -199.680696538 7.90989695588 -1790.8962886
000757 -199.327838467 9.83267220643 -1793.37725433
000758 -198.326928521 10.5457920082 -1795.92887493
000759 -196.711404964 14.0157136926 -1798.5258723
000760 -195.141386422 14.4850538815 -1801.12913217
000761 -193.709136163 12.7034215753 -1803.72765293
000762 -192.32714997 11.0232033352 -1806.31089107
000763 -191.079379773 11.5744499022 -1808.85964042
000764 -189.899887939 11.3214852741 -1811.40816629
000765 -188.582922434 13.459848143 -1813.95391285
000766 -187.277457819 12.663812181 -1816.5102084
000767 -186.196757625 11.302305871 -1819.04373513
000768 -184.833374717 10.7578689502 -1821.59140907
000769 -183.246507538 11.0870410078 -1824.1658967
000770 -181.020572315 11.3033657447 -1826.79480428
000771 -177.581603279 13.1056696179 -1829.52380723
000772 -172.890890426 14.9318826815 -1832.35964925
000773 -167.780096907 16.1798774586 -1835.21608491
000774 -162.745787631 17.5284002425 -1838.05619023
000775 -157.713859835 18.2738758559 -1840.87369843
000776 -152.923093844 18.6391232502 -1843.65790878
000777 -147.781786299 17.6981753457 -1846.46609894
000778 -142.134304751 16.9046956538 -1849.28909178
000779 -136.093556177 16.6390753712 -1852.1167473
000780 -130.114481854 18.5705805614 -1854.89112627
000781 -125.469340988 20.6347352389 -1857.55055043
000782 -121.113408807 23.3744747466 -1860.16413636
000783 -116.933010996 23.0957124563 -1862.78057765
000784 -112.938522879 22.7183835875 -1865.38048801
000785 -109.014476658 22.7976347824 -1867.95319139
000786 -105.309049698 25.0030177225 -1870.47201292
000787 -103.020188426 23.3785852632 -1872.94338868
000788 -101.734769884 24.1702468608 -1875.32934259
000789 -100.66739671 22.9774742761 -1877.71614106
000790 -99.1662814505 19.0138081674 -1880.14931008
000791 -97.8595539022 16.8372449978 -1882.54150219
000792 -96.5500900502 16.2523454906 -1884.91101999
000793 -95.437296184 15.7662987667 -1887.26804234
000794 -94.487252211 13.6498013645 -1889.61797663
000795 -94.0556688123 15.7076343836 -1891.9084477
000796 -93.9093002664 17.9680574983 -1894.17300858
000797 -94.3783926626 15.7587386655 -1896.43105596
000798 -95.4028981262 17.1314750808 -1898.63925629
000799 -97.6465618638 19.5304975703 -1900.76197954
000800 -99.7938222731 23.6220974238 -1902.85894163
000801 -103.544443126 31.1252649629 -1904.80339964
000802 -107.332574614 36.0004615061 -1906.7499339
000803 -110.550260894 36.6376710519 -1908.79515137
000804 -114.698419648 29.9504193435 -1910.89245999
000805 -119.51560721 15.495984299 -1912.98981935
000806 -125.415473292 10.5162435961 -1914.86321657
000807 -131.406131251 19.3453751665 -1916.61602525
000808 -137.683587741 22.478564978 -1918.35950262
000809 -142.931813406 27.1894910233 -1920.13067316
000810 -147.364127463 30.9486809967 -1921.95428339
000811 -151.056780623 30.1905642864 -1923.88499001
000812 -154.386249302 29.149302445 -1925.83987737
000813 -157.978154271 33.4436422387 -1927.68516052
000814 -160.870914019 33.839276206 -1929.64942663
000815 -162.00000114 33.5341994437 -1931.74957761
000816 -162.546217165 31.1306328503 -1933.93233648
000817 -163.485988337 30.9013620009 -1936.04886051
000818 -164.191929368 32.0706955548 -1938.15935878
000819 -164.518986205 33.671309956 -1940.29294898
000820 -164.568309329 33.6495418322 -1942.47178792
000821 -164.718023617 33.5098133738 -1944.63558575
000822 -164.627245521 32.6317317759 -1946.82991508
000823 -164.512615975 31.1221727425 -1949.03253467
000824 -164.87884841 31.9981271133 -1951.15502716
000825 -165.950210143 34.6236590325 -1953.18068093
000826 -167.33582191 38.2917469448 -1955.15699651
000827 -168.786225605 37.6956228786 -1957.21247784
000828 -169.842868388 39.8032840728 -1959.22651623
000829 -171.913837872 40.3263382032 -1961.173965
000830 -173.461661244 41.3369740182 -1963.16722451
000831 -176.110565526 44.1301129529 -1965.00955945
000832 -179.492482137 40.9715990751 -1966.9064138
000833 -183.195654823 35.2355338411 -1968.80767781
000834 -186.667693488 33.3758433065 -1970.64978638
000835 -189.811912958 40.1576932161 -1972.34745802
000836 -192.756397484 45.1003628044 -1974.08056071
000837 -195.686690944 46.515509756 -1975.88234638
000838 -198.744217237 49.6250159251 -1977.62013204
000839 -201.767405708 50.8329873096 -1979.40092427
000840 -204.88506127 47.1172501124 -1981.27797339
000841 -207.392694649 49.263521198 -1983.06474691
000842 -209.456755211 54.0080728123 -1984.83271007
000843 -211.095224815 47.6689911197 -1986.89411226
000844 -212.334602859 46.9219211903 -1988.85815419
000845 -213.334742168 47.8232107247 -1990.78784622
000846 -213.95105423 48.5546706857 -1992.75965299
000847 -213.593606663 53.5203383208 -1994.70890025
000848 -212.817044109 56.7861545051 -1996.73035623
000849 -211.85553769 57.4218189477 -1998.83456508
000850 -210.675752064 55.8058878847 -2001.00955158
000851 -209.166734138 52.6962507645 -2003.26211167
000852 -207.50704219 51.4631795207 -2005.45116146
000853 -206.173072245 52.2121216629 -2007.55076967
000854 -204.613415601 55.0136097344 -2009.61382649
000855 -202.996795293 56.5375216265 -2011.69580281
000856 -200.771753607 58.8970531659 -2013.81633526
000857 -197.497904571 62.5918172419 -2015.98385748
000858 -194.469520742 64.4693827782 -2018.16664444
000859 -191.909360842 65.4989363754 -2020.31227895
000860 -189.508782317 69.1653689536 -2022.337336
000861 -187.245637046 72.5145510914 -2024.33988377
000862 -184.969898442 72.5989695013 -2026.44111198
000863 -182.313626478 70.6592828499 -2028.62681881
000864 -179.851572884 71.6201576848 -2030.67398806
000865 -177.136565886 72.4948355769 -2032.72764233
000866 -173.820102318 71.6138684007 -2034.87887624
000867 -170.664691705 71.0703227238 -2036.98846864
000868 -166.303837319 71.0891821348 -2039.15555595
000869 -161.363370533 71.9872196556 -2041.31341539
000870 -156.193770989 73.723385151 -2043.43223983
000871 -151.118844902 74.0891757148 -2045.56067107
000872 -145.755818457 74.7704663415 -2047.66546725
000873 -138.105438659 73.8335079638 -2049.94962145
000874 -127.676391898 74.943050965 -2052.29024529
000875 -114.760520572 77.1576382195 -2054.66032369
000876 -100.127751033 78.372287962 -2057.05137949
000877 -83.9481923837 77.6023351317 -2059.45516332
000878 -64.7018792237 76.5707528254 -2061.82632933
000879 -40.9254580958 73.9104829636 -2064.14124079
000880 -12.5742491107 71.7283748177 -2066.20085501
000881 18.6059419186 70.3656079826 -2067.80639662
000882 51.5999754027 70.5161840064 -2068.8048449
000883 85.7729372175 69.592480931 -2069.28360224
000884 120.656734714 69.9344506488 -2069.10228362
000885 157.723384383 69.1030429487 -2068.16964028
000886 196.03919923 68.8091223924 -2066.45875001
000887 235.721360626 64.5934089276 -2063.95782721
000888 277.330281888 60.4455737462 -2060.45361824
000889 321.011791432 64.809341877 -2055.51302678
000890 366.435654649 64.8078947095 -2049.39950673
000891 412.933144944 64.8008157578 -2042.08060286
000892 459.888459982 64.7896869202 -2033.56348126
000893 508.122903105 60.8111772275 -2023.65333488
000894 557.762064154 57.1052820838 -2012.18415909
000895 608.816027518 56.6814425672 -1998.81290109
000896 661.076960945 58.0520928903 -1983.64608844
000897 712.863364346 62.49153836 -1967.03695866
000898 764.745916544 67.2007187843 -1948.76065879
000899 816.591006022 61.9805392119 -1929.32696376
000900 867.433640814 54.2462343597 -1908.77675309
000901 917.436764118 47.9607955158 -1886.88023025
000902 967.828607068 43.9449643165 -1863.17165783
000903 1018.53488394 40.9487544709 -1837.46083456
000904 1069.33198039 41.6374294458 -1809.89677344
000905 1120.49890504 40.3461381941 -1780.24751395
000906 1171.45822428 35.3098408824 -1748.68686265
000907 1221.42673964 28.7603586917 -1715.82299757
000908 1269.76088388 24.4082483349 -1681.97289638
000909 1317.33517365 24.3994935714 -1646.42854438
000910 1364.16738918 25.5076823819 -1609.36621946
000911 1409.94009244 24.4486643599 -1570.87795888
000912 1453.73697451 20.7493695914 -1532.03769844
000913 1495.43724908 17.8469616179 -1492.93993597
000914 1535.61830225 15.278873458 -1453.04676668
000915 1574.83147927 12.9094100408 -1412.02767198
000916 1612.64085036 8.19567603029 -1370.27167844
000917 1649.2419196 6.48325911373 -1327.43629259
000918 1684.96603046 3.72963775482 -1283.34853514
000919 1719.37690161 -2.18385271008 -1238.42876409
000920 1751.37920629 -4.9908523964 -1194.16764451
000921 1781.53394689 -10.0758814338 -1150.22225205
000922 1810.15451674 -13.8477954005 -1106.02384306
000923 1837.77390631 -15.8447099824 -1061.03598127
000924 1864.26770745 -18.7794855921 -1015.28909115
000925 1889.71629895 -22.6662924137 -968.443257764
000926 1914.29521062 -25.9636343479 -920.402255397
000927 1938.05821689 -31.8146350248 -870.656536396
000928 1960.64982022 -34.8795675187 -819.817455483
000929 1982.3698955 -33.9630454084 -767.481942269
000930 2002.71580723 -35.8328341397 -714.025891787
000931 2021.73011175 -35.18760211 -659.966326941
000932 2039.42676383 -37.1165745675 -604.634189751
000933 2055.64258521 -41.6076470287 -548.040393479
000934 2070.21616978 -45.2613461435 -491.516556478
000935 2083.11687189 -47.2362229189 -435.143490112
000936 2094.50989702 -50.2728947855 -377.432221087
000937 2104.4930629 -51.9835526029 -318.654382677
000938 2112.95409892 -53.735244912 -258.170691768
000939 2119.56888202 -56.7019181701 -196.824874131
000940 2124.52956446 -57.7256050981 -134.699676251
000941 2127.50984291 -60.0038117217 -71.9581132282
000942 2128.75305804 -60.1783569727 -9.56799045106
000943 2128.04746178 -63.4633031719 52.2849767986
000944 2125.43889873 -65.993029587 113.882201868
000945 2121.09995589 -67.7358249171 175.57964522
000946 2114.81987748 -71.3384219958 237.521939841
000947 2106.69251332 -72.6656156996 299.068078084
000948 2096.75207975 -74.3510779261 360.687788666
000949 2084.83379364 -77.6936591945 421.851867033
000950 2071.31209872 -79.9442409422 482.22414238
000951 2055.67556266 -81.9625857816 543.41592297
000952 2038.11757237 -83.0104225642 604.146450634
000953 2019.05073998 -84.8744309782 663.487593689
000954 1998.56799564 -85.7686891824 721.350687028
000955 1976.66095104 -87.5021589223 777.552954024
000956 1953.54373924 -89.5198402881 832.294665984
000957 1928.98542255 -91.3499609291 885.91803138
000958 1903.24187773 -92.4884251314 938.397858105
000959 1876.56678935 -91.3426636288 989.318950539
000960 1849.15330972 -94.4347867471 1037.76401869
000961 1821.48474652 -96.9220090528 1083.8938129
000962 1793.37009388 -100.191780076 1128.02013099
000963 1764.56911143 -102.109503055 1170.778425
000964 1735.63657259 -101.815935717 1211.76618783
000965 1705.97459411 -105.269164209 1251.36743963
000966 1676.06705758 -103.744011107 1289.65296091
000967 1646.09390546 -104.032447458 1326.12853847
000968 1617.22209106 -104.255803093 1359.54568633
000969 1589.41480287 -106.439732543 1390.21602887
000970 1562.59188546 -109.659757102 1418.46800553
000971 1537.69173582 -112.23237466 1443.58939774
000972 1514.36463742 -113.441077497 1466.34281565
000973 1492.21346323 -114.24888863 1487.19777354
000974 1471.18386961 -114.988540949 1506.29716145
000975 1451.10076635 -117.478144361 1523.82765513
000976 1432.06350997 -117.381496465 1540.0951851
000977 1413.60718063 -118.10765713 1555.32782272
000978 1396.36420937 -115.574290324 1569.35570678
000979 1380.15138523 -116.128906094 1581.91021505
000980 1366.75367758 -119.250541072 1591.59683505
000981 1356.10675522 -122.917484949 1598.7005549
000982 1347.30799579 -124.036372709 1604.33459482
000983 1338.60081347 -124.975859303 1609.83292784
000984 1329.71319002 -125.337469378 1615.4476502
000985 1321.61384692 -124.525479564 1620.4392711
000986 1314.78562232 -124.298891439 1624.29564035
000987 1309.01887225 -125.074560563 1627.17562612
000988 1304.0680524 -125.087129093 1629.43570618
000989 1299.78273608 -124.902760051 1631.1574365
000990 1296.2505818 -123.142752508 1632.38953448
000991 1293.36760478 -124.32621123 1632.86913476
000992 1290.89505326 -124.077167301 1633.12964219
000993 1288.72483953 -123.256370646 1633.18668915
000994 1286.72237729 -123.596654363 1633.02272641
000995 1284.76159713 -126.193736904 1632.64981631
000996 1283.18179711 -126.87527343 1632.11681321
000997 1281.1031843 -128.298193904 1631.917116
000998 1279.03826275 -128.390912889 1631.81034295
000999 1276.95565539 -126.576445304 1631.86111675
001000 1275.0872538 -125.031193564 1631.72474415
001001 1273.14274696 -127.611168202 1631.32441333
001002 1271.05353162 -128.199462396 1631.20030266
001003 1268.6913816 -127.878563568 1631.36362229
001004 1266.89504635 -122.647563382 1631.47339568
001005 1264.29887097 -119.083003727 1632.06684285
001006 1261.76013817 -116.770140086 1632.51731132
001007 1258.9578061 -114.729267221 1633.14988626
001008 1255.13619741 -114.513309972 1634.43704333
001009 1249.08358164 -117.02420415 1637.23205514
001010 1240.98066718 -117.100865542 1641.72683489
001011 1230.3134524 -114.92006574 1648.2602573
001012 1217.09909597 -113.860091186 1656.48485903
001013 1201.77684834 -111.801617753 1666.16939654
001014 1184.29223818 -112.081239338 1677.03325671
001015 1164.73175813 -112.788756228 1689.03248857
001016 1141.61827802 -112.299868423 1703.21537986
001017 1115.33319309 -111.778199962 1719.00260075
001018 1086.34808375 -110.096943377 1736.04481702
001019 1054.73687652 -106.220942031 1754.16171726
001020 1020.04598661 -103.821760315 1773.15907013
001021 983.111681672 -101.551011729 1792.54909393
001022 943.774088327 -100.983426598 1812.13448899
001023 901.917531475 -102.928755702 1831.70293031
001024 855.987298639 -103.26060364 1852.15309708
001025 806.033150375 -99.985105106 1873.08407638
001026 753.29194494 -98.853637256 1893.50632236
001027 698.439590502 -96.8487313338 1913.08775527
001028 642.281941273 -95.0179894387 1931.23604377
001029 585.217248728 -93.5044702013 1947.93204044
001030 525.800611368 -94.1633161716 1963.33925248
001031 463.926310058 -95.6761720073 1977.27595423
001032 399.129590948 -97.7484580075 1989.84376929
001033 330.785930766 -98.4656648216 2000.77333333
001034 260.231349293 -95.8897657794 2009.88036847
001035 188.296586166 -90.0464088121 2016.76096985
001036 116.275535169 -83.9734850651 2020.92882785
001037 45.5619234472 -84.1654374384 2022.34941599
001038 -25.9746571702 -82.0819761527 2021.38894329
001039 -98.7238949839 -79.0880365238 2017.74249949
001040 -171.00332912 -79.9876291445 2011.47789065
001041 -243.422508987 -80.299801454 2002.4703391
001042 -316.23972227 -75.8369783942 1991.05940316
001043 -387.918155571 -68.9749440398 1977.21096578
001044 -458.313726169 -62.3769267469 1960.799199
001045 -527.679864391 -57.4545853013 1942.04913912
001046 -597.13919937 -51.6787336578 1920.61518265
001047 -665.132946742 -47.3496442348 1896.74170813
001048 -731.59711692 -41.3023828655 1870.87417583
001049 -795.941502402 -33.6893498606 1843.06687145
001050 -857.328518391 -23.0141360208 1814.11599939
001051 -915.20793372 -17.3060998212 1784.28992915
001052 -969.409195634 -18.2651298966 1753.92201637
001053 -1022.11240524 -14.2709533863 1722.3827178
001054 -1073.81417379 -8.55029570423 1689.27946467
001055 -1124.34295728 -0.142207247636 1654.59427686
001056 -1174.01261079 11.8413155935 1618.29436947
001057 -1223.81831395 12.1334017213 1579.57047195
001058 -1274.64056384 5.5490349945 1537.34728638
001059 -1326.34466871 -2.94401790476 1491.57569182
001060 -1377.27273095 7.66782541889 1443.10305382
001061 -1426.27355834 24.7067449584 1393.11309136
001062 -1472.10612992 28.1738703498 1343.11893061
001063 -1515.22704088 24.8856949032 1292.77111767
001064 -1557.24412626 22.0456344205 1240.48301009
001065 -1598.19992029 26.2551067646 1185.77114473
001066 -1637.41850349 32.3161775534 1129.24157694
001067 -1674.53556687 39.229226972 1071.80354959
001068 -1709.32256065 44.0856072255 1013.58673285
001069 -1742.3985596 47.6953600803 954.038871655
001070 -1773.75569442 44.9282057066 893.134512641
001071 -1802.9670378 42.1893930828 831.062621956
001072 -1830.05983729 35.0798503275 768.519166734
001073 -1854.45858093 34.5325383042 706.225026917
001074 -1875.77445716 32.7314373303 645.870848904
001075 -1894.44694295 31.3161171007 587.501994146
001076 -1910.51332485 32.1322559207 531.174031171
001077 -1924.20438987 31.8200311066 477.792474082
001078 -1935.74002974 31.0286741076 427.269094923
001079 -1945.39394925 33.5450490241 378.957241787
001080 -1953.20489346 34.925442649 334.79080475
001081 -1959.18708586 41.9166150647 295.401412157
001082 -1963.95378304 46.1744617691 259.456421257
001083 -1967.84740678 49.4111370456 225.912520091
001084 -1971.17139994 47.6057870155 193.727341014
001085 -1973.9092943 49.5302317854 161.152796277
001086 -1975.99488984 49.0829534996 131.811433625
001087 -1977.24290178 54.9927200508 107.129594336
001088 -1978.01355955 57.5804669774 88.7955088099
001089 -1978.54193039 56.5964719765 75.427711834
001090 -1978.93331351 54.1819258683 64.8331474865
001091 -1979.22335381 51.7575097237 56.2385436743
001092 -1979.38623206 50.8259076896 49.7397225111
001093 -1979.48314745 50.9174952858 44.2864448201
001094 -1979.58143623 50.484343146 38.8339776915
001095 -1979.65754699 50.5595619912 33.3631542968
001096 -1979.72049218 50.9552526 27.6419318523
001097 -1979.76345487 51.3484555564 22.3546713597
001098 -1979.91596123 47.110635269 16.9881397158
001099 -1979.94398942 47.5811521378 11.1631070896
001100 -1979.90606215 50.190451472 5.49889078234
