000000 -0.0 -0.0 -0.0
000001 0.0124766729963 0.0129689976062 -0.961760006242
000002 0.0211259484514 0.0229577028594 -1.92499059934
000003 0.0375866971497 0.0606791013256 -2.88803515742
000004 0.0506268161543 0.116158396408 -3.84765771643
000005 0.0548799881885 0.144135052062 -4.8059264962
000006 0.0606621604434 0.15340998375 -5.73877823644
000007 0.0652001570467 0.14301878518 -6.67673684668
000008 0.0713544044584 0.150979942578 -7.60670082275
000009 0.0729803813488 0.180021246591 -8.53575638566
000010 0.0761939337617 0.215301955303 -9.46563890932
000011 0.0755587862512 0.236824814515 -10.38849543
000012 0.0788599807629 0.256407559864 -11.3389965185
000013 0.0749309598013 0.275425101944 -12.2229988337
000014 0.0744029750816 0.279134803161 -13.1332740459
000015 0.0617396009234 0.275990274426 -14.0421398833
000016 0.046074051488 0.273864602952 -14.9468170356
000017 0.0277556003661 0.274256065146 -15.8479218731
000018 0.0118453044265 0.266950840037 -16.7451995194
000019 -0.0129524461012 0.269599031167 -17.6371364775
000020 -0.0368649153528 0.292297458107 -18.5290099227
000021 -0.0569606760674 0.328227596155 -19.4160887874
000022 -0.082540989346 0.345727799786 -20.296686267
000023 -0.117210686609 0.344035059381 -21.1708569416
000024 -0.152957047642 0.329790925193 -22.0400679475
000025 -0.1754939334 0.337554526689 -22.9029558699
000026 -0.199855032643 0.383713408465 -23.7591467266
000027 -0.221508592389 0.45500879995 -24.6156794088
000028 -0.24428803185 0.485999488563 -25.4418012596
000029 -0.267567450159 0.453676586598 -26.2664385073
000030 -0.290262179957 0.377839918979 -27.0818247443
000031 -0.31250698662 0.335938349017 -27.8790702222
000032 -0.339661427973 0.328683964381 -28.6718441913
000033 -0.381688764272 0.322607043489 -29.4569348357
000034 -0.439269527203 0.304071983121 -30.2286479888
000035 -0.499588145949 0.279514167109 -30.9948073342
000036 -0.565048891835 0.311420522648 -31.7538876259
000037 -0.628077395372 0.399521524854 -32.496431886
000038 -0.685802819174 0.449273392277 -33.2328037601
000039 -0.744628017686 0.467461527151 -33.9595654704
000040 -0.800184028674 0.442588368924 -34.700839878
000041 -0.855530747007 0.415203362366 -35.3904043517
000042 -0.90594326288 0.460752412993 -36.081981646
000043 -0.942178633145 0.512245832396 -36.7688483083
000044 -0.934325936006 0.53963447842 -37.4454979262
000045 -0.889626073622 0.454660400502 -38.1106250742
000046 -0.821567046624 0.315944259796 -38.766498431
000047 -0.738087890528 0.232611002795 -39.4064176208
000048 -0.61517480962 0.264090473964 -40.045759923
000049 -0.468474322824 0.394440020208 -40.6966893552
000050 -0.30901893111 0.551871754258 -41.3022514112
000051 -0.126946730017 0.591966485908 -41.9019184559
000052 0.102683751608 0.603047343436 -42.486983821
000053 0.350239287723 0.698147224001 -43.0530510185
000054 0.642083568271 0.777844921313 -43.5967551899
000055 0.956207586061 0.76929370712 -44.1184324751
000056 1.27911439255 0.808376422133 -44.6172839132
000057 1.61822028384 0.80675298424 -45.0899152492
000058 1.97456437466 0.695322123907 -45.5417970626
000059 2.34622006114 0.569833583011 -45.9656541056
000060 2.71089546852 0.609715731638 -46.3670273056
000061 3.06501132845 0.692920406767 -46.7411378887
000062 3.43787449409 0.760489142268 -47.0864740694
000063 3.86774672126 0.795199318559 -47.4159907518
000064 4.26904447773 0.818774344643 -47.6930410673
000065 4.69756406643 0.874907301654 -47.950903619
000066 5.13694629332 0.928926315073 -48.1800061857
000067 5.65286914117 0.867826236888 -48.3901844263
000068 6.23928467834 0.671793592902 -48.5816581735
000069 6.88849499071 0.511133753692 -48.7544452913
000070 7.6525050583 0.481643422818 -48.8977563146
000071 8.4841332923 0.492817033101 -49.02595516
000072 9.28030236434 0.490464754597 -49.1213758084
000073 10.1757688412 0.485715867713 -49.1925047121
000074 11.1610511603 0.521906556243 -49.2301434213
000075 12.1337703889 0.528379304304 -49.2354547579
000076 13.2004310342 0.502983304507 -49.2062518513
000077 14.3433116237 0.489170809476 -49.1308667291
000078 15.57955414 0.545756026625 -49.002274135
000079 16.8888997198 0.647666435046 -48.8179170055
000080 18.3109845425 0.743275175807 -48.5589777421
000081 19.753631986 0.807280747762 -48.2367670023
000082 21.2884751239 0.77913488743 -47.8277018698
000083 22.9768874756 0.688466358191 -47.2917283545
000084 24.7245114467 0.56155354743 -46.6538847065
000085 26.5295061086 0.447639916603 -45.9075469278
000086 28.3951907045 0.394870875488 -45.0471690171
000087 30.318830489 0.433697171436 -44.0570545449
000088 32.2387683692 0.593802493639 -42.9534286649
000089 34.1812572111 0.794219824838 -41.7285876042
000090 36.1611133148 0.887846990624 -40.3378906254
000091 38.1536870747 0.972163774747 -38.7730473451
000092 40.0933855465 1.00486079463 -37.1003174044
000093 42.031540964 1.07576849228 -35.2304283129
000094 43.8960388895 1.02504714235 -33.2322394594
000095 45.6754741373 1.10233373626 -31.1084897595
000096 47.2947380472 1.24809708214 -28.9496610648
000097 48.7783231966 1.5163043754 -26.7345995974
000098 50.0945017384 1.89760325256 -24.5394777483
000099 51.2665668871 1.90186181488 -22.3465059613
000100 52.2728033675 1.56272007866 -20.2622433561
000101 53.1008279482 1.04712509409 -18.346120048
000102 53.8212998628 0.730537194575 -16.4926533691
000103 54.3767880419 0.596634950497 -14.9368089341
000104 54.7982140327 0.23182082522 -13.6801368066
000105 55.1520870873 0.0073424719842 -12.6109319984
000106 55.4275481942 -0.252445163011 -11.7841657267
000107 55.6358686998 -0.479780678814 -11.2574671553
000108 55.7928184055 -0.613683753577 -10.9650407147
000109 55.9311406782 -0.586597292509 -10.8187872937
000110 56.0554024566 -0.563966209979 -10.7777668158
000111 56.1408192742 -0.819760292375 -10.894612267
000112 56.1905046506 -1.05546905761 -11.1448577904
000113 56.2335559119 -1.03453359897 -11.5220948141
000114 56.2779824376 -0.855932465316 -11.9764337264
000115 56.3057690959 -0.621993100959 -12.5104247404
000116 56.3094562788 -0.613486424103 -13.1164065057
000117 56.2976845783 -0.720412041418 -13.7710910117
000118 56.2796416793 -0.919087293887 -14.4684150889
000119 56.2565852049 -1.10789926795 -15.1909325643
000120 56.214835306 -1.28239879927 -16.0057590315
000121 56.1723936873 -1.40301782308 -16.841913764
000122 56.1310837675 -1.26867835674 -17.7059760157
000123 56.0817406818 -1.11194487411 -18.5936974119
000124 56.0277820405 -0.976684815322 -19.4872113086
000125 55.943580266 -1.5512535968 -20.3690343185
000126 55.8574203843 -1.79540300145 -21.2761920273
000127 55.8178419121 -1.44154497704 -22.1603459471
000128 55.7494183175 -1.19459164557 -23.0885383588
000129 55.6292185238 -1.27445222074 -24.0870020759
000130 55.5312600895 -1.62084326719 -24.9898714573
000131 55.4515673804 -1.70495975815 -25.8828203244
000132 55.3687204994 -1.56286232097 -26.8217009883
000133 55.2769571335 -1.48591889946 -27.7777989879
000134 55.1696639832 -1.66356983725 -28.7221903754
000135 55.0571455734 -1.91592756833 -29.6617803383
000136 54.9483719494 -2.11530585373 -30.5843218287
000137 54.8628358307 -2.14494122451 -31.4692629675
000138 54.7453107929 -2.21744278985 -32.4000869739
000139 54.6173908356 -2.25767928262 -33.3429841412
000140 54.5212918596 -2.26021770743 -34.2401216526
000141 54.4187023208 -2.17754183205 -35.1582284278
000142 54.3161603827 -2.30795973224 -36.0520274585
000143 54.2186265038 -2.16179102682 -36.9630119729
000144 54.147779732 -2.15418600218 -37.8210312661
000145 54.0316940057 -1.94115533205 -38.7636236168
000146 53.9017748025 -1.97530457983 -39.7010246194
000147 53.7735797132 -2.10992158137 -40.6254833193
000148 53.6354451151 -2.167771071 -41.569128898
000149 53.5085578052 -1.99131293305 -42.5191062541
000150 53.3994100637 -1.74033695541 -43.4527778859
000151 53.2412233167 -1.90800523027 -44.4171967182
000152 53.0586860308 -1.9473755347 -45.4137184707
000153 52.8977473175 -1.77128173193 -46.4040788395
000154 52.7046325105 -1.73092483647 -47.4214018892
000155 52.4651746152 -1.68067973293 -48.5002772067
000156 52.2282952211 -1.75241957951 -49.5411580128
000157 51.9262727142 -2.18635902744 -50.6424891234
000158 51.543187533 -2.37009909356 -51.8383832188
000159 51.1643043249 -2.32975782053 -53.0460406638
000160 50.7908476341 -2.04096885548 -54.2257655662
000161 50.3754208571 -1.97553919592 -55.441214813
000162 49.9742072763 -1.85491199379 -56.6337550742
000163 49.5444145095 -1.42159669642 -57.8549718188
000164 49.1268701616 -0.946237811681 -59.0490947033
000165 48.6690405683 -0.732466958084 -60.2655377212
000166 48.2386893936 -0.972467245978 -61.4045596547
000167 47.8858419961 -1.38709342032 -62.4758885873
000168 47.5573800177 -1.66258634332 -63.5176894345
000169 47.2479243753 -1.72520487027 -64.5251893298
000170 46.8868772313 -1.62515976338 -65.5728233849
000171 46.5368955853 -1.6557280671 -66.6064732383
000172 46.2358752608 -1.34109690269 -67.5804934981
000173 46.0229583834 -0.704444507869 -68.50181558
000174 45.796567794 -0.344289641174 -69.416200852
000175 45.5638976053 -0.295108869341 -70.3100119425
000176 45.4047847583 -0.355597966927 -71.1441061989
000177 45.2986178004 -0.414208319794 -71.9360498516
000178 45.1509416034 -0.669985267657 -72.739521276
000179 45.0024948886 -1.05036659378 -73.5244715681
000180 44.8879911535 -1.23752421216 -74.284791877
000181 44.7934608184 -1.09367814234 -75.0313330304
000182 44.7431609512 -0.885173383351 -75.7411241973
000183 44.7077867732 -0.671620088555 -76.4329484012
000184 44.7238054512 -0.646587252333 -77.074705813
000185 44.8423065897 -0.587663145626 -77.6494960533
000186 44.9703163955 -0.554608906821 -78.211267509
000187 45.1575112198 -0.750880054901 -78.7431810193
000188 45.3497046384 -1.12427859663 -79.2189972972
000189 45.5023180138 -1.29698030388 -79.7471463211
000190 45.6830131677 -1.16255702845 -80.2434616063
000191 45.8945621749 -0.898932129383 -80.7192469553
000192 46.063259886 -0.528994786277 -81.2075300502
000193 46.2323258953 -0.618669901798 -81.6732131405
000194 46.3976576118 -1.04406517003 -82.1298746082
000195 46.6155290452 -1.42092780873 -82.5527284402
000196 46.7521381448 -1.5787590668 -83.0218644881
000197 46.8603949033 -1.759818357 -83.5059759549
000198 46.9691951287 -1.69996204512 -84.000882104
000199 46.9225484485 -1.94804831519 -84.5675753678
000200 46.7152713581 -2.19765769215 -85.2242292534
000201 46.5509659227 -2.26988967998 -85.8701164804
000202 46.2404689859 -2.06194188472 -86.6107579825
000203 45.7508114417 -2.10439154586 -87.4316322463
000204 45.1480619431 -2.13379142067 -88.3183213927
000205 44.4041822114 -2.0878895037 -89.2919575314
000206 43.6663989037 -2.03900455129 -90.2339564325
000207 42.8264768208 -1.77143247817 -91.2265306246
000208 41.8856348592 -1.73221872998 -92.2800487876
000209 40.9742067588 -1.8228256178 -93.2813757926
000210 40.0325755493 -1.93467417012 -94.3209525669
000211 38.961250558 -1.92698936492 -95.3947496906
000212 37.9334000094 -2.07263084117 -96.4428802952
000213 36.93950722 -2.05842102549 -97.4769205104
000214 35.8803527907 -2.13930425128 -98.537136246
000215 34.7995854345 -2.08142261021 -99.6054144364
000216 33.6932979128 -1.62661823166 -100.696556601
000217 32.5639936711 -1.1068915706 -101.784252577
000218 31.3822509916 -0.814413391294 -102.881856718
000219 30.2826535178 -0.558057340859 -103.950402204
000220 29.3172580057 -0.631511820658 -104.980874497
000221 28.3113350333 -0.728993603452 -106.009672652
000222 27.5530646649 -0.311714017849 -106.991341818
000223 26.739673603 -0.336219206906 -107.974428336
000224 25.8958715779 -0.502277838376 -108.961225847
000225 25.0009638207 -1.47531406538 -109.9353115
000226 24.1439972591 -2.39257584086 -110.897252849
000227 23.4960408596 -2.40491203661 -111.817897406
000228 22.932103239 -2.1370763722 -112.715154357
000229 22.4327162297 -2.12283009879 -113.58455011
000230 21.9022547769 -2.50070555516 -114.435921905
000231 21.372337526 -2.83618190958 -115.287205242
000232 20.9339381686 -2.96984773136 -116.091648941
000233 20.4232020215 -2.67476309436 -116.928330008
000234 19.8780392736 -2.30608410708 -117.768609722
000235 19.4460531784 -1.96798042602 -118.553478452
000236 18.9672354211 -1.75269504152 -119.360024279
000237 18.5231003248 -1.90724053785 -120.099914996
000238 18.1628319749 -2.03875640735 -120.831660139
000239 17.8954310248 -1.96089634016 -121.546988514
000240 17.6763844 -1.99017545418 -122.241876703
000241 17.4268366311 -1.85571887653 -122.936021574
000242 17.1673945055 -1.91031623565 -123.619403945
000243 16.808713136 -2.19818295892 -124.298069158
000244 16.3999363478 -2.31469151558 -124.969663833
000245 15.9860317963 -2.42583068678 -125.639024893
000246 15.5517444115 -2.44295027392 -126.300050278
000247 15.0714833071 -2.46644486692 -126.958612991
000248 14.6196495987 -2.51873780532 -127.600945629
000249 14.1318641506 -2.50893660528 -128.242664873
000250 13.6402323383 -2.60967933183 -128.874016464
000251 13.0670966142 -2.80868389446 -129.50819262
000252 12.4370299139 -3.04619736111 -130.14511601
000253 11.7123721419 -3.39769004704 -130.780292638
000254 10.870520637 -4.04486001531 -131.400037769
000255 9.9516986444 -4.70228518734 -132.029413328
000256 8.98779290492 -5.28263372478 -132.647031918
000257 7.97077503109 -5.77484141817 -133.270377347
000258 7.0958369425 -5.4618555763 -133.922326328
000259 6.19727910448 -4.73813292361 -134.597424658
000260 5.21588861939 -3.85261692328 -135.280627839
000261 4.22686438844 -2.98300275615 -135.961324864
000262 3.1950426147 -2.50606419039 -136.630562517
000263 2.08635831527 -2.74438728632 -137.27898401
000264 1.05649164653 -3.10790121234 -137.929411027
000265 0.00118523631451 -3.4861277609 -138.581636634
000266 -1.09928300952 -3.69488319205 -139.2506371
000267 -2.21428579148 -3.619684821 -139.933545845
000268 -3.3558345195 -3.44801817996 -140.622648291
000269 -4.61321838619 -3.08853437665 -141.31832436
000270 -5.95215907582 -2.82982119475 -142.007329696
000271 -7.31011080655 -2.85965763626 -142.686668879
000272 -8.7293447213 -2.8808998603 -143.356531796
000273 -10.1717756987 -3.04075888517 -144.02518279
000274 -11.4503074605 -3.09768769714 -144.710100455
000275 -12.4273204045 -2.92327345587 -145.429702076
000276 -13.1201511782 -2.79277608302 -146.17999873
000277 -13.8013063108 -2.77911407124 -146.956366912
000278 -14.4049202403 -2.7394189335 -147.708894184
000279 -15.0809650854 -2.33621593051 -148.503723755
000280 -15.733899726 -1.92044134446 -149.302818158
000281 -16.3829309209 -1.49313321214 -150.090591456
000282 -17.0509045338 -1.34016312421 -150.884488906
000283 -17.679765905 -1.63050685057 -151.674438353
000284 -18.4223979115 -1.92335322673 -152.476681537
000285 -19.0337142739 -2.0144196309 -153.269472002
000286 -19.6558958812 -1.26295928551 -154.091101013
000287 -20.428822513 -0.379324112153 -154.896146369
000288 -21.167390799 0.658329575083 -155.700339358
000289 -22.1243724902 1.19446230546 -156.465630047
000290 -23.0769340964 1.02442721685 -157.234636204
000291 -24.13138694 0.230320457109 -157.977262157
000292 -25.2786642127 -1.00403752077 -158.714558521
000293 -26.5189880288 -1.43927780263 -159.405204469
000294 -27.8107297828 -0.948126344875 -160.111444304
000295 -29.1395243527 -0.176980942702 -160.806504076
000296 -30.345680528 -0.295884236436 -161.509713664
000297 -31.4114085782 -1.00948978294 -162.230901997
000298 -32.2894487608 -1.56469211267 -162.983020039
000299 -33.0345125812 -0.996866633135 -163.779405057
000300 -33.6004036112 -0.251480733376 -164.609526417
000301 -33.9216525598 0.242876519358 -165.506006084
000302 -34.0383427007 0.806396513153 -166.405340932
000303 -34.1093010594 1.04999467867 -167.33369692
000304 -34.0802638764 1.17627087982 -168.284135275
000305 -33.968539408 0.842084186201 -169.260207505
000306 -33.664384449 0.369783332557 -170.289431266
000307 -33.2243072681 0.052020802165 -171.300939381
000308 -32.7650717043 -0.024749070679 -172.325930296
000309 -32.1757248839 0.06162348483 -173.391502582
000310 -31.5947790423 0.222511040718 -174.439084979
000311 -30.9845816603 0.786107546979 -175.478575991
000312 -30.2713009521 1.18981729085 -176.536183959
000313 -29.5400232279 0.301113602895 -177.582761664
000314 -28.7023141072 -1.68644408453 -178.625445835
000315 -27.8688434576 -2.6728964406 -179.666766702
000316 -26.9552017975 -1.71272399427 -180.753621953
000317 -26.063139632 -0.769912175811 -181.799688162
000318 -25.1697725105 -0.381990119209 -182.859958547
000319 -24.3334185387 -0.3117742679 -183.865215836
000320 -23.5290453289 -0.21596190099 -184.87785754
000321 -22.7448279475 -0.487942039328 -185.894244873
000322 -21.8306131161 -0.940164755248 -186.901814575
000323 -20.8094834285 -1.40418269471 -187.902441537
000324 -19.8031564045 -1.54422328187 -188.909438086
000325 -18.7644004142 -1.59080452102 -189.917858751
000326 -17.4475530088 -1.52374933547 -190.951602499
000327 -16.0385832963 -1.88236488397 -191.971488601
000328 -14.4710635792 -2.79969397462 -192.991313217
000329 -12.9105944674 -4.00230695284 -193.985596887
000330 -11.2609495009 -4.38113449521 -195.002203355
000331 -9.63264632209 -2.87678019294 -196.035449947
000332 -7.9127834717 -0.719760683056 -197.066064913
000333 -6.05437790338 0.613182782473 -198.064551472
000334 -4.30252143514 0.789200600804 -199.046382549
000335 -2.26763026186 0.322410392883 -200.024430902
000336 -0.592516504712 -0.61343410373 -200.993320082
000337 1.17680466432 -2.55821495061 -201.892732963
000338 3.11183000838 -3.46462373199 -202.787185782
000339 4.94163569142 -2.64766980259 -203.733508069
000340 6.71318846181 -1.65842287816 -204.622807108
000341 8.34858188774 -1.67832874267 -205.482072914
000342 10.0078555807 -1.7020943154 -206.332909715
000343 11.6817688404 -1.72244703355 -207.172055284
000344 12.9886995498 -0.937265249033 -208.014397308
000345 14.2285984036 -0.145873605207 -208.83868001
000346 15.3105650773 0.308536853301 -209.65828844
000347 16.4496374181 -0.300348911828 -210.45203619
000348 17.4082605185 -1.26317594612 -211.26507813
000349 18.1493357343 -2.49095200079 -212.041324569
000350 18.991046518 -2.65961136627 -212.810206319
000351 19.6786938584 -1.38333370357 -213.610285201
000352 20.2762203572 0.307557746013 -214.403108828
000353 20.9679741742 0.914848048048 -215.166191502
000354 21.6824544297 0.362362138794 -215.915333941
000355 22.2639436917 -0.611550906169 -216.663725442
000356 22.773711635 -1.97652786652 -217.398066984
000357 23.325459439 -3.80873222459 -218.102875256
000358 23.9275464988 -4.77645437168 -218.814753862
000359 24.5733710128 -3.03866793972 -219.539138449
000360 25.4054385165 0.341686545664 -220.250503331
000361 26.1768993909 2.38663322961 -220.917410213
000362 26.7343645617 2.05152003255 -221.60551254
000363 27.3635091641 0.686309316908 -222.276290635
000364 28.0169310333 0.166749103606 -222.930187477
000365 28.6935890021 0.448356889226 -223.570344874
000366 29.4036346772 0.890742923786 -224.193799635
000367 30.0664416239 0.978212958335 -224.808708967
000368 30.8465799332 0.655667258201 -225.406036825
000369 31.8573972952 0.088959018223 -225.953514174
000370 32.9711440302 -0.367748525894 -226.468344143
000371 34.2007605217 -0.798500383958 -226.953162313
000372 35.527912949 -1.36501296331 -227.406693366
000373 37.0472029804 -2.31791506958 -227.814872776
000374 38.7132752815 -3.26053377755 -228.182729811
000375 40.3828124763 -3.53748366236 -228.556408926
000376 42.0830125147 -3.27008741689 -228.923353923
000377 43.7399583914 -2.99591334206 -229.294936291
000378 45.3621996743 -3.10682793169 -229.660838181
000379 47.1190499413 -3.68432904104 -229.987664489
000380 49.0173238785 -4.43038708963 -230.271160956
000381 50.9385420475 -4.97733820312 -230.543245069
000382 52.7566677674 -5.28715851591 -230.834589588
000383 54.628517477 -5.80104364646 -231.103995569
000384 56.4630022153 -5.94009143805 -231.389573997
000385 58.2840021796 -6.55498186368 -231.654165123
000386 60.0579156146 -6.53945481717 -231.948950733
000387 61.932497299 -5.95859514235 -232.231354051
000388 63.7512651787 -5.07622170636 -232.531866341
000389 65.4024179645 -4.02305441516 -232.87859608
000390 66.8528513782 -3.58005520226 -233.28422018
000391 68.195363396 -2.27445799628 -233.712104968
000392 69.5779908656 -0.943039111301 -234.13458191
000393 70.8059622205 -1.58241507443 -234.592549729
000394 72.0754413774 -3.75885855015 -235.011070973
000395 73.2365893578 -7.52871168061 -235.380259801
000396 74.283888246 -9.91175378982 -235.810517523
000397 75.3619625288 -9.60886527598 -236.351650999
000398 76.574697392 -8.43216567872 -236.896107771
000399 77.7926468248 -7.35407901568 -237.445886234
000400 78.9246700868 -8.45188330963 -237.91638511
000401 80.0192056411 -10.1169586028 -238.362437126
000402 81.2547312038 -10.4565967907 -238.85506098
000403 82.5850602037 -8.60397020566 -239.368506984
000404 83.9368711558 -7.24365018379 -239.862118168
000405 85.2919381695 -7.40921614819 -240.296945253
000406 86.521207503 -8.27368570713 -240.75282521
000407 87.7071669979 -8.7661900106 -241.235765606
000408 88.7469139139 -9.07449966552 -241.78291749
000409 89.7311769061 -8.84744575624 -242.375243942
000410 90.6269494692 -9.04465894504 -242.986799988
000411 91.3192149848 -8.7474898978 -243.691461942
000412 92.0153441727 -8.22105624984 -244.409123801
000413 92.659468208 -7.73149274297 -245.144426147
000414 93.2984368107 -7.0952888786 -245.884577508
000415 93.7185377759 -7.49491303476 -246.67169892
000416 94.1702735529 -7.64101779007 -247.453006447
000417 94.6862625879 -7.8570713993 -248.206081888
000418 95.0260999838 -7.14261971498 -249.062631334
000419 95.3448753717 -6.97436384855 -249.899304508
000420 95.7674870377 -5.95156410866 -250.718130101
000421 96.1851824604 -6.80877655306 -251.49582686
000422 96.6762190692 -7.85935418254 -252.238122543
000423 97.1491862174 -8.91783413318 -252.953603053
000424 97.8485158742 -8.81156548596 -253.632942572
000425 98.5801938072 -7.58612261006 -254.364806713
000426 99.3804691205 -6.00868291999 -255.015552028
000427 100.353059152 -5.076391012 -255.616404018
000428 101.370207957 -5.01939691568 -256.142760048
000429 102.470039765 -5.43207785276 -256.634375073
000430 103.469696582 -5.41724025598 -257.175044306
000431 104.602810984 -5.22649773548 -257.663766113
000432 105.664015775 -5.00019089686 -258.187083317
000433 106.687623323 -4.72367635161 -258.718322211
000434 107.747996476 -4.65254170349 -259.216692784
000435 108.768222719 -4.45134179187 -259.73439422
000436 109.826859939 -3.93872511983 -260.243557494
000437 110.738159994 -3.47609084585 -260.794793211
000438 111.655380609 -3.90954433138 -261.32819102
000439 112.499548415 -4.94951347215 -261.872982153
000440 113.395338098 -5.12084524095 -262.413823023
000441 114.259875871 -4.13633991901 -262.986796518
000442 115.147672437 -3.14317921025 -263.543123251
000443 115.962479186 -2.4009010128 -264.119014418
000444 116.858353556 -2.29372916276 -264.642827892
000445 117.787619199 -2.38473325382 -265.14790643
000446 118.889642463 -2.73774934764 -265.562212307
000447 120.153572823 -3.28962819672 -265.889665565
000448 121.633939863 -3.56891673383 -266.119174331
000449 122.76408556 -2.11564379578 -266.522787256
000450 124.234372419 -2.2839252845 -266.743401263
000451 125.357441591 -6.19060115987 -267.044529341
000452 126.831287199 -10.074616435 -267.113312764
000453 128.321386897 -10.4065910771 -267.286597034
000454 129.713993371 -7.95242051514 -267.601254561
000455 131.032629097 -5.7138800321 -267.915900126
000456 132.412439459 -4.37148265685 -268.156004158
000457 134.029407689 -3.60024075455 -268.249969155
000458 135.873252328 -2.37045500162 -268.221776564
000459 137.770272573 -0.554628551334 -268.150093455
000460 139.675486072 0.894742719157 -268.04422495
000461 141.515888053 -0.286733380425 -267.948839823
000462 143.258904227 -1.59576530236 -267.886912205
000463 145.101527544 -2.44432130082 -267.755815312
000464 146.815695083 -1.94466109408 -267.698811946
000465 148.466683101 -0.857181223133 -267.669290052
000466 150.117655498 -0.988898342396 -267.616094411
000467 151.523279374 -1.83428832239 -267.685222183
000468 152.771434921 -2.7246854257 -267.830066299
000469 153.751627235 -3.49654353058 -268.12448128
000470 154.473946124 -3.96374362047 -268.566350319
000471 154.997269202 -3.55527918503 -269.135956999
000472 155.530492977 -3.41183238378 -269.689163884
000473 156.022459223 -3.38989601705 -270.267522261
000474 156.314746803 -4.23120899461 -270.943758258
000475 156.496736141 -4.90542990518 -271.683325425
000476 156.413506699 -5.91074964681 -272.56156936
000477 156.154343992 -6.4693977651 -273.543372543
000478 155.790285923 -6.75741999235 -274.594842533
000479 155.313509182 -7.01675734728 -275.664238925
000480 154.662594975 -6.86083047336 -276.852237782
000481 153.944256244 -6.39153104292 -278.072457971
000482 153.080374079 -5.57709219924 -279.374255909
000483 152.122681728 -4.67536828494 -280.70111318
000484 151.098537118 -3.85061202444 -282.047134839
000485 149.962183186 -3.30135092335 -283.42995714
000486 148.849755011 -3.29614044333 -284.774559423
000487 147.677542103 -3.41230189241 -286.129657137
000488 146.622905383 -2.484649384 -287.426267806
000489 145.683542937 -1.30523130542 -288.637073806
000490 144.543913291 -0.218647135757 -289.934400807
000491 143.433179124 -1.05834843323 -291.174614587
000492 142.314041564 -1.40199628512 -292.402584625
000493 141.332489593 -1.9573527811 -293.545513269
000494 140.419984333 -2.57067297623 -294.636204375
000495 139.449927108 -2.19572043308 -295.746091574
000496 138.467073784 -2.05378552305 -296.841840671
000497 137.402126269 -2.21578108377 -297.956783619
000498 136.492721259 -1.49402708532 -298.986460232
000499 135.412816169 -2.11321070326 -300.077499052
000500 134.561691024 -2.45430088044 -301.028385389
000501 133.769026368 -2.16940974279 -301.965021639
000502 132.739374938 -1.78174174804 -302.986688275
000503 131.819914203 -1.71467872958 -303.941857897
000504 130.924545252 -1.73431029645 -304.870238546
000505 129.978298546 -2.14054263385 -305.805231307
000506 129.186833398 -2.24592364691 -306.66387853
000507 128.444840283 -2.79810128087 -307.484374872
000508 127.753879597 -3.18311913449 -308.271103533
000509 127.251104849 -3.4380990841 -308.974311626
000510 126.78707486 -3.82895351413 -309.648110812
000511 126.466525008 -4.14745866757 -310.266675248
000512 126.450591477 -4.4449486469 -310.75868526
000513 126.614709567 -4.51751128878 -311.187825952
000514 126.893061871 -4.04148798922 -311.583578271
000515 127.331411613 -3.55986768881 -311.917346834
000516 127.963361372 -4.04149870327 -312.16297203
000517 128.624748482 -5.52413446489 -312.381353005
000518 129.209691277 -7.34900481144 -312.62239734
000519 129.978565166 -9.41413974973 -312.776999383
000520 130.731054577 -10.3883586631 -312.979475396
000521 131.396322822 -10.4304054067 -313.256742619
000522 131.970691768 -10.1868334385 -313.589576314
000523 132.443512632 -9.61171282547 -313.985120884
000524 133.108249256 -9.74778569637 -314.287410915
000525 133.988526758 -10.1619302111 -314.499220322
000526 134.586342047 -10.2243819868 -314.850074882
000527 135.007454849 -10.3783067234 -315.285673038
000528 135.421151002 -10.870988455 -315.720784203
000529 135.989979559 -10.7397166425 -316.12616707
000530 136.746650705 -10.6606309729 -316.461029321
000531 137.352101227 -10.5627691467 -316.870305103
000532 137.80014687 -11.9446267719 -317.300552029
000533 138.382497739 -12.5862953671 -317.707119023
000534 138.914922959 -11.6710538254 -318.216826931
000535 139.440704236 -10.7193002057 -318.727270359
000536 140.114746575 -11.1844938496 -319.131484148
000537 140.625922819 -13.0140161916 -319.558338066
000538 141.137107454 -15.276004002 -319.95976359
000539 141.568875183 -16.581646335 -320.445930653
000540 141.795971776 -16.3403102769 -321.109202798
000541 142.1027674 -15.0528132134 -321.797031636
000542 142.521933018 -14.6725522809 -322.397555121
000543 142.924007389 -15.4113420461 -322.960063528
000544 143.16169186 -16.1489555996 -323.601164046
000545 143.342193261 -16.6385356474 -324.288414828
000546 143.309772866 -16.4047278156 -325.117016462
000547 143.040063997 -15.9281481151 -326.071542553
000548 142.709248546 -15.7367252927 -327.041461837
000549 142.292309473 -15.2872512474 -328.076127221
000550 141.877709344 -14.8309363227 -329.1068489
000551 141.234618512 -14.5867752348 -330.237905834
000552 140.57308076 -14.3791079167 -331.379193957
000553 139.948659242 -14.3921176091 -332.500570509
000554 139.087845617 -14.78235094 -333.706933711
000555 138.122919947 -14.6773517969 -334.983681753
000556 137.178340418 -14.6362607622 -336.258495764
000557 136.227497427 -14.594065613 -337.530743905
000558 135.206621314 -14.9097795604 -338.818805536
000559 134.193920204 -15.4100089504 -340.09776445
000560 133.17760508 -15.732849735 -341.383621869
000561 132.200975667 -15.7267962532 -342.672439532
000562 131.319687203 -15.9218656275 -343.911536381
000563 130.566630422 -15.7671470315 -345.122066441
000564 129.991546396 -15.1533762357 -346.284629726
000565 129.364673995 -14.3496501706 -347.474341889
000566 128.925624387 -13.3733299845 -348.600495193
000567 128.563607523 -13.7942337464 -349.641880418
000568 128.281094176 -14.4002987164 -350.643650785
000569 128.043118889 -14.4238183305 -351.655334542
000570 127.981819788 -13.191541542 -352.649985696
000571 127.908668527 -12.0279644994 -353.637781664
000572 127.783164796 -12.2813971877 -354.590778381
000573 127.751636396 -12.8268912439 -355.492803937
000574 127.649218619 -12.8496631994 -356.441246898
000575 127.616439334 -12.8681929424 -357.362109012
000576 127.57013912 -13.0957217184 -358.28066447
000577 127.430446711 -12.9332243219 -359.245041623
000578 127.364268345 -12.7221264708 -360.186026669
000579 127.225287484 -12.6448469089 -361.141754199
000580 127.20078261 -13.9004006875 -362.004893504
000581 126.841727633 -14.6520240712 -363.002913964
000582 126.455049534 -13.9510168792 -364.069719347
000583 125.796514893 -13.5508811068 -365.218991741
000584 124.786870293 -15.4288447654 -366.38785201
000585 123.757489818 -17.3083596317 -367.550041701
000586 122.712044177 -19.249115675 -368.700415323
000587 121.547460744 -19.0498061003 -369.997931372
000588 120.322313979 -19.5981059335 -371.268825038
000589 119.115153771 -20.085630514 -372.531051577
000590 117.802978948 -20.6493163897 -373.817989813
000591 116.325825973 -18.7402212073 -375.286305904
000592 114.694847745 -17.0511529173 -376.774806313
000593 112.835403966 -16.4856598944 -378.266685862
000594 110.952631172 -15.9215253496 -379.752909377
000595 108.824173554 -15.3430190641 -381.302094716
000596 106.376468258 -15.2867720783 -382.902371073
000597 103.568398574 -15.5101902795 -384.571280385
000598 100.156932518 -15.7270324701 -386.374020484
000599 96.7230885366 -15.9591352986 -388.145406092
000600 92.9679240838 -16.0384358578 -389.966151867
000601 89.2544861967 -15.8939239327 -391.747268905
000602 85.5025173695 -15.8205948586 -393.493263854
000603 81.9457292397 -15.5074148951 -395.173567033
000604 78.5875070461 -15.3184824865 -396.764201433
000605 75.7610667469 -15.014629271 -398.233140974
000606 73.3535533453 -15.0295316432 -399.587445662
000607 71.2372064743 -15.2030108324 -400.868753267
000608 69.3271504836 -15.0176160914 -402.116563365
000609 67.4009447612 -14.9938460525 -403.349926816
000610 65.5585145172 -14.9402984449 -404.565740061
000611 63.6780524387 -15.1476224272 -405.770531992
000612 61.9015923756 -15.0701449444 -406.964521187
000613 59.9849962118 -14.4639460174 -408.188668594
000614 58.0803518072 -13.6956091015 -409.410294854
000615 56.1200654355 -12.7997399252 -410.62699693
000616 54.1830025708 -11.9794917512 -411.823116057
000617 52.3332619806 -11.6341430534 -412.971838271
000618 50.4674455202 -11.3295284371 -414.112315843
000619 48.4218293667 -12.5703092764 -415.211490182
000620 46.4738527077 -13.6333913922 -416.28641639
000621 44.6635000524 -13.5613297223 -417.37542423
000622 43.2115927205 -11.447284797 -418.480665741
000623 42.1382148992 -9.73165444282 -419.515735055
000624 41.4025116121 -9.64103380964 -420.467917006
000625 40.9959794866 -11.5391006149 -421.326091064
000626 40.5944713311 -13.4658686986 -422.174442569
000627 40.3652037208 -13.2860366588 -423.068952444
000628 40.2420015697 -10.9485764065 -424.007624162
000629 40.1034485337 -8.58761563048 -424.936433039
000630 40.0826825998 -7.56567602623 -425.802935079
000631 40.265701247 -7.51800314711 -426.627840589
000632 40.519294348 -8.04768154201 -427.431528953
000633 40.705586434 -8.43449335505 -428.24285258
000634 40.9924245949 -7.58982705121 -429.076668386
000635 40.9898660089 -7.25690982803 -429.926502069
000636 41.3032637401 -7.97498564614 -430.720513932
000637 41.404520638 -10.7087397213 -431.481548607
000638 41.4007522046 -13.3808951717 -432.241952436
000639 41.8048770585 -11.8929880912 -433.096766588
000640 41.889782769 -10.4545474091 -433.980272178
000641 42.019002197 -10.477850476 -434.825383799
000642 42.0497509676 -11.1057905662 -435.668284996
000643 41.9343912177 -12.9265315879 -436.513904156
000644 41.892582684 -13.5162893834 -437.36206438
000645 41.8681691408 -12.7610956547 -438.308398969
000646 41.7309004346 -11.558799052 -439.218803702
000647 41.6161363422 -11.8961800394 -440.119082266
000648 41.3604660252 -12.7773972213 -441.020384265
000649 41.07529013 -13.4555514311 -441.938527075
000650 40.6011261425 -12.6890110423 -442.908238627
000651 39.9806255582 -13.5577256268 -443.846080684
000652 39.4121946307 -13.5011259568 -444.8052655
000653 39.2612672856 -11.8882617005 -445.775258763
000654 39.1516045225 -8.43334088201 -446.778782985
000655 38.7510961862 -7.65514755278 -447.735121834
000656 38.5285845287 -7.55250413134 -448.661521035
000657 38.3581900912 -9.33381644397 -449.540506709
000658 37.9319748155 -10.3347412577 -450.455733183
000659 37.5612472761 -9.9579064045 -451.398594866
000660 37.2876138763 -8.70627378394 -452.336862813
000661 37.211185405 -8.08719675959 -453.241281614
000662 37.3249723856 -8.1340988408 -454.103078421
000663 37.4530069911 -8.22587815573 -454.958012248
000664 37.7103169191 -7.29445275335 -455.807957552
000665 38.1475731647 -6.13113704224 -456.643712491
000666 38.6228457927 -5.21997800214 -457.448767815
000667 39.1841806109 -5.25488086695 -458.226129585
000668 39.7392234716 -6.40699885788 -458.976111458
000669 40.3656904285 -8.5350957326 -459.690121891
000670 40.9750666452 -10.6690985327 -460.383765586
000671 41.5973477044 -12.85379237 -461.065662873
000672 42.0330102262 -13.2135634532 -461.802804389
000673 42.7525079318 -11.0299218578 -462.579069136
000674 43.2869045115 -8.62587050053 -463.362355943
000675 43.6483911157 -8.26546676294 -464.108049734
000676 43.9614649434 -8.83984220398 -464.829557599
000677 44.0496689846 -9.9392228999 -465.558991574
000678 44.1157365678 -10.5227157137 -466.303261542
000679 44.1344822649 -10.8819564909 -467.053520094
000680 44.0623692512 -11.5795645325 -467.798778322
000681 44.1327574965 -11.7508117696 -468.563078808
000682 44.0169605112 -12.9170293427 -469.290797119
000683 43.9920137254 -12.9517061207 -470.057333057
000684 43.7798011635 -12.2794872111 -470.86561281
000685 43.3286410959 -11.6518150025 -471.695825816
000686 42.619513588 -10.7722305524 -472.552960112
000687 41.8379172864 -9.92962326477 -473.397371318
000688 41.029013584 -9.28542125277 -474.220191738
000689 40.0461643504 -9.44431278039 -475.044949843
000690 39.0831287027 -9.86128744187 -475.852977084
000691 38.0536468562 -10.2180366723 -476.641360538
000692 37.1121271487 -9.93984343833 -477.424858693
000693 36.4698646607 -9.15873601084 -478.190242764
000694 35.9001011608 -8.22364402217 -478.944489479
000695 35.327854528 -8.17850346765 -479.654579081
000696 34.7521864765 -8.13390579581 -480.366503954
000697 34.2127199712 -8.15366712342 -481.078612229
000698 33.5987241349 -8.06031577661 -481.746693272
000699 32.9930761342 -8.02180008557 -482.423512732
000700 32.3867485382 -8.15659515994 -483.10086754
000701 31.8185691513 -8.24713589964 -483.732359547
000702 31.2552341628 -8.24518004846 -484.384669794
000703 30.7380867614 -8.27557033767 -484.985054892
000704 30.2573891447 -8.30379101416 -485.592402705
000705 29.8704428298 -7.85185895576 -486.188423271
000706 29.5360108603 -7.15278440312 -486.775109971
000707 29.1417905564 -6.58958344179 -487.352910743
000708 28.8004161005 -6.57239681361 -487.905790679
000709 28.4666403748 -7.25507490437 -488.439533281
000710 28.186081233 -8.59845780942 -488.935583882
000711 27.8452329471 -9.8502250939 -489.428028291
000712 27.3431009585 -10.8283547648 -489.926505649
000713 26.9784314294 -11.4898713489 -490.403031348
000714 26.7112818797 -11.629848456 -490.878516921
000715 27.0563453833 -10.8018550153 -491.330185691
000716 27.6175810219 -9.85022354382 -491.759900406
000717 28.2860114494 -9.36481139277 -492.16468236
000718 28.9436768154 -9.05053237363 -492.535994248
000719 29.556340386 -8.88241443616 -492.900024283
000720 30.0329057045 -8.62162360286 -493.261904544
000721 30.5508561038 -8.24822726832 -493.605804049
000722 31.0697793281 -7.8741423287 -493.949017188
000723 31.6141969769 -7.56319713591 -494.271077756
000724 32.1807588326 -7.27674649924 -494.5788678
000725 32.6781005914 -7.02362108341 -494.879003287
000726 33.1650123472 -6.85896530486 -495.168090787
000727 33.7903385596 -6.93990283762 -495.434005983
000728 34.3181891157 -7.45174015096 -495.688526292
000729 34.6363959611 -8.21995517334 -495.949453154
000730 34.8165973479 -8.47185693693 -496.22543526
000731 34.6944746378 -8.12131316399 -496.528702841
000732 34.5199649441 -7.78228499676 -496.834693655
000733 33.9799381639 -7.52886528693 -497.159747153
000734 33.3012231166 -7.30367238344 -497.490067181
000735 32.3041858959 -7.22996519155 -497.837140876
000736 30.8120762307 -7.28795117736 -498.211502827
000737 28.5542779619 -7.43532367633 -498.624786899
000738 25.5205287427 -7.45960159259 -499.073017407
000739 21.5382587811 -7.78854824431 -499.540277742
000740 16.421556401 -8.07778895023 -500.027884234
000741 10.8352610799 -8.54690927414 -500.468439336
000742 4.50637795576 -8.84211797199 -500.860687099
000743 -3.26382211352 -8.86909496542 -501.180992617
000744 -12.0345852522 -9.41648042726 -501.356053658
000745 -21.7138924224 -9.96232037975 -501.343059083
000746 -32.0735654738 -10.9969156039 -501.078733817
000747 -42.6646899065 -12.3662361915 -500.578595717
000748 -53.6225521002 -13.1325718677 -499.825981325
000749 -64.7793203529 -13.9032287428 -498.788255927
000750 -73.0470540583 -15.7462514307 -497.896707737
000751 -75.8686280739 -17.2592649851 -497.725711256
000752 -75.4518550274 -17.7014433464 -498.066275299
000753 -72.8535342204 -17.9946122588 -498.727340382
000754 -67.4257696463 -18.0677346693 -499.759128369
000755 -59.7900420262 -18.1062311512 -500.998938275
000756 -51.5188281088 -18.125254417 -502.149171131
000757 -41.0932095704 -17.9988413835 -503.405520603
000758 -29.7997837555 -17.8409811555 -504.475140835
000759 -18.2258699105 -17.7730767539 -505.299641221
000760 -6.69642204286 -17.4547288673 -505.860162328
000761 4.32610905471 -16.9207584383 -506.187287626
000762 14.4184855228 -16.838930826 -506.28872477
000763 23.3896526779 -16.8634631485 -506.229502807
000764 31.5904081824 -16.8226563156 -506.071280039
000765 38.9516596835 -16.5375104625 -505.853993605
000766 44.1757831083 -15.5610565791 -505.727192668
000767 49.1441945559 -14.0294213024 -505.587148914
000768 52.4893217233 -13.591801621 -505.51242385
000769 53.5732128232 -13.8496601309 -505.640481382
000770 52.0938872274 -14.1723946155 -506.035508828
000771 48.6331395011 -14.0591748178 -506.612151984
000772 43.4592541719 -13.7717253537 -507.30962119
000773 36.8703055501 -13.2465921688 -508.064438724
000774 29.5004241418 -13.4449010563 -508.740283851
000775 22.2370703026 -13.8986722347 -509.276390535
000776 14.5615322382 -13.410647511 -509.746926886
000777 6.49129762131 -12.2166075559 -510.121136411
000778 -1.69567083311 -12.9406621292 -510.288068514
000779 -9.79242295651 -13.5173989326 -510.32581582
000780 -18.6660950394 -16.3543918292 -510.126713266
000781 -27.3672603082 -17.4815198021 -509.821974769
000782 -35.1943087813 -16.8864418024 -509.481980778
000783 -43.2877982014 -15.8989054679 -509.016735379
000784 -50.5172519478 -15.2627865451 -508.477490976
000785 -57.3985444923 -14.8630258385 -507.858689815
000786 -64.3675894634 -14.6632645824 -507.129267774
000787 -70.9036739479 -14.6313142598 -506.352964115
000788 -77.0578307112 -14.1579046109 -505.555863029
000789 -82.5883002118 -13.2468808177 -504.791673742
000790 -87.0259494452 -13.1483094462 -504.124027942
000791 -91.570176979 -14.209506883 -503.351871436
000792 -97.1426112593 -16.2868626625 -502.300842978
000793 -100.796047639 -17.7967116486 -501.580434072
000794 -103.717053846 -17.3514392894 -501.05445466
000795 -107.505161041 -15.5181828018 -500.371561178
000796 -110.432293064 -13.7507307512 -499.840286413
000797 -112.717120567 -12.912813223 -499.399984865
000798 -115.950207865 -13.0564173547 -498.695358898
000799 -118.762965575 -13.7949277091 -498.049669804
000800 -120.672386609 -14.5994471332 -497.603547239
