000000 -0.0 -0.0 -0.0
000001 -0.00154648201672 0.0199549961219 -1.31061740137
000002 -0.00182148972419 0.0469184842491 -2.62521559567
000003 -0.00469743932395 0.0651579339043 -3.94169313827
000004 -0.00583876436402 0.0891424825925 -5.26094351429
000005 -0.00711470753236 0.112295512327 -6.58145949407
000006 -0.0101095729114 0.13795452836 -7.90842844114
000007 -0.0129839982362 0.165975733999 -9.23842020888
000008 -0.0160378303184 0.169575334476 -10.569321527
000009 -0.0179173944743 0.154153400555 -11.904372151
000010 -0.011891941264 0.153887328267 -13.2423602476
000011 -0.00655769073173 0.172870718313 -14.5807699604
000012 -0.00137054393 0.203850079035 -15.9308459719
000013 0.0039657245724 0.267000015503 -17.2817739944
000014 0.0045172160349 0.328247032469 -18.6335265071
000015 -0.00468205097728 0.30653217584 -19.9861715132
000016 -0.00764656930781 0.281330422656 -21.3414271337
000017 0.0112285515594 0.275269848867 -22.706365706
000018 0.0373028524709 0.328376096801 -24.072330026
000019 0.0584071735134 0.506938027914 -25.4462374216
000020 0.0691597252919 0.533642810445 -26.8176974577
000021 0.0558241351136 0.519263346852 -28.1928621764
000022 0.056209384166 0.471521715091 -29.5694774772
000023 0.0688877339319 0.428509863875 -30.9502047441
000024 0.0970443048296 0.439928961244 -32.3358097416
000025 0.112822814205 0.394021943204 -33.7192007463
000026 0.113078490467 0.403848121404 -35.112526458
000027 0.112829291899 0.51393902925 -36.5086218969
000028 0.0981907431337 0.597590476542 -37.9058008248
000029 0.0979382639805 0.609207265214 -39.301669824
000030 0.103674921447 0.621395940244 -40.7045880544
000031 0.107026698193 0.669393164733 -42.1108912472
000032 0.0965524131184 0.704904162444 -43.5183036327
000033 0.0770012963129 0.71021144634 -44.9282743732
000034 0.0443811623585 0.70190502337 -46.3418364371
000035 -0.00210346361998 0.757880928703 -47.7571018435
000036 -0.0503996245443 0.822679550424 -49.1789857161
000037 -0.103438814009 0.858239714776 -50.6012195813
000038 -0.163675763864 0.860539948476 -52.0275094199
000039 -0.223716153819 0.948327107125 -53.4549732877
000040 -0.267260706458 1.02569897583 -54.8812536191
000041 -0.30417375628 1.04521616075 -56.3130680558
000042 -0.34153170895 1.0450652101 -57.742165055
000043 -0.349579022768 1.09253697731 -59.169763443
000044 -0.326783295999 1.15529120056 -60.5986475894
000045 -0.305524612306 1.21976348842 -62.0227072555
000046 -0.278864860273 1.22168555004 -63.4472954768
000047 -0.250820987272 1.19251633972 -64.8682590664
000048 -0.210585587213 1.1800789272 -66.2865578306
000049 -0.158623875144 1.20756771347 -67.7003037555
000050 -0.122750683126 1.32845091871 -69.111433705
000051 -0.0681712865602 1.44751146446 -70.5236646262
000052 -0.0129868159728 1.51460848866 -71.9325355241
000053 0.035258690084 1.51143208637 -73.3330854317
000054 0.0890081009705 1.50010439852 -74.7362585494
000055 0.146204503101 1.5106200772 -76.1384960984
000056 0.174902513328 1.54784383709 -77.5344145911
000057 0.189506364431 1.58703923683 -78.9281954393
000058 0.18507976444 1.53540480454 -80.3200975138
000059 0.16495465173 1.55159596698 -81.7057585097
000060 0.147111057267 1.59933190033 -83.0915404858
000061 0.108760764691 1.58188262741 -84.4788104179
000062 0.0547893414501 1.63720844372 -85.8601646677
000063 -0.0124049174926 1.72732952514 -87.2434336783
000064 -0.102232030196 1.84574499841 -88.6203283907
000065 -0.196688438975 1.93685759815 -89.9959613084
000066 -0.241525500595 1.97767243785 -91.3643074505
000067 -0.27080227014 1.94183307791 -92.7314861811
000068 -0.283222400635 1.91882128754 -94.0944702051
000069 -0.279273838683 1.90946891995 -95.4525155169
000070 -0.251933597997 1.86910622214 -96.8068981001
000071 -0.214773988749 1.82863695998 -98.1598163564
000072 -0.164577361607 1.86734238076 -99.5093257238
000073 -0.132514940126 2.02827335781 -100.851803904
000074 -0.103588454244 2.21536895639 -102.193541278
000075 -0.0841443920078 2.10786009745 -103.536788613
000076 -0.0599814240885 1.85856962153 -104.880605304
000077 -0.0577987667427 1.75422929571 -106.219020891
000078 -0.0246666563253 1.92173606499 -107.561130052
000079 0.0580165234883 2.1781882652 -108.897837879
000080 0.181763984499 2.28304171051 -110.234344646
000081 0.281269609202 2.15217489818 -111.569295497
000082 0.371100570711 1.91073301477 -112.90229176
000083 0.49982311358 1.68252524654 -114.229359464
000084 0.666659281434 1.67893455011 -115.560413393
000085 0.836388336812 1.9528704425 -116.888269162
000086 0.96468667561 2.26129039584 -118.216519829
000087 1.06305304224 2.36352574577 -119.547933296
000088 1.19577111424 2.30026799469 -120.891585187
000089 1.36625389292 2.28445804405 -122.254708492
000090 1.52199665375 2.27486754507 -123.609492741
000091 1.67896468544 2.17710579343 -124.969177385
000092 1.82999853799 2.13656974271 -126.321934625
000093 1.96914701536 2.14339887157 -127.675948133
000094 2.08538199692 2.27826260845 -129.029597644
000095 2.21500596985 2.51269776279 -130.381319692
000096 2.27323315305 2.55071221574 -131.728961646
000097 2.28900853628 2.63056244298 -133.081842562
000098 2.26715198106 2.73779042966 -134.432613751
000099 2.21689370622 2.72617552213 -135.787730636
000100 2.06480416284 2.74531242307 -137.136444221
000101 1.93536670737 2.91632902726 -138.487312716
000102 1.81095350485 2.99063641319 -139.838281199
000103 1.64571136977 3.01685817532 -141.19083464
000104 1.48217341268 2.98446088867 -142.543261843
000105 1.34731330832 2.94378674146 -143.893738966
000106 1.22085155672 2.71715334394 -145.247785697
000107 1.07860542084 2.53497984107 -146.596089031
000108 0.941229444312 2.98383884527 -147.942016526
000109 0.749051179418 3.15222182551 -149.289378413
000110 0.579776042173 2.82334955386 -150.64238067
000111 0.612459554062 2.24448043948 -151.996034564
000112 0.7489944092 2.00713895618 -153.344934387
000113 0.873574052812 2.03218064811 -154.691409327
000114 0.987457414477 2.54360555298 -156.032266726
000115 1.08663051123 3.07240966295 -157.372570479
000116 1.09564116686 3.20872643211 -158.719254824
000117 1.08965703087 3.29346072287 -160.064724193
000118 1.21722201416 3.38329059011 -161.41288781
000119 1.40583877511 3.35637289953 -162.762246771
000120 1.54034975617 2.99670146617 -164.119274861
000121 1.65462789771 2.8843894837 -165.471825015
000122 1.72047755319 3.13647309788 -166.825372616
000123 1.67652969155 3.13600704867 -168.187359819
000124 1.58372909233 2.75751530422 -169.555524933
000125 1.48681342234 2.29269203143 -170.923357944
000126 1.42056598581 2.08842350504 -172.291036531
000127 1.44816454882 2.26208537815 -173.65771008
000128 1.53238257884 2.72008782264 -175.027141797
000129 1.54466272496 3.08919769511 -176.400813322
000130 1.4055786101 3.33086515494 -177.774315925
000131 1.10245815444 3.31496759794 -179.152440432
000132 0.724463791879 2.59573461063 -180.547776557
000133 0.44326712001 1.79532199285 -181.938027269
000134 0.33045747945 1.64516493884 -183.328393284
000135 0.304471038065 1.91899521487 -184.72020738
000136 0.346794743715 2.50527478162 -186.108932511
000137 0.415905371372 2.93572673682 -187.502308476
000138 0.433550988438 3.11709667067 -188.901349341
000139 0.425856750219 3.29229276688 -190.303364571
000140 0.428917644268 3.40413218006 -191.709901455
000141 0.509402213031 3.43648060689 -193.118154912
000142 0.583722091718 3.65595858411 -194.53293052
000143 0.679541700558 4.0397537332 -195.945136745
000144 0.742142019564 4.08935877851 -197.366388991
000145 0.779922340399 3.29094437748 -198.80195893
000146 0.866607767959 2.221953516 -200.240336954
000147 1.10141712509 2.16213042032 -201.673602208
000148 1.38540006528 3.06081806354 -203.0984442
000149 1.54503587439 3.57499716397 -204.527070246
000150 1.44744014929 3.58655072392 -205.965925205
000151 1.2200163965 3.61719079325 -207.41520655
000152 0.998701768976 3.6206014281 -208.866329716
000153 0.894950763426 3.45920872411 -210.325230052
000154 0.875847263217 3.52242392969 -211.786560372
000155 0.853622672483 3.7635597791 -213.243498211
000156 0.812882028298 3.77022411531 -214.713100985
000157 0.732538711886 3.49843010367 -216.190732693
000158 0.694083957957 3.50185263202 -217.666347384
000159 0.601005170257 3.60538381462 -219.145846944
000160 0.533415544339 3.51472866319 -220.62532018
000161 0.494640401613 3.48531700541 -222.112541763
000162 0.418484294567 3.52404778769 -223.596652923
000163 0.344879646896 3.45823401239 -225.087766297
000164 0.284569178459 3.5069293856 -226.577707896
000165 0.262845313804 3.56543911345 -228.068426549
000166 0.292522737029 3.44279761919 -229.561592074
000167 0.332278263889 3.54338560841 -231.05466234
000168 0.38166949324 3.73950231284 -232.548605729
000169 0.379325045212 3.86731991531 -234.042688964
000170 0.360627745164 3.86096076633 -235.544574947
000171 0.412737553973 3.60044932632 -237.054760315
000172 0.536837896289 3.82002678649 -238.556926943
000173 0.690449289377 4.43223530624 -240.056942297
000174 0.816070510418 4.55615279988 -241.565708493
000175 0.934423558027 4.20297366102 -243.088335472
000176 1.07186827066 3.8992010007 -244.60804858
000177 1.14491868087 4.03634745715 -246.12704147
000178 1.16129934678 4.29375270548 -247.647695704
000179 1.08471393792 4.50312333824 -249.165298347
000180 1.02814792059 4.61494916019 -250.692243951
000181 1.03270844241 4.66511351622 -252.219447169
000182 1.080986909 4.69918898926 -253.751981537
000183 1.05044588977 4.72933756114 -255.283476642
000184 1.05991139652 4.83732733167 -256.816418312
000185 1.04049562617 5.09754865963 -258.350197677
000186 1.06706374707 5.38848968694 -259.883860716
000187 0.990335617284 5.21238589633 -261.423157607
000188 0.921883773886 4.86715501027 -262.968407073
000189 1.083070444 5.37381490032 -264.496742972
000190 1.21131088191 6.08131603496 -266.027507245
000191 1.25858138864 5.85840728262 -267.574049792
000192 1.34280976494 5.48621675279 -269.121862401
000193 1.5171215198 5.51015892279 -270.660692617
000194 1.80985164555 5.66004157697 -272.198056973
000195 2.07015657894 5.59644548745 -273.744805187
000196 2.33552428384 5.61597132607 -275.28538387
000197 2.56190211157 5.57378382937 -276.831576995
000198 2.8006450546 5.45277045144 -278.374280201
000199 3.06631220354 5.37683738699 -279.923913256
000200 3.30950517344 5.46081962476 -281.47105184
000201 3.52875606414 5.869578167 -283.015041419
000202 3.6359169245 6.02041955093 -284.561990175
000203 3.66060237689 5.38442519554 -286.120098404
000204 3.56663118576 4.68258343107 -287.688908698
000205 3.32617084151 4.63197270034 -289.247057529
000206 3.13245646762 4.85624998173 -290.802926896
000207 2.83906067804 4.70970406451 -292.367874366
000208 2.67710491468 4.66509014396 -293.933204383
000209 2.4733700356 4.85101565559 -295.501813017
000210 2.2282824305 4.97924646706 -297.073960967
000211 1.92288836886 5.23895208835 -298.650107933
000212 1.74933941625 5.74232913365 -300.229060798
000213 1.93943270863 5.94918603333 -301.808925125
000214 2.23275599895 5.82712585603 -303.401913847
000215 2.35576275935 5.71895833184 -305.000157498
000216 2.41728218759 5.48374603304 -306.603792333
000217 2.5190219976 4.91774549628 -308.216225804
000218 2.52842589568 4.65244983231 -309.828343929
000219 1.87394705279 4.4077802473 -311.451473146
000220 1.21061015957 4.57783647771 -313.064436858
000221 1.09096138558 5.60960324402 -314.672629753
000222 1.2663800112 6.68396330433 -316.278910367
000223 1.34697166544 6.99632035777 -317.901526534
000224 1.4481489567 6.6159267321 -319.538370949
000225 1.56750382858 6.66747989964 -321.167347599
000226 1.63564029391 6.84201470299 -322.795733091
000227 1.80062469131 6.82112006637 -324.421971149
000228 1.95364544135 6.66826950476 -326.053598232
000229 2.17445342414 6.46732630326 -327.686529793
000230 2.46341005806 7.09328850954 -329.29898384
000231 2.51586416824 7.49991111005 -330.917029136
000232 2.42273962534 7.04788138931 -332.546963282
000233 2.42713250481 7.12876713548 -334.166014113
000234 2.38115095177 6.71927096855 -335.788694937
000235 2.12993822152 5.30947769366 -337.423681757
000236 1.83146173481 5.72938331984 -339.030665658
000237 1.53859692654 6.93286994621 -340.618057148
000238 1.17069747373 8.07773583301 -342.212561798
000239 0.754416907783 7.679873642 -343.830126547
000240 0.132099706202 7.00421506382 -345.445548587
000241 -0.518762960481 7.5743490937 -347.03662044
000242 -0.854024485546 7.91225417559 -348.628803286
000243 -1.00384910326 7.61282018728 -350.233818026
000244 -1.06980258666 7.336407416 -351.834889118
000245 -1.07145853979 7.39201968823 -353.433001513
000246 -1.04985823503 7.37055421956 -355.025808453
000247 -1.05134832124 7.1976678997 -356.623040145
000248 -1.08929437669 7.00162807586 -358.218591539
000249 -1.05248741167 7.16756688968 -359.806897378
000250 -1.02201112151 6.84278007728 -361.405223178
000251 -0.984182428759 6.43709630601 -362.998766879
000252 -0.923966116891 7.01391435269 -364.586682936
000253 -0.947435189341 7.47675970919 -366.175363147
000254 -0.919908016016 7.25600932494 -367.777864904
000255 -0.777438414015 6.97308068093 -369.389940297
000256 -0.597543603263 7.47258711621 -370.969962515
000257 -0.403240047625 7.62693557834 -372.608085235
000258 -0.256168222763 7.57208979716 -374.220006038
000259 -0.155952663791 7.31136343854 -375.781815918
000260 -0.0423367312901 7.25258584963 -377.389837805
000261 0.0465580511869 7.26644146241 -378.995865753
000262 0.163937378435 7.34480149165 -380.609183536
000263 0.288200023975 7.656969992 -382.216795839
000264 0.390218861468 7.45899996903 -383.841960467
000265 0.495841011475 7.27008419689 -385.456550957
000266 0.624471228882 7.34410120719 -387.072312304
000267 0.720178469007 7.73578337691 -388.683101311
000268 0.869485606453 8.0498897955 -390.297318126
000269 1.02207687148 7.82244194248 -391.932217929
000270 1.12385122779 7.91544216 -393.552772861
