000000 -0.0 -0.0 -0.0
000001 0.0131734974794 0.0280573504068 -1.19901104556
000002 0.024536790869 0.0555021507601 -2.38423114619
000003 0.0342988753849 0.0827986275339 -3.57573828409
000004 0.0423972353515 0.109802299181 -4.76748243348
000005 0.0488462119358 0.136578906349 -5.96257574016
000006 0.0536066279833 0.162949618883 -7.15317956875
000007 0.056710661267 0.189059405543 -8.34594513009
000008 0.0581481969692 0.214829415052 -9.53745465702
000009 0.0579239894757 0.240288361958 -10.7291733427
000010 0.0560383397844 0.265427532937 -11.9208545277
000011 0.0524899679735 0.290256189383 -13.1131158651
000012 0.0477133735457 0.314957422778 -14.304862309
000013 0.0371788136495 0.337304022512 -15.4982493359
000014 0.03193077644 0.363031819552 -16.6893549484
000015 0.0229560056776 0.393391292374 -17.8828219762
000016 0.0152699819798 0.425174894178 -19.0783711535
000017 0.00354463880865 0.431592431204 -20.2724671575
000018 -0.00465582419398 0.433100811003 -21.4675743848
000019 -0.0201817599494 0.469946566271 -22.661640989
000020 -0.0348614559322 0.498088236968 -23.8558875062
000021 -0.0554622498733 0.504500971738 -25.0503248939
000022 -0.074542752042 0.53530701516 -26.2465967649
000023 -0.0923249645599 0.617446060461 -27.4440747517
000024 -0.116219281057 0.646202003431 -28.6394816043
000025 -0.138483728096 0.63049969742 -29.8316613919
000026 -0.167870662442 0.629785818113 -31.0319129259
000027 -0.190319204052 0.653386796215 -32.2360860683
000028 -0.211251629409 0.696507783405 -33.4241894292
000029 -0.232427284097 0.731465764523 -34.6187374935
000030 -0.249203521403 0.75890076479 -35.8166279428
000031 -0.269744711935 0.784286709961 -37.013541598
000032 -0.276875350884 0.829259399691 -38.2110243778
000033 -0.272219159068 0.902054740838 -39.4089300769
000034 -0.265231654736 0.967121335098 -40.605339476
000035 -0.261284732454 0.977064430723 -41.8023426197
000036 -0.254539586452 0.998056986032 -43.0000062541
000037 -0.230936874544 1.08742242402 -44.198641868
000038 -0.157218893298 1.25212821332 -45.3955198748
000039 -0.0749274310878 1.40347893245 -46.592697639
000040 0.00940609832839 1.58503687806 -47.7932036288
000041 0.0740849624198 1.71521376151 -48.9926329107
000042 0.150268934888 1.65463249808 -50.1942013968
000043 0.207391757097 1.56166477119 -51.3987558203
000044 0.25302887874 1.57686984136 -52.6000736236
000045 0.259155382419 1.57685962019 -53.8061477241
000046 0.223663232578 1.56266859471 -55.0113601459
000047 0.141523240176 1.58402482309 -56.2167928184
000048 0.0579454745493 1.69772968665 -57.4219577618
000049 0.00590122691672 1.74599434456 -58.6262094938
000050 -0.0399031765556 1.75663692124 -59.8326564689
000051 -0.0791873308329 1.7757491453 -61.0364191039
000052 -0.0854553427554 1.76834384569 -62.240974718
000053 -0.095161157749 1.73279008878 -63.4445576659
000054 -0.114631169341 1.81658890596 -64.643036063
000055 -0.12826236408 1.98648421728 -65.8417422956
000056 -0.144361471746 1.91659135952 -67.0418149088
000057 -0.145527412061 1.82565452881 -68.2385809407
000058 -0.14851513039 1.86167816158 -69.4326426157
000059 -0.141887970068 1.90456575294 -70.6232165271
000060 -0.125062792957 1.96349007464 -71.8123034409
000061 -0.0530475363669 2.05875775083 -72.9967559151
000062 0.0992738180995 2.13150280821 -74.1807457885
000063 0.298972029159 2.10661504986 -75.3597184658
000064 0.481855457417 1.71180898556 -76.5444556842
000065 0.670402706119 1.60607124237 -77.7213162903
000066 0.895175783479 1.93800500398 -78.8903679058
000067 1.15526760689 2.12311009462 -80.0566398199
000068 1.47946148704 1.97234185705 -81.2218029953
000069 1.76394635245 1.78985284507 -82.3853956968
000070 2.0455647344 1.49468374696 -83.5441071636
000071 2.32129452233 1.42781307004 -84.6980130425
000072 2.62940899542 1.61701008965 -85.8457595328
000073 2.95857284946 1.72661357174 -86.9878315512
000074 3.28106516792 1.55191954195 -88.1330187124
000075 3.57300642012 1.34787084999 -89.2753587231
000076 3.86439092377 1.33787600244 -90.4143839645
000077 4.12381893774 1.47029835491 -91.5550334012
000078 4.37822582866 1.61447548168 -92.6966851916
000079 4.63153400409 1.81030958331 -93.8378896135
000080 4.85956669908 1.94216405086 -94.9806268978
000081 5.07652670103 1.75589267469 -96.1271481306
000082 5.28793441991 1.42632006261 -97.2805321083
000083 5.48754251843 1.14002813272 -98.4339569647
000084 5.64589005705 1.05971065521 -99.595152499
000085 5.70519030809 1.1432022917 -100.767155906
000086 5.627946373 1.37031663325 -101.951138108
000087 5.48681194249 1.55748085189 -103.142041959
000088 5.27633269757 1.6500889969 -104.344495086
000089 5.01742559252 1.73631767989 -105.555335852
000090 4.68682416825 1.76031452825 -106.770872601
000091 4.28313122844 1.75552168833 -107.993873246
000092 3.85867369927 1.80040407142 -109.216932327
000093 3.4126608035 1.94969763189 -110.443229699
000094 2.93218668481 2.06639616713 -111.671484752
000095 2.43167673893 2.17552210066 -112.898584719
000096 1.88838615552 2.22240006951 -114.127508405
000097 1.32196711169 2.25001234734 -115.355822864
000098 0.746851535104 2.24362634403 -116.584882935
000099 0.201277865011 2.20237255071 -117.814063299
000100 -0.237498859703 2.19355547649 -119.043045452
000101 -0.493617988254 2.24386376842 -120.273418906
000102 -0.610938463555 2.23629525034 -121.503503962
000103 -0.744618665778 2.31079955092 -122.743035773
000104 -0.870155901289 2.4797135601 -123.980008801
000105 -0.962934545685 2.50255754202 -125.22067973
000106 -1.07501276315 2.73666972203 -126.461563143
000107 -1.15641966201 3.13215903562 -127.702321572
000108 -1.25211032779 3.22157893088 -128.949502159
000109 -1.31419954228 2.99601549218 -130.205054232
000110 -1.40606314177 3.11247109067 -131.457437918
000111 -1.54302303092 3.39457037822 -132.707472377
000112 -1.58116952653 3.67068954051 -133.96276377
000113 -1.62332539178 3.9460874057 -135.218562474
000114 -1.60072132392 3.70812406298 -136.489495485
000115 -1.60107588918 3.50221528742 -137.762434663
000116 -1.57466047736 3.52443253476 -139.030099434
000117 -1.53671239296 3.60885952515 -140.302826949
000118 -1.43915163354 3.88540546386 -141.572578056
000119 -1.34597484509 4.1596165307 -142.840646854
000120 -1.2606077322 4.07246944134 -144.117426944
000121 -1.19726390433 3.72047703847 -145.39917641
000122 -1.13120561337 3.44475374983 -146.676984469
000123 -1.08669243603 2.8655885593 -147.957441804
000124 -1.00601522537 2.37108530178 -149.233171274
000125 -0.976597848346 2.22886685837 -150.501524635
000126 -0.989168727433 2.31587432623 -151.764569551
000127 -0.981951900068 2.39485861083 -153.03260511
000128 -1.01943331068 2.60792391378 -154.292994188
000129 -1.05540030359 2.72064020566 -155.556408572
000130 -1.13730308103 2.7058115555 -156.8202625
000131 -1.23548704467 2.75725907801 -158.080117286
000132 -1.34214916827 2.95828846933 -159.340644192
000133 -1.44751872497 3.03405512127 -160.600469782
000134 -1.54304229968 2.90921615918 -161.862931888
000135 -1.67306983611 2.75449340605 -163.127079408
000136 -1.77207188746 2.7812711496 -164.390367447
000137 -1.87666944832 2.69597253314 -165.652940048
000138 -2.00778016111 2.52102492012 -166.917258321
000139 -2.11010497606 2.57217028825 -168.178134292
000140 -2.23249109302 2.8383402792 -169.437942928
000141 -2.35736892227 2.94469007954 -170.698542813
000142 -2.46642791113 3.021832178 -171.962435248
000143 -2.59027009361 3.10878324792 -173.223488844
000144 -2.69169846672 2.99956962865 -174.488695924
000145 -2.76858360342 2.90529041497 -175.750596088
000146 -2.84146159989 3.02229192668 -177.015724027
000147 -2.89907143373 2.88994409257 -178.280583178
000148 -2.90763862148 2.58184252998 -179.546098493
000149 -2.95337094314 2.67528101555 -180.806310525
000150 -3.01361444012 3.28873220506 -182.057592902
000151 -3.03972993554 4.26006385803 -183.30249124
000152 -3.07520126649 4.14664429008 -184.562112742
000153 -3.02774537046 3.59826523746 -185.824956492
000154 -3.0787350176 3.21039000805 -187.081278627
000155 -3.11088016213 3.2545383948 -188.327363222
000156 -3.09944302621 3.59271729155 -189.569112961
000157 -3.07343175216 4.00142773685 -190.807510745
000158 -2.95734494293 4.21688864439 -192.04455349
000159 -2.70159839516 4.15967399631 -193.284264035
000160 -2.43007757365 3.86489138544 -194.525685211
000161 -2.18662681772 3.6189904628 -195.760721363
000162 -1.92061685019 3.49271028635 -196.987162714
000163 -1.67948068316 3.6955560356 -198.203528516
000164 -1.40802302244 4.12843530548 -199.410653242
000165 -1.18076121047 4.24445269364 -200.618143699
000166 -0.962924288089 4.2378436139 -201.8216374
000167 -0.766066248809 4.32954961138 -203.01600593
000168 -0.542926940127 4.44787841818 -204.202663129
000169 -0.387300513911 4.40772945967 -205.383292707
000170 -0.204438607759 4.46025300277 -206.553459877
000171 -0.0860661589918 4.52410672369 -207.709655424
000172 -0.0429741159116 4.6751193964 -208.849750145
000173 -0.110140314347 4.99404899304 -209.972597054
000174 -0.255930942939 5.01474484385 -211.084502537
000175 -0.333286000334 4.83433610806 -212.186227929
000176 -0.424244635061 4.67075162056 -213.274550761
000177 -0.541967843435 4.655471974 -214.345622093
000178 -0.778134446557 4.69682322973 -215.403933763
000179 -1.11959996409 4.88431624866 -216.442500735
000180 -1.54375889796 5.22565901281 -217.469785461
000181 -2.02716766499 5.72148453884 -218.476378123
000182 -2.51733253256 5.77400683389 -219.474374961
000183 -3.1059988333 5.65637785769 -220.454273821
000184 -3.70892925232 5.688154958 -221.411141766
000185 -4.34411275058 5.85768385326 -222.337518059
000186 -5.009897017 5.8768829347 -223.244201584
000187 -5.69256551948 5.74671939454 -224.128664548
000188 -6.41545569716 5.66514068775 -224.986311878
000189 -7.12004480637 5.6343448508 -225.820097458
000190 -7.79704183443 5.4582282374 -226.632965702
000191 -8.34010313931 5.48993338187 -227.426886569
000192 -8.53081600936 5.54620960887 -228.213246022
000193 -8.48444958332 5.83463635011 -228.986094443
000194 -8.37247146244 6.04978303629 -229.743496831
000195 -8.30002263653 5.94408001124 -230.49118743
000196 -8.22430439641 5.51493555497 -231.236194825
000197 -8.02897415136 5.02919420049 -231.982605918
000198 -7.76534921315 4.73283153157 -232.721518844
000199 -7.42507326806 4.6380612756 -233.457194159
000200 -7.02806215462 4.60352076934 -234.188663365
000201 -6.59664158518 4.62576594717 -234.915533933
000202 -6.11694496849 4.63082105952 -235.639803305
000203 -5.62078677675 4.58713626818 -236.360148045
000204 -4.9421961245 4.66759926815 -237.077458899
000205 -4.17902137968 4.81938597883 -237.789473471
000206 -3.48998577865 4.95927878933 -238.494436024
000207 -2.77618112449 5.03261894899 -239.195099147
000208 -2.06855927424 4.98540166109 -239.891622272
000209 -1.37922863527 4.89621219465 -240.586300991
000210 -0.673594419874 4.69313983896 -241.282333105
000211 0.018246784486 4.55009630442 -241.979782898
000212 0.704007520855 4.78939051328 -242.670676368
000213 1.32570069024 4.97131524158 -243.36716528
000214 1.88830769923 4.94996275589 -244.067311028
000215 2.45182475657 4.67232244526 -244.772498683
000216 2.87852634682 4.05226534056 -245.487254939
000217 3.11901029629 3.68184889804 -246.20518683
000218 3.16636719256 3.48946497393 -246.929447101
000219 3.21323285243 3.4459763472 -247.657575082
000220 3.2553736344 3.41942677657 -248.391322526
000221 3.331421098 3.26525032474 -249.134674977
000222 3.39181541815 2.78023736084 -249.885968498
000223 3.49854108279 2.32946139462 -250.642088776
000224 3.58877125604 2.08831837616 -251.403987441
000225 3.7343474583 2.87884881379 -252.168554862
000226 3.88504475733 4.44644509888 -252.927849032
000227 4.09702511339 5.65505504434 -253.687880255
000228 4.58358622034 5.18040464744 -254.484725367
000229 5.59631081728 3.57559421554 -255.287253019
000230 6.60740089829 2.42889214739 -256.083222868
000231 7.42647006109 2.4886306695 -256.878339816
000232 8.26040855008 3.16318320101 -257.67418425
000233 9.01674113424 3.97439887782 -258.473181217
000234 9.7196636833 4.43457376578 -259.277555239
000235 10.5458864935 4.5968406116 -260.082240231
000236 11.2063498861 4.11915935294 -260.897820619
000237 11.8233614772 3.53220004125 -261.717088787
000238 12.5022633479 3.44496900635 -262.526540503
000239 13.2635395 3.98414235998 -263.325225783
000240 14.1264906589 4.5413552781 -264.114542003
000241 14.8564927923 4.58372108036 -264.914652256
000242 15.5626139668 4.40048094121 -265.721673047
000243 16.2570454591 4.3001806285 -266.526252948
000244 16.750110033 4.41941932235 -267.341253801
000245 16.9970937479 4.44391387724 -268.17449999
000246 17.155688558 4.44676001054 -269.013298014
000247 17.2938262877 4.48470218448 -269.85787691
000248 17.2874105679 4.61906733088 -270.710307366
000249 17.1392700364 4.81145959731 -271.573176531
000250 16.8383370605 4.62503405213 -272.451054629
000251 16.4084099672 4.40817593129 -273.334690729
000252 15.963405545 4.17393793282 -274.221944378
000253 15.5690351954 4.1750213967 -275.098476946
000254 15.1285680485 4.17279031137 -275.975405157
000255 14.5150330462 4.32072640608 -276.856689301
000256 13.7537761054 4.73881767581 -277.737826717
000257 12.6158727115 5.382497269 -278.626303361
000258 11.299272278 5.94852310343 -279.510919201
000259 9.97263608199 6.35212606221 -280.386645341
000260 8.64912809965 6.53238952518 -281.248133484
000261 7.37650789522 6.74253095546 -282.093416651
000262 6.06211099325 6.8162577428 -282.923971748
000263 4.89933800583 6.75011403853 -283.73283649
000264 3.77557357752 6.73845509002 -284.518071636
000265 2.689108255 6.77558015336 -285.279806482
000266 1.61264592676 6.83239647671 -286.017654491
000267 0.419199993615 6.63387955008 -286.73506817
000268 -0.995260735167 6.24554286765 -287.431867542
000269 -2.81041632538 5.71634154579 -288.098692047
000270 -5.16029587586 5.20454310878 -288.726991891
000271 -8.11690428646 4.91999796895 -289.302580068
000272 -11.979188207 4.83858449869 -289.799146093
000273 -16.7034364928 5.07888511542 -290.173501588
000274 -22.3933209239 5.24668626929 -290.391302996
000275 -28.8803946224 5.17474500793 -290.399042112
000276 -36.2097231515 5.08424789113 -290.156147076
000277 -44.2335127713 5.10117375854 -289.60726733
000278 -53.0632941766 5.32115913403 -288.656698017
000279 -62.8463392359 5.7924185919 -287.220665191
000280 -73.3347955685 6.24965953693 -285.245958641
000281 -84.2584081779 6.82804621524 -282.6972431
000282 -95.6153987107 7.34202473314 -279.555949015
000283 -107.254485653 7.80821862851 -275.756920308
000284 -119.141353086 8.27350730331 -271.311098438
000285 -131.406776105 8.56341896729 -266.065126179
000286 -143.948937866 8.88741349857 -259.92279776
000287 -156.634320162 9.3522090666 -252.938859385
000288 -169.402537863 9.83793854368 -245.020288312
000289 -182.032157691 9.73295758464 -236.200828545
000290 -194.572959681 9.9330272063 -226.426543042
000291 -206.976960545 10.8703305272 -215.484021534
000292 -219.366676891 12.6779066417 -203.200790082
000293 -231.499330654 13.892949982 -189.610001222
000294 -242.952218657 13.9836508133 -175.001360815
000295 -253.468790417 12.9261470245 -159.862397542
000296 -263.036429556 11.9388108435 -144.036334297
000297 -271.540913349 11.3904102074 -127.557435582
000298 -278.929126537 11.4011247473 -110.821654267
000299 -285.153209581 11.7209993005 -93.7714468953
000300 -290.350377927 11.7852423879 -76.4723507201
000301 -294.566576277 12.0010053509 -58.389690586
000302 -297.654629365 11.3592953511 -39.7030475321
000303 -299.587235485 11.1527971858 -20.6787144789
000304 -300.287204677 10.6921423488 -1.27011550857
000305 -299.620343058 10.1402225026 18.5247701232
000306 -297.693778434 9.30940002418 38.1885369516
000307 -294.394734506 8.80281417377 57.5646347866
000308 -289.899255247 8.33229381062 76.5516130446
000309 -284.276996608 7.79473942483 94.8100869598
000310 -277.535619062 7.36041706022 112.339793021
000311 -270.032109294 6.75355735277 128.796784811
000312 -261.801615855 6.10008215395 144.138491371
000313 -253.386522962 5.37144607538 157.888583651
000314 -245.036207861 4.40786187901 169.962048781
000315 -236.496934851 4.00028723711 180.978198254
000316 -227.145947103 4.26341748802 191.931146055
000317 -217.081152605 3.93749162299 202.530835719
000318 -206.88203934 3.30425261319 212.251113286
000319 -196.567475341 2.83348932104 221.084792935
000320 -186.260375104 3.12108392896 229.090433259
000321 -176.006248316 3.15757766307 236.294465936
000322 -165.727645679 3.49723919323 242.794904175
000323 -155.481769915 2.68233022673 248.677863547
000324 -144.779265409 1.78921182629 254.201898107
000325 -133.965157635 1.50518504845 259.209538519
000326 -122.899072869 1.20017081936 263.736750382
000327 -111.814741397 0.942351842491 267.72634433
000328 -100.976444188 -0.163219420057 271.076599418
000329 -90.3807686495 -0.739854576243 273.822724561
000330 -80.0351136537 -1.49782676172 276.051563813
000331 -70.2400768492 -0.900823440868 277.702540889
000332 -60.7951701798 -0.540947463159 278.909760282
000333 -51.8496752145 -1.05014295404 279.66562776
000334 -43.1487725322 -1.55827607179 280.060752736
000335 -34.9912342899 -1.80104222719 280.104064208
000336 -27.4858746141 -1.84469207649 279.819027798
000337 -20.4803560921 -2.66662496384 279.273806468
000338 -13.9277857456 -3.21295489389 278.504846901
000339 -8.22003226311 -3.31818709188 277.550821803
000340 -3.59199988984 -2.86656882941 276.460608127
000341 -0.118358524193 -2.71350780043 275.27388254
000342 2.06219517459 -3.21189854528 274.031945871
000343 3.12398262159 -3.77249438654 272.764723268
000344 3.22750973561 -3.32121267706 271.506374291
000345 2.69812781313 -2.93263182946 270.2344593
000346 2.03777489208 -3.14101361142 268.94099367
000347 1.33477014174 -3.37446920497 267.6324808
000348 0.301974369608 -3.50177913114 266.308877854
000349 -1.09518041185 -3.88095407993 264.967467541
000350 -2.60177793908 -4.40801546658 263.613798341
000351 -3.99909823662 -4.78750193554 262.255741478
000352 -5.30715989815 -4.81149221701 260.902321736
000353 -6.6483270666 -4.5650389753 259.533322539
000354 -8.06242909751 -4.32570808525 258.156638847
000355 -9.46545880111 -4.08982164374 256.76998166
000356 -10.8276565735 -4.68391956417 255.358149121
000357 -12.0681549543 -5.44110342371 253.936931449
000358 -13.2169515203 -5.36962422229 252.528732042
000359 -14.1617346611 -5.12021179839 251.131679669
000360 -14.9212989642 -4.92799929408 249.733798388
000361 -15.5660203687 -4.05010270349 248.357673843
000362 -16.1505237831 -3.39248296723 246.971088553
000363 -16.7350340184 -3.93542009834 245.555615895
000364 -17.2117732443 -4.45583023838 244.14473634
000365 -17.4257260333 -4.35343884751 242.756695155
000366 -17.4676915422 -4.399432723 241.378802364
000367 -17.4137168215 -4.37439842604 239.998732108
000368 -17.315318578 -3.9589485388 238.631936492
000369 -17.1227969521 -3.48594076753 237.268287266
000370 -16.8740647356 -3.56638834633 235.895128832
000371 -16.6887445835 -4.35217064096 234.501629334
000372 -16.4260489303 -4.55719467527 233.117017835
000373 -16.2335663914 -4.7228761323 231.725417821
000374 -16.0506868853 -4.66196762462 230.337380484
000375 -15.9115974487 -4.54473012929 228.944559244
000376 -15.8497035268 -4.22752294872 227.549558572
000377 -15.7941215498 -3.78781569541 226.148110951
000378 -15.7831970382 -3.88182030611 224.729895579
000379 -15.712377079 -4.08117707513 223.310405403
000380 -15.6881186549 -4.22615678569 221.885250983
000381 -15.6824104145 -4.38385519768 220.457243919
000382 -15.7293681674 -4.37569012481 219.023329415
000383 -15.6835194554 -3.99067794389 217.604624467
000384 -15.6721494115 -4.1802385405 216.164226879
000385 -15.6801219843 -4.49206618494 214.717130971
000386 -15.6663931847 -4.34162863296 213.278173855
000387 -15.6367833636 -3.73985638499 211.849614404
000388 -15.6537588417 -3.62886162277 210.40195568
000389 -15.6360084511 -3.87038487844 208.946079328
000390 -15.6153736693 -3.40170402146 207.50076454
000391 -15.5784393153 -3.62065039377 206.037789433
000392 -15.6376471273 -4.14284443089 204.558445532
000393 -15.6397480254 -4.05810351165 203.095322534
000394 -15.6250944122 -3.9945338667 201.633060535
000395 -15.5996589996 -3.75483675463 200.179095047
000396 -15.6941723175 -4.14059238436 198.69402673
000397 -15.8561134267 -4.66642984967 197.203683865
000398 -16.0531591678 -4.72602796423 195.723654718
000399 -16.2580232729 -4.66728652511 194.246730012
000400 -16.4098827723 -4.76328891536 192.774343405
000401 -16.5998955398 -4.63280067357 191.303604707
000402 -16.7470008384 -4.36420949963 189.843174657
000403 -16.8505221522 -4.26047867962 188.386542879
000404 -16.9443394909 -4.35326602231 186.926521838
000405 -17.087622806 -4.19398503766 185.473804838
000406 -17.1948165046 -4.34504300361 184.01508995
000407 -17.3293946553 -4.60736427215 182.554958405
000408 -17.5409996914 -4.71516787009 181.093550645
000409 -17.8871452772 -4.39865923498 179.635706256
000410 -18.2222836884 -4.19699098746 178.179811386
000411 -18.594484827 -4.41363548209 176.710165124
000412 -18.9505193603 -4.69032208706 175.250486549
000413 -19.3211343118 -4.4554551135 173.807215331
000414 -19.6633173263 -4.4091206582 172.376622497
000415 -20.0238069841 -4.63014784134 170.946721916
000416 -20.3901355797 -4.83683112894 169.531873231
000417 -20.7643150042 -5.00063368469 168.135478481
000418 -21.0412373454 -4.80057703984 166.784882647
000419 -21.3161848895 -4.75539964091 165.445183858
000420 -21.5098954831 -5.2292899166 164.121280198
000421 -21.5962490418 -5.18356892 162.850098337
000422 -21.5806178463 -4.83958328536 161.629203787
000423 -21.550634148 -4.71165951144 160.425493569
000424 -21.5193459854 -4.69648671905 159.245138051
000425 -21.4804524998 -4.6451007191 158.090430441
000426 -21.413891581 -4.77565549527 156.96121016
000427 -21.3210586135 -5.01446543334 155.855661531
000428 -21.2454998993 -5.14984461592 154.778958588
000429 -21.1629230959 -5.01064087216 153.741950951
000430 -21.0975812698 -4.80363108756 152.727437828
000431 -20.993349818 -4.61253112079 151.746091589
000432 -20.9188944987 -4.61965569129 150.778981944
000433 -20.8545492007 -4.73499394513 149.834434684
000434 -20.7795195832 -4.80334329343 148.919385983
000435 -20.7265882233 -4.80181388529 148.025488336
000436 -20.6240665408 -4.81985921214 147.160255647
000437 -20.519965164 -4.76086381825 146.313368574
000438 -20.4602685313 -4.37349288898 145.487921329
000439 -20.4256048143 -3.9683419721 144.672576045
000440 -20.359365765 -3.77907321765 143.86783436
000441 -20.3670459476 -3.82812992182 143.063061428
000442 -20.3219843782 -3.74782830844 142.288233517
000443 -20.2919560869 -3.42363533365 141.532863601
000444 -20.295330867 -3.3024226123 140.775531485
000445 -20.3515239261 -3.3795552212 140.014089655
000446 -20.4368148626 -3.48430459008 139.255612543
000447 -20.5088145896 -3.37628175345 138.513141506
000448 -20.5769257224 -3.19752985094 137.78545811
000449 -20.6303910137 -3.00894806647 137.067196922
000450 -20.6437926189 -2.68092116032 136.363480802
000451 -20.6828466408 -2.3470469 135.659204184
000452 -20.7664175041 -1.9982239311 134.950924482
000453 -20.819080673 -1.71888906124 134.246621197
000454 -20.8771913193 -1.54785105655 133.541405582
000455 -20.9353258833 -1.67027660545 132.834361766
000456 -20.9846904068 -1.96438073463 132.127388042
000457 -21.0301416911 -2.00358906142 131.430043021
000458 -21.067692815 -1.8194831243 130.74457733
000459 -21.0098220046 -1.27825611863 130.076720445
000460 -20.9473965352 -0.113690682851 129.408705673
000461 -20.9354199263 0.057344305243 128.712094587
000462 -20.847355065 -0.325285447194 128.01589107
000463 -20.7544517302 -0.795935806373 127.305013039
000464 -20.5515957369 -1.19838654852 126.601682697
000465 -20.3083465112 -1.34764033292 125.897451197
000466 -19.9372939276 -1.24778843524 125.205342375
000467 -19.47745146 -1.00913739878 124.51566385
000468 -19.0912299288 -1.06127914553 123.791176387
000469 -18.6809032883 -1.4925320379 123.046543934
000470 -18.2598970787 -2.09296805913 122.281417224
000471 -17.8591274098 -2.39435715787 121.499221538
000472 -17.4096759504 -2.43758018198 120.714644055
000473 -16.9588167953 -2.23643482366 119.915616686
000474 -16.4564737989 -1.90727111453 119.108811421
000475 -15.9979772422 -1.74343647808 118.273940146
000476 -15.5150715428 -1.76107163568 117.416911158
000477 -15.0600542044 -1.98358163563 116.535142362
000478 -14.5582673626 -2.22862975554 115.636655081
000479 -14.088325591 -2.15247881948 114.725066344
000480 -13.5710057375 -1.90036655723 113.80532823
000481 -13.0913627543 -1.50419446879 112.864005439
000482 -12.6455498813 -1.31578214233 111.894814049
000483 -12.3237432947 -1.33217949183 110.888402486
000484 -12.1107941229 -1.28456675537 109.853985865
000485 -11.9979547853 -1.01915493362 108.796311913
000486 -11.9482183948 -0.686389296409 107.713526293
000487 -11.9539231869 -0.309660009845 106.608942756
000488 -12.0268113782 -0.605880802168 105.466634035
000489 -12.0813388797 -1.29080661107 104.300605934
000490 -12.1301637863 -1.50439400226 103.124730214
000491 -12.1630066616 -1.26067886905 101.948703457
000492 -12.2336940271 -1.08230344612 100.746934493
000493 -12.2839718948 -1.1402732499 99.5269654368
000494 -12.3066359632 -1.05964574399 98.298293783
000495 -12.3690477627 -0.946707224506 97.0497835242
000496 -12.4929567993 -1.21015584563 95.7728239328
000497 -12.6552309021 -1.44701062177 94.4700599421
000498 -12.8228739021 -1.23757869117 93.1634795975
000499 -13.0473779893 -1.2283357282 91.8269563922
000500 -13.275582729 -1.1990131599 90.4761624549
000501 -13.5191464995 -0.270291152628 89.1251305543
000502 -13.7407921382 0.126242957497 87.7454265466
000503 -14.0027587448 -0.548254441968 86.3286957375
000504 -14.2468554661 -1.10580625 84.8958418174
000505 -14.4688007986 -1.14590365052 83.4603756216
000506 -14.6592003631 -0.972976901295 82.0239603155
000507 -14.8461059672 -0.873089489512 80.5631324819
000508 -15.0143807828 -0.87506621019 79.0879548183
000509 -15.1655862782 -0.836440172197 77.6024712427
000510 -15.3170708179 -0.93133823761 76.0999836632
000511 -15.4877145177 -1.09086238417 74.5882953815
000512 -15.6447545586 -1.29473389126 73.0743942889
000513 -15.7941555994 -1.52690475044 71.5612390163
000514 -15.917543399 -1.54984910304 70.058926067
000515 -16.002434144 -1.42737497116 68.5723533555
000516 -16.0826386155 -1.32245114495 67.084728921
000517 -16.1431537385 -1.30532925571 65.6009890863
000518 -16.1849741688 -1.34360759911 64.1180618663
000519 -16.2204350106 -1.28962628936 62.6434605111
000520 -16.2498744575 -1.08823368597 61.1744903688
000521 -16.2715920822 -1.10120817467 59.6960418004
000522 -16.2803399579 -1.31734716759 58.2172418059
000523 -16.2718597699 -1.44951986611 56.7463619571
000524 -16.2249595219 -1.39200114012 55.2961169121
000525 -16.1572674002 -1.15980720966 53.8651356119
000526 -16.0962521878 -0.963066069204 52.4262481842
000527 -16.0483302146 -0.895236534564 50.9829183667
000528 -16.0095206744 -0.952468185251 49.5373581954
000529 -15.9757342892 -1.03488590478 48.0886220289
000530 -15.9403206786 -1.17474423559 46.6434987804
000531 -15.9171611617 -1.16976419488 45.2001878038
000532 -15.904707837 -0.934822621301 43.7683742723
000533 -15.9101813693 -0.759162533459 42.3273586922
000534 -15.9255402902 -0.738497307186 40.8799535504
000535 -15.9373463222 -0.805167204816 39.4353562798
000536 -15.9474255387 -0.833478018314 37.9901805599
000537 -15.9603907805 -0.764976373879 36.5536866582
000538 -15.9699193704 -0.737399598675 35.118060685
000539 -15.9799535539 -0.692734626815 33.6839803671
000540 -15.9819067831 -0.614037402427 32.2607544462
000541 -15.9823217914 -0.547096879279 30.8419205336
000542 -15.9837242262 -0.519070813584 29.4163570465
000543 -15.9824767753 -0.504261737657 27.9972272938
000544 -15.9774085238 -0.435962145125 26.5875632779
000545 -15.9782471669 -0.429447970857 25.1747181143
000546 -15.978828247 -0.432622759872 23.7635818755
000547 -15.9775635268 -0.413629421573 22.3608756479
000548 -15.9753160682 -0.413061312322 20.9651088946
000549 -15.9738665739 -0.374507236426 19.5783735623
000550 -15.9752027943 -0.334035109141 18.1904761599
000551 -15.9728125063 -0.315662191794 16.8090152264
000552 -15.9719147013 -0.248993771255 15.4298508106
000553 -15.9697917122 -0.18863164564 14.0537945081
000554 -15.9584640779 -0.196007822936 12.6852618725
000555 -15.9458617118 -0.239266918523 11.3130319381
000556 -15.9350827024 -0.25810686472 9.946583618
000557 -15.9308473454 -0.222327409531 8.58031098539
000558 -15.9289805765 -0.145061602892 7.22045397347
000559 -15.929655827 -0.0480425558681 5.86579129189
000560 -15.928771433 0.0264406845788 4.5041233487
000561 -15.9254867477 0.0853919350519 3.14661955477
000562 -15.9199587245 0.108408410031 1.77987570503
000563 -15.9112011874 0.100290621178 0.407166997056
000564 -15.9026480475 0.101205205832 -0.96919237717
000565 -15.8944989764 0.11666490859 -2.3467614172
000566 -15.8878602239 0.1430386216 -3.72513821256
000567 -15.8811518271 0.160586243388 -5.10602578528
000568 -15.8747528878 0.189388023654 -6.49118275656
000569 -15.8660758652 0.193389538392 -7.88267434965
000570 -15.8534650012 0.189729429219 -9.28170595167
000571 -15.8409165513 0.206097199129 -10.6843841109
000572 -15.828250282 0.211635192456 -12.0838609459
000573 -15.8155131091 0.189499622835 -13.4871937306
000574 -15.8072505448 0.182113263678 -14.8901054944
000575 -15.8047044456 0.226322902767 -16.2929767176
000576 -15.7991648894 0.202376619516 -17.6964410352
000577 -15.7963360729 0.146077159665 -19.1018444029
000578 -15.7931719226 0.145991866373 -20.508968465
000579 -15.7930373868 0.234250777457 -21.9243223002
000580 -15.8011748679 0.324005781566 -23.3362161499
000581 -15.8125006563 0.362705841443 -24.7479102564
000582 -15.8175513254 0.393237381031 -26.1641436876
000583 -15.8106515165 0.360015367498 -27.5854111568
000584 -15.8045351316 0.381722311159 -29.0114808149
000585 -15.8119325665 0.53501449237 -30.4349263572
000586 -15.8264610291 0.619413128462 -31.8502136533
000587 -15.8558931606 0.644509762376 -33.2586873001
000588 -15.8776190692 0.723905136792 -34.6711795497
000589 -15.8865083323 0.824497458722 -36.0892835726
000590 -15.8921204955 0.898170744376 -37.5066479342
000591 -15.9016956418 0.982088292981 -38.9173867949
000592 -15.9121317917 1.10097538898 -40.327212791
000593 -15.912466503 1.2023023449 -41.7396074908
000594 -15.9166535297 1.13239811117 -43.1493457656
000595 -15.9343414527 0.970829342276 -44.5492541359
000596 -15.9418425472 0.967456718298 -45.9524619176
000597 -15.9385947901 1.13291955909 -47.3572418831
000598 -15.9339277523 1.19406781846 -48.7628579009
000599 -15.9242496963 1.16967938136 -50.1689425884
000600 -15.9236477414 1.17589897234 -51.5706055366
000601 -15.9150931309 1.2737265436 -52.9748897459
000602 -15.8803536441 1.18458041704 -54.3822927434
000603 -15.8326343348 1.12925465416 -55.7981750487
000604 -15.7642740863 1.22023882535 -57.2174206752
000605 -15.7185594844 1.26630086237 -58.6279875829
000606 -15.6644468997 1.21717839024 -60.0424581978
000607 -15.6169595961 1.22430222266 -61.4529811709
000608 -15.5570525619 1.30633377959 -62.8675493461
000609 -15.4959526733 1.35201108048 -64.2797382395
000610 -15.4382083617 1.38616688392 -65.6913668971
000611 -15.3873947008 1.41660310509 -67.0973285646
000612 -15.356509505 1.44942107015 -68.4952855587
000613 -15.3515379234 1.44843606503 -69.8918519159
000614 -15.3793965201 1.288155673 -71.2770737824
000615 -15.392396342 1.2774698706 -72.6588610268
000616 -15.421168448 1.42612484669 -74.0362255826
000617 -15.4664714452 1.61868566142 -75.4033640111
000618 -15.5376639919 1.85305458803 -76.7632106285
000619 -15.6262166239 1.86408593678 -78.1147216585
000620 -15.6798146777 1.60669301951 -79.4754580884
000621 -15.7071152979 1.38202006807 -80.8334235311
000622 -15.7020248288 1.50759010106 -82.1945356176
000623 -15.6805426892 1.93459218634 -83.5521047413
000624 -15.6732505998 2.20093556257 -84.9009915643
000625 -15.6597431314 2.22960377297 -86.2514882979
000626 -15.6270713092 2.12780180585 -87.6022886211
000627 -15.5506980421 1.98501231042 -88.9618782242
000628 -15.4634658793 1.90709822282 -90.3152660522
000629 -15.3597854818 1.99342805344 -91.662853352
000630 -15.2863110009 2.18038145395 -93.005504904
000631 -15.2120250275 2.09592141335 -94.3423334393
000632 -15.1524748635 2.01846192041 -95.6766532988
000633 -15.0741332305 2.17316596566 -97.0060375953
000634 -14.9927934576 2.33055652767 -98.3320281748
000635 -14.8860657936 2.31976628807 -99.6609807112
000636 -14.7972809205 2.39292529126 -100.978945436
000637 -14.7117849165 2.38423082351 -102.297479226
000638 -14.6372276724 2.40189481673 -103.60918652
000639 -14.5631136186 2.43179867637 -104.917787791
000640 -14.4905180246 2.39265286647 -106.221772883
000641 -14.4031600673 2.29858366988 -107.522026142
000642 -14.3568229394 2.16670501153 -108.820410318
000643 -14.2988022965 2.29801220335 -110.107886558
000644 -14.2821078391 2.66944204224 -111.384372161
000645 -14.2963360761 2.56284780114 -112.661034646
000646 -14.3229679223 2.45545245602 -113.931136
000647 -14.3104335332 2.5690165208 -115.200353771
000648 -14.3291956358 2.66731181277 -116.45881772
000649 -14.3632845843 2.81286765257 -117.708888879
000650 -14.3756321597 2.95247493931 -118.958312583
000651 -14.3824047405 2.91733326411 -120.207624405
000652 -14.3772369715 2.93932326027 -121.447962804
000653 -14.3479383863 2.94878857043 -122.681656655
000654 -14.2784039401 2.90520106865 -123.912613118
000655 -14.1093162416 2.97688649823 -125.144204963
000656 -13.941255781 3.12289261533 -126.364641658
000657 -13.7798693201 3.23656398283 -127.577103211
000658 -13.605945922 3.12900185254 -128.783272971
000659 -13.4551079997 2.9288834896 -129.978431026
000660 -13.3686268342 2.90857114106 -131.151180681
000661 -13.3514349306 3.21100760482 -132.298952126
000662 -13.3638788291 3.57027834401 -133.425891602
000663 -13.3454664752 3.73053721208 -134.541398837
000664 -13.3520322146 3.67431120566 -135.639267086
000665 -13.2954597666 3.82332961158 -136.720615318
000666 -13.278203746 4.28831670008 -137.768610691
000667 -13.0866892098 4.29195948509 -138.819562522
000668 -12.818505944 4.07338253629 -139.859807679
000669 -12.62178679 4.12836489436 -140.856676715
000670 -12.4566823681 4.25043852155 -141.822724867
000671 -12.3404410288 4.36390727367 -142.75483963
000672 -12.3888742105 4.41022276133 -143.645432425
000673 -12.6515491398 4.36506217508 -144.493028431
000674 -13.5014631832 4.28826096727 -145.252529024
000675 -15.1394256716 4.33318204779 -145.898043442
000676 -17.7214801034 4.43500730126 -146.385085514
000677 -20.9887610135 4.69791424214 -146.698834376
000678 -24.6856019019 5.25895901853 -146.828785095
000679 -28.8205918271 5.87593095011 -146.753064849
000680 -33.3344699987 6.11291529911 -146.456743767
000681 -38.5105461848 6.00888859433 -145.822657328
000682 -44.4332086101 5.7283964181 -144.759023923
000683 -50.8632200354 5.52424432024 -143.233573521
000684 -57.6666810546 5.51243015333 -141.187750452
000685 -64.9838271303 5.77515201429 -138.519362466
000686 -72.6853607759 6.03509530216 -135.137161816
000687 -80.6082452297 6.07631423473 -131.090608164
000688 -88.5484586525 6.21199917457 -126.373779079
000689 -96.411128882 6.35244262427 -120.941801483
000690 -104.162224156 6.6346421956 -114.817737608
000691 -111.675875651 6.78142817997 -107.998963788
000692 -118.98297323 7.05735834708 -100.288364458
000693 -125.879318942 7.17240077159 -91.9297658931
000694 -132.079124037 6.91578484234 -83.1651871769
000695 -137.583815909 6.5729304128 -74.1480307865
000696 -142.428981411 6.19828830371 -64.7915290671
000697 -146.548388745 6.16309933945 -55.1293777162
000698 -150.001508739 6.27130801423 -45.2448891966
000699 -152.74937616 6.09200539267 -35.206299199
000700 -154.756273962 5.81372569925 -25.0343231463
000701 -156.105584766 5.35477368459 -14.6155308417
000702 -156.677001384 5.27162441391 -4.06420779248
000703 -156.529105236 5.49734000831 6.57936751654
000704 -155.635367564 5.2045247006 17.2224242523
000705 -153.950819196 4.49327108973 27.7907927859
000706 -151.529072439 3.50383600103 38.3179285709
000707 -148.283300685 3.11491674805 48.6932018076
000708 -144.307678189 2.91631262478 58.8562580311
000709 -139.613180455 2.66752558288 68.672717465
000710 -134.207481759 2.22045784788 78.0505953432
000711 -128.187837579 1.68199266837 86.9980765804
000712 -121.612953745 1.01673933074 95.3156324129
000713 -114.697414241 0.623831670952 102.925174062
000714 -107.44863464 0.836665743492 109.850798444
000715 -99.9775317199 1.30434525098 116.025520472
000716 -92.2710431882 1.27577936023 121.604097383
000717 -84.2330374924 0.769652106741 126.62056102
000718 -75.709098517 0.0401462130308 131.23053893
000719 -66.8569865872 -0.209495634136 135.280719613
000720 -57.9453013845 -0.725734590209 138.61120672
000721 -49.5506523377 -1.14544410983 141.120376505
000722 -41.8279488943 -1.34626307094 142.856589735
000723 -34.9442339096 -1.39413434118 143.948407354
000724 -28.8601840545 -1.49344060741 144.511112081
000725 -23.528085505 -1.68986531831 144.681306958
000726 -18.6096720892 -1.97755598851 144.57976926
000727 -14.1528969249 -2.14468832328 144.244217903
000728 -10.2766727831 -2.19177533101 143.71653166
000729 -7.06072336587 -2.12458854434 143.034254301
000730 -4.76270428859 -1.98191094328 142.236180031
000731 -3.35626004524 -1.79297037434 141.361927981
000732 -2.80515052461 -1.79486504952 140.437814253
000733 -2.6726134256 -1.88895528903 139.480304843
000734 -2.54514688248 -2.04390995866 138.503381448
000735 -2.38460116885 -2.16030232818 137.506977976
000736 -2.15499959752 -2.12104798332 136.49759153
000737 -1.83804491469 -2.0244535774 135.472457266
000738 -1.57184402795 -2.12560081145 134.422420255
000739 -1.3278030171 -2.44663380461 133.349209795
000740 -1.08264256707 -2.57544100092 132.261723011
000741 -0.873254402215 -2.36691860167 131.162374342
000742 -0.713770963381 -2.12880443322 130.045857586
000743 -0.55402786423 -2.09429003973 128.907494917
000744 -0.454624120972 -2.07356996201 127.75236482
000745 -0.403661163892 -1.93843221502 126.586614483
000746 -0.411160822974 -1.81059246696 125.400063088
000747 -0.487549408472 -1.88335559732 124.195049791
000748 -0.601856276425 -1.92673154907 122.973902785
000749 -0.782462324775 -1.69486105541 121.744944505
000750 -1.01067425864 -1.23319458295 120.50578247
000751 -1.21858425647 -0.898629217556 119.246288999
000752 -1.33905978098 -0.823689055746 117.964566121
000753 -1.32557587269 -0.895288986061 116.670124107
000754 -1.20187364219 -0.892592618208 115.362181983
000755 -1.05736922028 -0.519562726232 114.046290306
000756 -0.779036594496 -0.348407471018 112.714662766
000757 -0.429543353231 -0.46664318836 111.361141535
000758 -0.141040485234 -0.644071634529 109.992610011
000759 0.0154699717608 -0.594113468443 108.61263673
000760 0.151208568184 -0.447475338166 107.220228028
000761 0.281397932049 -0.380033282697 105.810493359
000762 0.384166991327 -0.210465938633 104.386873424
000763 0.499004320216 -0.167912364305 102.950004149
000764 0.521992188355 -0.295736046084 101.495581715
000765 0.494083998353 -0.565214478939 100.022818216
000766 0.45316324617 -0.750983338103 98.5426928821
000767 0.426309175988 -0.957294308301 97.0373930675
000768 0.388511149367 -1.52726420377 95.5193342879
000769 0.372040288328 -2.03646404406 93.9957962486
000770 0.379294743917 -2.2754965549 92.4786879237
000771 0.389558605865 -2.43504218402 90.9646247166
000772 0.399752543501 -2.47319685761 89.4565966395
000773 0.431946384353 -2.2843679739 87.9578741464
000774 0.38720750777 -2.02937939304 86.4573472568
000775 0.310133051568 -1.98607293958 84.9583571457
000776 0.226689609319 -2.19001021275 83.4400277706
000777 0.169147623999 -2.14664881967 81.9357849624
000778 0.124607891948 -1.9738385866 80.4356679114
000779 0.0706321080002 -1.92603416126 78.9331265176
000780 0.0283051886201 -2.0680731315 77.4261183936
000781 -0.0246123705069 -2.20644087047 75.916475609
000782 -0.0282351505694 -2.29647488752 74.4106684245
000783 0.00119144564719 -2.20196762733 72.9172048454
000784 0.041474557477 -1.84624585596 71.4335008224
000785 0.0979869002074 -1.64051416792 69.9504927479
000786 0.129082266879 -1.74634730435 68.4538207605
000787 0.152299679728 -1.82345349431 66.9597556457
000788 0.177728503309 -1.61568227146 65.4822380116
000789 0.228043613682 -1.62227496848 63.9973397793
000790 0.266965224412 -1.80289423196 62.5119546301
000791 0.328744572775 -1.68496025804 61.0341080761
000792 0.404827673691 -1.39455303497 59.5705181483
000793 0.473421971747 -1.41405858498 58.0967076557
000794 0.545193012048 -1.67704585874 56.6122962586
000795 0.616898183018 -1.65037767146 55.1444403613
000796 0.664854426517 -1.55555224321 53.6831743787
000797 0.666931967673 -1.53784959103 52.2213692852
000798 0.675361457943 -1.51391288313 50.7628097591
000799 0.684307504354 -1.46230403194 49.3075230573
000800 0.679804778857 -1.39094992479 47.8551881037
000801 0.654372981405 -1.36476836228 46.4038813094
000802 0.62868099407 -1.33897771996 44.9544703773
000803 0.597188492588 -1.31005957761 43.5119793307
000804 0.560299406523 -1.35025933548 42.0637653973
000805 0.52170347108 -1.32003274828 40.6216532569
000806 0.495466433741 -1.235302697 39.1843116743
000807 0.461943572597 -1.12815767472 37.752405812
000808 0.429618186621 -1.07462198033 36.3189080094
000809 0.4019758501 -1.1263262108 34.8837890947
000810 0.368757588821 -1.15119717053 33.4510559923
000811 0.330901452055 -1.11032229198 32.0241216231
000812 0.291067044028 -1.02857600101 30.6042816733
000813 0.241579374245 -0.925072913719 29.1872588557
000814 0.202666379921 -0.922710058966 27.7703311387
000815 0.163835577039 -0.947716197509 26.3472172646
000816 0.122889546414 -0.796019761516 24.9434293025
000817 0.093187423857 -0.62991895478 23.543357043
000818 0.0661676507888 -0.548764757056 22.141209962
000819 0.0444043851333 -0.490655995087 20.7403209464
000820 0.0271623727207 -0.460291744824 19.3424047387
000821 0.0194479802052 -0.460404170344 17.9445839463
000822 0.0108781739613 -0.465122002266 16.5502016436
000823 0.0050488513078 -0.438449004464 15.1659523616
000824 0.00825603582022 -0.377207941127 13.7832142837
000825 0.014318342327 -0.337675566666 12.4046640983
000826 0.0281607236788 -0.320254686245 11.0277645188
000827 0.040852996269 -0.297567245481 9.65478217789
000828 0.0547707030373 -0.270452039269 8.2849940989
000829 0.062772962267 -0.249010277109 6.91358258114
000830 0.0689560107708 -0.206693126962 5.54779670214
000831 0.0690687797752 -0.170750775979 4.18327505875
000832 0.0709312758025 -0.137965465395 2.81844586757
000833 0.0724703079889 -0.108751459691 1.45600272405
000834 0.0744126445594 -0.0773959275102 0.090131187669
000835 0.0765885772654 -0.0486554480937 -1.27010082186
000836 0.0767461529163 -0.0180464512775 -2.62987348534
000837 0.0762756125732 0.0121751055482 -3.98907159084
000838 0.0755110826121 0.0416902397351 -5.34529780892
000839 0.0736583782133 0.0705429629687 -6.70580510818
000840 0.0719960066617 0.0961854978292 -8.06145672315
000841 0.0716411688362 0.13509383682 -9.41755076053
000842 0.0749293638721 0.178386644242 -10.7726788174
000843 0.0757313508466 0.20639937779 -12.1249732304
000844 0.0776254574839 0.226110529641 -13.4794389333
000845 0.0776305514945 0.257952013551 -14.8325630649
000846 0.0748114692705 0.290517206559 -16.1832903951
000847 0.0718990397123 0.333895633104 -17.5358045812
000848 0.0749596471375 0.374977803148 -18.8852236199
000849 0.073098184343 0.398650329635 -20.2357629558
000850 0.0695252656356 0.407843911064 -21.5831792931
000851 0.059927321478 0.449614203117 -22.9295109935
000852 0.0515227381215 0.486441024829 -24.2761253249
000853 0.0378890954032 0.508531025823 -25.616921792
000854 0.0249533820419 0.578975515925 -26.9576359174
000855 0.0183626786573 0.649593934583 -28.2950149942
000856 0.0221961585916 0.659917260998 -29.6263431033
000857 0.0317774929243 0.659017054546 -30.9541719858
000858 0.0428126957295 0.680545239843 -32.2860517507
000859 0.058471336919 0.729444562556 -33.6097739577
000860 0.0749531087574 0.782883215524 -34.9297298405
000861 0.0878013688263 0.809207248056 -36.2463231522
000862 0.0956536866117 0.846449741857 -37.5578019213
000863 0.100817274368 0.910518926055 -38.8686057357
000864 0.0855002917493 0.98640370219 -40.1748249331
000865 0.0445382393585 1.0308595352 -41.480968994
000866 -0.00520994363244 1.05089788529 -42.7795789551
000867 -0.0475057785219 1.12952840522 -44.0760097658
000868 -0.077804917895 1.30706584818 -45.3691232917
000869 -0.105759179064 1.50759011478 -46.6607672657
000870 -0.1417842095 1.69397326297 -47.9463089223
000871 -0.192659338659 1.80300078723 -49.2315471963
000872 -0.23303769858 1.72180902581 -50.5133523698
000873 -0.278906455123 1.65068590335 -51.7991533534
000874 -0.333381873301 1.64154329911 -53.0768443688
000875 -0.391773149335 1.67218999903 -54.3501367795
000876 -0.444013103157 1.62885813333 -55.620572867
000877 -0.502638038826 1.70852656239 -56.890760413
000878 -0.558766759464 1.78026056123 -58.1583668574
000879 -0.603054558825 1.8009591081 -59.4215597325
000880 -0.638949615006 1.80366514687 -60.6827056526
000881 -0.667869389497 1.81577805261 -61.937753588
000882 -0.707892757545 1.78394976378 -63.1973378194
000883 -0.759832107507 1.81910680697 -64.4477922444
000884 -0.807083515068 1.95602943635 -65.6960973447
000885 -0.838872798547 1.92872490471 -66.9411932308
000886 -0.856375067312 1.83154619259 -68.182545793
000887 -0.856759962061 1.88264349281 -69.4239895172
000888 -0.833619289085 1.91470248067 -70.6602302928
000889 -0.7593836337 1.96426889836 -71.8923589619
000890 -0.619644615275 2.12392819525 -73.1171440231
000891 -0.495468980258 2.2564464796 -74.3290799167
000892 -0.384637118147 2.26710587443 -75.5328417919
000893 -0.253660486965 1.93045991634 -76.72259089
000894 -0.0845459244098 1.99609272405 -77.8862025027
000895 0.131403105729 2.44492755167 -79.0246435283
000896 0.369258071872 2.51235678564 -80.1450630509
000897 0.668482754408 2.25747138283 -81.2590836585
000898 0.913392398426 1.86465907036 -82.3662495622
000899 1.1510310061 1.41326755824 -83.4676623663
000900 1.35342490444 1.26542898397 -84.5629111026
000901 1.49797535516 1.47978837 -85.6550741438
000902 1.60052548845 1.71335106052 -86.7451698037
000903 1.68842732593 1.65569865587 -87.8304421128
000904 1.76786636042 1.4715954613 -88.9151512508
000905 1.84766628324 1.42133488043 -89.993719546
000906 1.89547171294 1.63126087981 -91.0671985559
000907 1.89074775861 1.80305794418 -92.1384507526
000908 1.85618117466 1.89749345821 -93.2066928409
000909 1.72411238524 2.00888910496 -94.2708192042
000910 1.44193677781 2.04122866433 -95.337801084
000911 1.09051335894 1.86212246879 -96.4003231778
000912 0.732514684953 1.54128895005 -97.4632706866
000913 0.365547014889 1.177566253 -98.5267419687
000914 -0.0711298460047 1.08516450584 -99.5910340766
000915 -0.591121805745 1.22827278568 -100.654573947
000916 -1.22826582759 1.4202295055 -101.720966339
000917 -1.93549688809 1.56027739799 -102.786041565
000918 -2.68983741267 1.61414959214 -103.850348757
000919 -3.34037827533 1.74940422694 -104.919314788
000920 -3.79301971808 1.90537107787 -105.996717662
000921 -3.94204020673 1.8761972561 -107.091128321
000922 -3.76332824483 1.78176757448 -108.204976405
000923 -3.31017903845 1.6799537943 -109.333281406
000924 -2.69911249029 1.75640746689 -110.470751779
000925 -1.96599713602 1.94159034898 -111.610513386
000926 -1.07268588141 2.02647816348 -112.75717384
000927 -0.0214969269801 1.95423806405 -113.90161998
000928 1.10290342589 1.86866203627 -115.043322897
000929 2.18002622232 1.86409640372 -116.180891788
000930 3.28750742094 1.78368626986 -117.319128356
000931 4.38932191498 1.70701786255 -118.451017895
000932 5.36818956986 1.76370914939 -119.587033466
000933 6.2096279729 1.91664894562 -120.727130133
000934 6.92510068421 2.05191668786 -121.877559336
000935 7.57142616827 2.16626760738 -123.041042004
000936 8.14722686719 2.28836477803 -124.212008462
000937 8.62243198301 2.37162848893 -125.398473217
000938 9.0040066774 2.57584071865 -126.5961873
000939 9.19022955607 2.65122265016 -127.817189572
000940 9.21129803944 2.04926541014 -129.072990654
000941 9.09069828997 1.9127183359 -130.340866831
000942 8.8059654518 2.34274733856 -131.625307199
000943 8.36191302247 2.5045027845 -132.931819812
000944 7.70530294146 2.8141232371 -134.259336055
000945 6.85686721351 2.90037389398 -135.605020262
000946 5.93960507692 2.68149241705 -136.961906941
000947 5.04221662482 2.70697330174 -138.323617906
000948 4.16067116362 2.85711855101 -139.68579924
000949 3.37919056599 3.04122483809 -141.045765977
000950 2.63132506095 3.35305407859 -142.415330231
000951 1.8686294048 3.25643585653 -143.796326641
000952 1.11927747505 2.844463145 -145.186614491
000953 0.412799150102 2.56942993314 -146.579152621
000954 -0.137746326567 1.94831817661 -147.977573822
000955 -0.473842154504 1.42372227143 -149.387520981
000956 -0.712030131999 1.32533006401 -150.800847985
000957 -0.96009524854 1.4417835378 -152.221628365
000958 -1.17960072091 1.64067503837 -153.646745767
000959 -1.41327808968 1.9333531239 -155.077876687
000960 -1.64072648862 2.15652584593 -156.516140748
000961 -1.91134988532 2.39437067493 -157.951219951
000962 -2.1894855219 2.77242929374 -159.385017902
000963 -2.48721426269 3.01904767141 -160.817105349
000964 -2.77047321987 2.92717090177 -162.254851828
000965 -2.97845640087 2.79624160443 -163.691889206
000966 -3.10260378777 2.73559688306 -165.12759099
000967 -3.14224916764 2.47162190462 -166.568062809
000968 -3.11758087236 2.45220986423 -168.003373808
000969 -3.06143462927 2.83031366323 -169.439843885
000970 -2.98911534677 3.10769241076 -170.870462854
000971 -2.88183025205 3.2322599703 -172.302861619
000972 -2.74058587435 3.30242462846 -173.73219308
000973 -2.56567267395 3.18304649444 -175.160203437
000974 -2.36709299634 3.17000729054 -176.58832803
000975 -2.11275701941 3.0315098328 -178.013220919
000976 -1.8664070599 2.7597921124 -179.435110419
000977 -1.61363101335 2.82290103056 -180.850907067
000978 -1.37682359528 3.33223342516 -182.256649202
000979 -1.09615276516 4.15082577021 -183.653217861
000980 -0.807902453613 4.01262269772 -185.059325192
000981 -0.506187538396 3.5039397267 -186.465386159
000982 -0.283162139977 3.27793385362 -187.86347858
000983 -0.0431123338092 3.30066770131 -189.257397643
000984 0.0969310033871 3.73202081065 -190.642702168
000985 0.154335242847 4.11781382419 -192.02163013
000986 0.15692189784 4.04358531432 -193.404102093
000987 0.112676238525 3.74381994528 -194.78640271
000988 0.052884987029 3.48040067461 -196.166467531
000989 0.0155281291096 3.38386604629 -197.54083157
000990 -0.0111447308587 3.6716719897 -198.903131076
000991 -0.0490567164491 4.0018286667 -200.26258408
000992 -0.09396772738 4.08914531013 -201.617808063
000993 -0.119855438141 4.20394622663 -202.974943915
000994 -0.107991087863 4.24095938759 -204.327721114
000995 -0.149652477558 4.14847283316 -205.676583471
000996 -0.188085983111 4.09414794435 -207.021637395
000997 -0.215666995381 3.96840724146 -208.363139117
000998 -0.233752796567 4.15454521533 -209.700371045
000999 -0.28512771879 4.33471536048 -211.031693025
001000 -0.344677274839 4.30101678743 -212.358382477
001001 -0.472793770462 4.36661649815 -213.673777392
001002 -0.675756013152 4.69342900318 -214.966937458
001003 -1.01018453994 5.1681336803 -216.236657525
001004 -1.3447173456 5.69298083427 -217.481910738
001005 -1.66607395603 6.26515690727 -218.70030242
001006 -1.99234936789 6.31159745633 -219.905414556
001007 -2.31983774351 6.12595284845 -221.086274947
001008 -2.82567980781 6.2589088553 -222.234161233
001009 -3.57292839781 6.2389478494 -223.350659173
001010 -4.41550180247 6.16464843536 -224.433070866
001011 -5.21489014868 6.12566192949 -225.480316346
001012 -5.86882310071 6.07867813079 -226.503126724
001013 -6.36734855211 6.16332214313 -227.488755101
001014 -6.68597473357 6.47811361292 -228.44295258
001015 -7.00688274504 6.93180644841 -229.359753672
001016 -7.33637618347 7.07012919822 -230.248746948
001017 -7.73609334641 7.0615635669 -231.109565519
001018 -8.18474175349 6.98883911055 -231.937232766
001019 -8.60393475655 6.63669556281 -232.74083367
001020 -8.75559346535 6.06877128158 -233.537690346
001021 -8.47224066259 5.14965377771 -234.344704382
001022 -7.61471644508 4.38001540282 -235.164182673
001023 -6.47039147047 4.16304449294 -235.975082823
001024 -5.46628817613 4.35741167142 -236.767984229
001025 -4.49540829455 4.65479768719 -237.552056755
001026 -3.47201905749 4.92774863251 -238.326487199
001027 -2.38528076183 5.01608492503 -239.102263888
001028 -1.29835416663 4.99789766208 -239.868675754
001029 -0.291196864501 5.00423917197 -240.626765005
001030 0.626848416678 5.11211586984 -241.375638157
001031 1.49256444208 5.38072180845 -242.114178873
001032 2.25821694304 5.72346432413 -242.846257819
001033 2.73094235102 5.85294026706 -243.581413029
001034 3.00781836317 5.61626773622 -244.321197462
001035 3.2132565998 4.97394268571 -245.069731919
001036 3.40635211837 4.05532490655 -245.825569865
001037 3.52394247163 3.52357689692 -246.57828818
001038 3.42452570411 3.50953378414 -247.333619202
001039 3.29616498933 3.62116673144 -248.090697835
001040 3.13821684541 3.69716700387 -248.852551326
001041 3.00574221273 3.33682630078 -249.62582825
001042 3.11061833153 2.73646036804 -250.399570693
001043 3.32052397701 2.29166284021 -251.174621257
001044 3.63007255201 2.84421754364 -251.947007664
001045 3.84939806842 4.35383382373 -252.712590008
001046 4.2015441729 5.88913561898 -253.473531013
001047 4.69274063729 5.83712661483 -254.261368266
001048 5.49444956553 4.31601976892 -255.071290081
001049 6.29270917403 3.08149038726 -255.872104734
001050 6.88330170728 2.89508417018 -256.666296656
001051 7.47820369912 3.32288301537 -257.464101986
001052 8.01744098215 3.9838099258 -258.261246547
001053 8.47846974619 4.31643673266 -259.069489
001054 9.00665925603 4.14891412745 -259.886293709
001055 9.4975052855 3.57027464278 -260.714493126
001056 9.86579771351 2.7194941251 -261.555926432
001057 10.2748841964 2.20981102686 -262.398655868
001058 10.7957607114 2.63491934873 -263.241604141
001059 11.3631662035 3.19956924108 -264.087301895
001060 11.7402107619 3.33759831056 -264.954371187
001061 11.8700869581 3.23005033534 -265.843153403
001062 11.899657687 3.17478327864 -266.744564472
001063 11.919815926 3.45375486873 -267.650083089
001064 12.0042208956 3.52170247602 -268.564356776
001065 12.0298017597 3.68012571791 -269.486655137
001066 11.9787233719 3.93975892841 -270.418108356
001067 11.8964745444 4.45108599729 -271.349365475
001068 11.6567152481 4.64973443681 -272.295162226
001069 11.1989711837 4.60293215498 -273.251702635
001070 10.5731566157 4.34261091152 -274.217521221
001071 9.85394944623 4.16968767833 -275.183065747
001072 9.11570783898 4.15364166939 -276.143165418
001073 8.3546281464 4.3334618403 -277.099027739
001074 7.65165234708 4.74433866376 -278.045638225
001075 6.96260904842 5.32961685478 -278.987034607
001076 6.34542611653 5.73418719251 -279.921674962
001077 5.76017904044 5.95967409141 -280.854746626
001078 5.2362703682 6.05827397414 -281.785145213
001079 4.7916317054 6.04569129467 -282.712662093
001080 4.38947077978 5.93144873721 -283.637539587
001081 3.97913672928 5.87873182048 -284.556382041
001082 3.56265690356 6.11999189266 -285.456441403
001083 3.21037002329 6.45060266426 -286.336884911
001084 2.93373064698 6.35905525088 -287.203035459
001085 2.7666114495 5.76442703627 -288.061468773
001086 2.69685063616 4.91449330734 -288.908677536
001087 2.68800852148 4.29009680725 -289.745554466
001088 2.78686751482 4.13570211211 -290.572038051
001089 2.93277579955 3.99416744599 -291.397117336
001090 3.19967485143 3.78469069172 -292.217534652
001091 3.64740730369 3.52155169875 -293.030773001
001092 4.10773291437 3.45855265125 -293.837754016
001093 4.4623656469 3.82857652327 -294.636185964
001094 4.72390558116 4.42449674388 -295.43280074
001095 4.68344114214 5.08987320025 -296.226569694
001096 4.30702043462 5.72111404325 -297.020490297
001097 3.85540117467 6.214605395 -297.814663528
001098 3.41605467495 6.46241174202 -298.611228415
001099 2.99057237555 6.80787343362 -299.406844056
001100 2.40960221052 6.97285324126 -300.209256663
