000000 -0.0 -0.0 -0.0
000001 0.00401152814687 0.00203232956855 -0.0915695717538
000002 0.00751560585358 0.00440717644217 -0.185853884846
000003 0.0115876883955 0.0067613470724 -0.283774827419
000004 0.0169552507477 0.00606767686875 -0.388007428873
000005 0.0219414179415 0.0055783987547 -0.502501863523
000006 0.0254191995673 0.00531208581844 -0.630312813604
000007 0.0280965401551 0.00563902881455 -0.770911655552
000008 0.0262686904188 0.00623686752526 -0.925290574223
000009 0.0221793396237 0.00701088983182 -1.09094875147
000010 0.01529467044 0.0100520407734 -1.26445640902
000011 0.00760266518346 0.0141010137682 -1.44457627082
000012 -0.0021780385623 0.0187014988401 -1.63095060708
000013 -0.0185479893671 0.0240731411929 -1.82500638156
000014 -0.0460578134747 0.0252402831484 -2.02659772379
000015 -0.0798001017762 0.0269556154258 -2.2338332458
000016 -0.119696736248 0.0306158814423 -2.44593315133
000017 -0.173576419413 0.0333910462489 -2.66074424955
000018 -0.232480306538 0.034174650277 -2.87412308963
000019 -0.294595925095 0.0300055491858 -3.09166047552
000020 -0.374972861966 0.0248111383988 -3.30933073127
000021 -0.476565924524 0.0164201171518 -3.52540929555
000022 -0.596389902266 0.0135386052016 -3.74120925828
000023 -0.727141824884 0.023888554922 -3.95684470201
000024 -0.869437893919 0.0392481199914 -4.17227957581
000025 -1.03306208388 0.0439388236078 -4.38295701823
000026 -1.22158175699 0.0451458634445 -4.59008403521
000027 -1.43909337388 0.0537877762114 -4.79260553483
000028 -1.67026798471 0.0615833070125 -4.99201198083
000029 -1.90705387846 0.0757609686892 -5.18789499484
000030 -2.16081409283 0.0930645751385 -5.3795485079
000031 -2.43181852565 0.104611307484 -5.56213538164
000032 -2.71112102324 0.117022390353 -5.73902184108
000033 -3.00005282287 0.131796752216 -5.91527364147
000034 -3.29740212245 0.142291361885 -6.08775772785
000035 -3.59970226967 0.174565909142 -6.26475690563
000036 -3.90632255038 0.212514025975 -6.44350855275
000037 -4.20108334289 0.231404536263 -6.63186650036
000038 -4.47561631585 0.22675622017 -6.84018168787
000039 -4.72984719155 0.213643295996 -7.07551950462
000040 -4.96572615084 0.192878855298 -7.33837317503
000041 -5.19111044723 0.176716938648 -7.62555888411
000042 -5.4106832868 0.162464801251 -7.93423256483
000043 -5.60136326634 0.146826657826 -8.28112816732
000044 -5.75930597999 0.124001265354 -8.6704583092
000045 -5.88981309808 0.111750052881 -9.10418786647
000046 -6.00180581365 0.123574943045 -9.5699873007
000047 -6.08834024328 0.142030005121 -10.069268153
000048 -6.14814829322 0.157594193829 -10.6044929989
000049 -6.19410921614 0.172877386946 -11.1661320605
000050 -6.21514793507 0.19153579176 -11.7631001092
000051 -6.2084756972 0.232756821879 -12.3899658217
000052 -6.18870438615 0.278078901964 -13.0377339981
000053 -6.16072496077 0.284533380083 -13.7045274783
000054 -6.13298472945 0.245353380201 -14.3811721286
000055 -6.11367923204 0.24524853559 -15.0726514336
000056 -6.0900764671 0.287735966521 -15.7820866701
000057 -6.05876500922 0.349005552996 -16.5095463394
000058 -6.0271024815 0.411680449526 -17.2511482672
000059 -5.99453168955 0.395727152053 -18.0045644198
000060 -5.95801113459 0.338686239044 -18.7730034475
000061 -5.92599881471 0.322299823004 -19.5501763274
000062 -5.89879766479 0.388110602029 -20.3462513387
000063 -5.87937384139 0.455396569247 -21.1458523556
000064 -5.85212523953 0.522389653011 -21.9549413086
000065 -5.83663906317 0.444925114885 -22.7636990212
000066 -5.82863943049 0.291132627584 -23.5769128307
000067 -5.83482598175 0.198644233271 -24.4002126629
000068 -5.8519140477 0.19951531802 -25.2290784702
000069 -5.84545191256 0.428851233555 -26.0729692062
000070 -5.85125976827 0.622196524415 -26.9167377801
000071 -5.85340914772 0.792944543321 -27.7596256088
000072 -5.85624908207 0.830344326031 -28.6051232489
000073 -5.8625899646 0.751857775805 -29.4482705406
000074 -5.87299315545 0.668535628086 -30.2881914095
000075 -5.86760458485 0.713169693335 -31.1326970171
000076 -5.85730641229 0.815846169979 -31.9735696717
000077 -5.85185460029 0.79657511333 -32.818521032
000078 -5.83417076342 0.638617935121 -33.6589659827
000079 -5.81874891356 0.491809059282 -34.5006573909
000080 -5.80209887775 0.526154811358 -35.3421160291
000081 -5.77568689269 0.651795979667 -36.1843098533
000082 -5.75857097291 0.838366442235 -37.0264749179
000083 -5.73445926795 1.06648055126 -37.8684524835
000084 -5.73881639377 1.23928991862 -38.700112246
000085 -5.72782937182 1.23898924289 -39.5374658308
000086 -5.71923912104 1.11599686388 -40.3754886056
000087 -5.69995452717 0.941467505656 -41.2121174294
000088 -5.67466829244 0.833025583262 -42.0471391427
000089 -5.68580989999 0.746544969517 -42.8759357724
000090 -5.71352962571 0.700906350677 -43.6995307259
000091 -5.77420443783 0.575720804379 -44.520068222
000092 -5.81101419377 0.500514575271 -45.3416044845
000093 -5.88602724274 0.666301466706 -46.1549478037
000094 -5.9698898887 1.0032001023 -46.9654491863
000095 -6.05695459913 1.22084969637 -47.7685723425
000096 -6.14206672186 1.18889587277 -48.5719095553
000097 -6.18211251996 1.04255886749 -49.3757803886
000098 -6.23414828153 0.845360286816 -50.1731798945
000099 -6.27760174247 0.765762833547 -50.9684590606
000100 -6.31868460494 0.847790373778 -51.7594854646
000101 -6.36620035637 0.951479057212 -52.5486240159
000102 -6.40909082404 0.942763840501 -53.3332230384
000103 -6.43587754681 0.952738327711 -54.1154735626
000104 -6.46668773065 1.06061341241 -54.892649118
000105 -6.48564332576 1.22706457376 -55.6658532228
000106 -6.48172155006 1.49643288035 -56.436265435
000107 -6.50656489614 1.65949814232 -57.196699164
000108 -6.5486392609 1.67173549723 -57.9513956317
000109 -6.5752700681 1.58951372633 -58.7018737237
000110 -6.57830256529 1.40163563223 -59.4429033941
000111 -6.5736369649 1.26205769187 -60.1764099267
000112 -6.49630500589 1.12859490474 -60.8998134715
000113 -6.35196819694 1.09769699696 -61.6136440423
000114 -6.11482094 1.18692379545 -62.3187613195
000115 -5.752125213 1.28007244409 -63.0192770025
000116 -5.30799585414 1.41226224369 -63.707496877
000117 -4.75856065321 1.52326427925 -64.3850334497
000118 -3.98730617792 1.65366159493 -65.0548489557
000119 -3.04539158441 1.77626351565 -65.704789219
000120 -1.83927861906 1.88198521756 -66.3314223954
000121 -0.402688555748 1.95247096252 -66.915389565
000122 1.28076446824 2.02080919013 -67.4424923894
000123 3.19618378568 1.9967763551 -67.8944440312
000124 5.45882039343 2.02118108608 -68.2431365883
000125 7.99113818493 2.04519210134 -68.4684181014
000126 10.7360956417 2.04008776027 -68.5483272176
000127 13.8153098702 2.12085408365 -68.4473942904
000128 17.1157789883 2.07064177852 -68.1362805504
000129 20.5649532787 1.75780108682 -67.617399121
000130 24.1185685319 1.40258187112 -66.8564172523
000131 27.7731537037 1.04507403892 -65.8500139286
000132 31.4073304716 0.978050317073 -64.6069604561
000133 34.8510126185 0.894250823324 -63.232686681
000134 38.1051735285 0.637233743536 -61.7356656603
000135 41.2648877247 0.183698852862 -60.0537337591
000136 44.3947647817 -0.189955074877 -58.1678296774
000137 47.4777232251 -0.516251158539 -56.0577638855
000138 50.5470484991 -1.08711469682 -53.6959874421
000139 53.5744215874 -1.40067923379 -51.0628890842
000140 56.4842650936 -1.49907345496 -48.2438839214
000141 59.1995869875 -1.65757158475 -45.2952214181
000142 61.7086257263 -1.62649103961 -42.2434998178
000143 63.9108537621 -1.4717037513 -39.3041915848
000144 65.7698687803 -1.06057748563 -36.5969434936
000145 67.3604475969 -0.762450262212 -34.0989543835
000146 68.6415626501 -0.431538863271 -31.9763865428
000147 69.6295699322 -0.293994546584 -30.3025875965
000148 70.3708382025 -0.357891675902 -29.09790014
000149 70.9904005132 -0.348005616644 -28.1292254322
000150 71.5080273426 -0.112547053518 -27.3977993089
000151 71.9353937213 0.196413319323 -26.8903841348
000152 72.3029962714 0.569334631952 -26.5307254666
000153 72.6459188533 0.449265210495 -26.2179638327
000154 72.9945650968 0.446226837263 -25.8827308103
000155 73.3628617464 0.485848214521 -25.4932102883
000156 73.7174240226 0.59518787367 -25.1339166962
000157 74.0304340778 0.577931136474 -24.8954280453
000158 74.3033999443 0.626924671305 -24.7813108929
000159 74.5373914277 0.320892827712 -24.7913732409
000160 74.7327097129 0.261805738686 -24.9321745289
000161 74.8978426685 0.519799618085 -25.1923510531
000162 75.025850974 1.03018480582 -25.5791188561
000163 75.1328191862 1.23474078695 -26.0289118384
000164 75.2194081983 1.06052123528 -26.5388203889
000165 75.3034099136 1.07469143633 -27.0607350925
000166 75.3774897778 1.00971239264 -27.6158167086
000167 75.4392557554 0.946588942716 -28.2026297844
000168 75.5185383431 0.834902075364 -28.7402260313
000169 75.5890289364 0.735500650635 -29.2941830499
000170 75.6455757801 0.756048728438 -29.9028324278
000171 75.6975820385 0.61987670986 -30.5395021852
000172 75.736218427 0.551555030292 -31.2047645256
000173 75.7970442707 0.754037658102 -31.8272993855
000174 75.8778192048 1.09901080094 -32.4110934832
000175 75.9516194236 1.56632481348 -33.0028973013
000176 76.0312374818 1.48112305029 -33.5846513714
000177 76.0700136478 1.25432681072 -34.2507522668
000178 76.0989252709 1.14605950266 -34.9403937692
000179 76.1426459033 1.11727623558 -35.6006488734
000180 76.1634454973 0.904652459125 -36.313158634
000181 76.1871573057 0.820388066394 -37.0273337185
000182 76.2242742369 1.08729723851 -37.7285688914
000183 76.2315571019 1.06290502305 -38.4990274883
000184 76.169745431 1.09193188475 -39.4105216478
000185 76.0899363648 0.937633088539 -40.3577007046
000186 75.9704168929 1.00974673545 -41.3799061818
000187 75.8504732458 1.33787565347 -42.4065575545
000188 75.7483278907 1.31253245605 -43.4008311417
000189 75.6418938186 1.12199681031 -44.4011280654
000190 75.5595600259 0.999267876013 -45.3589831136
000191 75.4609464656 1.13309188903 -46.3446333831
000192 75.3609331614 1.14931771198 -47.3410751109
000193 75.2659281076 1.0584709744 -48.3254281092
000194 75.2110492694 1.19571302145 -49.252699601
000195 75.1640631218 1.385723116 -50.1729323892
000196 75.1851202745 1.52878366943 -50.9940106966
000197 75.293122331 1.81026356378 -51.6963735247
000198 75.3927617082 1.77525878234 -52.4211133667
000199 75.4781098746 1.50914993695 -53.1715240459
000200 75.5612027049 1.12528432853 -53.9253377769
000201 75.6642413135 1.02687451512 -54.6534811386
000202 75.7252347118 1.03462110063 -55.4494165168
000203 75.7584864062 0.956017730527 -56.2800377844
000204 75.808630446 0.914664156557 -57.0898600723
000205 75.8739767268 0.933391502921 -57.8804517975
000206 75.9231001725 0.84225743275 -58.6899149884
000207 75.9914616558 0.703282079996 -59.4743211446
000208 76.0444573519 0.712983026466 -60.2754631947
000209 76.1124981811 0.732542421342 -61.0521247706
000210 76.1261975311 0.756709809395 -61.8922896644
000211 76.0979007227 1.37253105798 -62.7813650504
000212 76.0264847254 2.02643697543 -63.7140214179
000213 75.8646375113 1.51082259076 -64.7571461483
000214 75.7215584554 0.865553728225 -65.7641759499
000215 75.5481924222 0.80392257459 -66.7974911642
000216 75.3849881433 0.75954744287 -67.8155523916
000217 75.1549694772 0.717104985551 -68.9016029237
000218 74.8769811611 0.541553034937 -70.0235121376
000219 74.6540724066 0.361889606116 -71.0771180954
000220 74.4418229946 0.840209692794 -72.1157492056
000221 74.1830906091 1.1496518689 -73.1934058497
000222 73.8890440169 1.77453910157 -74.2936065398
000223 73.5924599333 2.33505859746 -75.3862488066
000224 73.2202632427 2.52322058952 -76.5457383661
000225 72.7236052565 2.53768817231 -77.8162194709
000226 72.2519666021 2.61320106131 -79.0499927437
000227 71.740343647 2.64445730172 -80.3055001838
000228 71.2668882511 2.9606442872 -81.510699661
000229 70.8142417396 2.83141997385 -82.6976617214
000230 70.3149819662 2.5517397984 -83.9101993258
000231 69.8701455604 2.64826417993 -85.0607441357
000232 69.4853911523 3.05466079322 -86.1482331237
000233 68.9682572132 3.49596347143 -87.327404282
000234 68.414460279 3.69942929856 -88.5275825755
000235 67.8109883764 3.30996399081 -89.7685350442
000236 67.0696773511 2.49228528005 -91.1089377848
000237 66.2432854828 2.12060812609 -92.4792511041
000238 65.2424260826 2.50010513272 -93.943723583
000239 64.1600559427 2.7948375284 -95.4405512625
000240 63.0086084413 3.62021907082 -96.9445298683
000241 61.894572684 4.1029498326 -98.3966212903
000242 60.7274002127 3.93265351548 -99.8730324677
000243 59.5021077758 2.97867830513 -101.378153844
000244 58.2104690356 2.42516372471 -102.877671061
000245 56.8829717478 2.61430776466 -104.361419348
000246 55.621780286 3.4734779341 -105.77264828
000247 54.3170602569 4.06268617609 -107.185343596
000248 52.8964730823 3.66843038348 -108.654437845
000249 51.5694440318 3.08721053823 -110.054471552
000250 50.5185992552 2.43053442938 -111.305077313
000251 49.6096551016 1.50677119032 -112.475237852
000252 48.7185662168 1.29668639416 -113.620163041
000253 47.7904438574 1.5534396646 -114.770276173
000254 46.826153641 1.87701041706 -115.918380787
000255 45.8257200423 2.40227474416 -117.069606283
000256 44.9447496917 3.166895425 -118.158383941
000257 44.1708425286 4.48926856362 -119.179816938
000258 43.4547853881 4.75490364815 -120.20079555
000259 42.7312401058 3.66278671908 -121.255380504
000260 42.0798684782 2.48258356708 -122.268565724
000261 41.5634068223 2.30634147284 -123.214131742
000262 40.9780770623 3.19467683125 -124.169233399
000263 40.2568781665 3.81653064045 -125.163740789
000264 39.5281267671 3.61461730165 -126.17502506
000265 38.9069311175 2.80072587281 -127.155478357
000266 38.2615636936 1.84692598358 -128.136468904
000267 37.5880031226 1.64364047552 -129.109611759
000268 37.0211151269 2.34729465919 -130.042147595
000269 36.4200410006 2.64163701236 -130.981144203
000270 35.7499104079 2.77809649485 -131.932563042
000271 35.0958368165 2.69271269426 -132.876222968
000272 34.4805559567 2.48706051077 -133.804375781
000273 33.8557203483 2.57796842572 -134.724498198
000274 33.2369792434 2.62650821756 -135.639879951
000275 32.5839243201 2.76561765238 -136.551972979
000276 31.9021455377 2.14573551723 -137.470140342
000277 31.2504938682 1.50666677004 -138.370719865
000278 30.6511111188 1.04834355359 -139.245473848
000279 30.099039019 1.5053359465 -140.106479864
000280 29.5867104191 2.7394920585 -140.935761568
000281 29.1464996447 4.02764387547 -141.727491203
000282 28.7015555359 4.7194212793 -142.509673018
000283 28.2382866444 4.55548732467 -143.303576945
000284 27.7415301522 4.02257016094 -144.093361368
000285 27.2862861546 3.61850609152 -144.853559645
000286 26.8606795682 3.43806086454 -145.585885343
000287 26.4886552855 3.27461221779 -146.285231012
000288 26.1214166474 3.47338399688 -146.957296074
000289 25.7799604112 3.72054347581 -147.601537042
000290 25.3997042672 3.75047921292 -148.229751645
000291 25.019631269 3.71027675723 -148.834784459
000292 24.7017913295 3.58623016941 -149.405869497
000293 24.3726379081 3.19849683545 -149.963931893
000294 23.9530080506 2.56347399672 -150.515952397
000295 23.3331024223 2.16470113009 -151.071796053
000296 22.6048303859 2.09315161464 -151.620632433
000297 21.6876733388 2.27746607365 -152.169125637
000298 20.6947837728 2.67759793022 -152.70135094
000299 19.722980387 3.37081747324 -153.198326395
000300 18.7018501356 4.50552375182 -153.661502576
000301 17.4758443803 5.16977216821 -154.125933732
000302 16.0635924469 5.29610973799 -154.593250412
000303 14.2995510714 5.35966854731 -155.066961551
000304 12.1145316359 5.51510321906 -155.533109075
000305 9.56784420306 5.6777763106 -155.97574744
000306 6.63094256956 5.67151793016 -156.382407592
000307 3.28963785087 5.38730629665 -156.741041988
000308 -0.183161993478 4.57000496578 -157.028474023
000309 -3.62898706047 3.73569694316 -157.221967543
000310 -7.05216334087 3.00569668143 -157.332188451
000311 -10.4505768215 2.57050016324 -157.362244776
000312 -14.0800632693 2.47725263542 -157.289088324
000313 -17.9645797871 2.65837137943 -157.105715287
000314 -22.0304930277 2.8695407114 -156.797914049
000315 -26.3837236021 3.19556539202 -156.323888736
000316 -30.978658583 3.51377220492 -155.68071386
000317 -35.5706390495 3.91422749106 -154.888912309
000318 -40.2314269984 4.16078087309 -153.944171823
000319 -44.8301728567 4.23004240114 -152.869529096
000320 -49.4126169016 4.35089851805 -151.640935957
000321 -54.1039315885 4.51847914356 -150.226625403
000322 -58.9807677613 4.48444694171 -148.585916738
000323 -64.1124765339 3.97048326734 -146.663561292
000324 -69.4542208166 3.24960534954 -144.459787852
000325 -75.2568633335 2.84392247313 -141.763995586
000326 -81.2568630382 2.68187652222 -138.679719687
000327 -87.3365771322 2.43086565573 -135.215665951
000328 -93.6436498529 2.09069925325 -131.200806124
000329 -99.9846464037 1.84916425889 -126.739749616
000330 -106.169380224 1.77109636083 -121.919428565
000331 -112.25253742 1.9159425087 -116.630036231
000332 -118.25449833 2.44861366988 -110.866505797
000333 -123.963737845 3.0020422184 -104.73837235
000334 -129.362151801 3.51051781788 -98.3297959034
000335 -134.370872396 3.90998216997 -91.711912259
000336 -138.925980495 4.15677683205 -84.9699090743
000337 -143.029089838 4.4892478107 -78.2325184251
000338 -146.750209352 5.04952753811 -71.3728810874
000339 -150.047716624 5.59156672433 -64.4786521934
000340 -152.924033433 6.13582241582 -57.6968640609
000341 -155.383180261 6.53409668609 -51.0431665213
000342 -157.441122048 6.75328174206 -44.7015051285
000343 -159.053423508 6.75213871618 -39.0197550907
000344 -160.261634736 6.58926227724 -34.162989055
000345 -161.137681381 6.21222064114 -30.304001796
000346 -161.760184263 5.84556291707 -27.3324247575
000347 -162.20161656 5.57711894994 -25.1612735225
000348 -162.527590223 5.6723936498 -23.5102090952
000349 -162.795855824 5.81906385148 -22.1562302171
000350 -163.000375421 5.99912750025 -21.1830536776
000351 -163.162717039 5.88147075587 -20.5525726859
000352 -163.303840227 5.78122054394 -20.0821585312
000353 -163.412260289 5.82612803563 -19.8516119973
000354 -163.490129516 5.97225882938 -19.8789941793
000355 -163.542495285 6.17485108684 -20.1046799975
000356 -163.565991379 6.24961946843 -20.6388888151
000357 -163.58132803 6.29161760336 -21.2608839373
000358 -163.599872344 6.32855663958 -21.8943988615
000359 -163.611264071 6.42403778612 -22.5827048478
000360 -163.630539972 6.47036837429 -23.2382411215
000361 -163.653366685 6.31653265125 -23.8750501077
000362 -163.68664719 6.2021213667 -24.465713998
000363 -163.71160453 6.23586865909 -25.0903962766
000364 -163.734346191 6.32661098019 -25.7583888113
000365 -163.751960881 6.44910126281 -26.4710694804
000366 -163.771819498 6.80015749264 -27.1601813264
000367 -163.786116524 7.21773272508 -27.8855296196
000368 -163.827470524 7.13221101596 -28.5705713515
000369 -163.867507408 6.99598834587 -29.2999672555
000370 -163.908117507 6.63406798259 -30.0949974397
000371 -163.912528933 6.17865511916 -31.103125288
000372 -163.910776224 6.00432306491 -32.1033939067
000373 -163.914125755 5.98937469384 -33.0668625795
000374 -163.912869993 6.27173435379 -34.0173751384
000375 -163.917097831 6.60655601393 -34.9605611903
000376 -163.924079179 6.76721791723 -35.9150893673
000377 -163.9249515 6.88119539851 -36.8968992496
000378 -163.943077207 6.65147198661 -37.8533095608
000379 -163.946265002 6.69774628018 -38.8406856987
000380 -163.960090198 6.70899649524 -39.8052649386
000381 -163.968451625 6.81713984692 -40.7655535421
000382 -163.997631402 6.85950656866 -41.6530731862
000383 -164.024654873 6.98471545653 -42.5443568218
000384 -164.074513457 7.08130445985 -43.3618681305
000385 -164.117524596 7.19635931593 -44.2136529013
000386 -164.171286313 7.11573652017 -45.0367389169
000387 -164.213253446 6.99477884744 -45.9157843968
000388 -164.248139237 6.85081558461 -46.811264551
000389 -164.255013119 6.72919311304 -47.8306347192
000390 -164.265870018 6.25098496155 -48.8672971633
000391 -164.223776057 6.0524344245 -50.0409839606
000392 -164.166699639 5.84085535354 -51.2571072211
000393 -164.083799076 5.46956534218 -52.5646095172
000394 -163.987179306 5.61915925686 -53.865591225
000395 -163.917094157 5.97999083651 -55.0588938981
000396 -163.826478092 6.75615035821 -56.259603313
000397 -163.754190129 7.6261910467 -57.3840595809
000398 -163.717315851 7.87953467874 -58.462426078
000399 -163.708579626 7.65218813428 -59.5140319223
000400 -163.718196726 7.34618549709 -60.5216917066
000401 -163.706400569 7.40383320144 -61.5399067548
000402 -163.720306197 7.50093790775 -62.4874872542
000403 -163.729449199 7.79658648534 -63.4212045153
000404 -163.772352259 7.89620040378 -64.2911484243
000405 -163.831323698 7.87382482255 -65.1290014155
000406 -163.888887765 7.85682208387 -65.9677817463
000407 -163.926084884 8.23945842627 -66.8105110326
000408 -163.976267055 8.5902073908 -67.6252293413
000409 -164.021281036 8.84959548165 -68.4669252121
000410 -164.075539206 8.95071695343 -69.2926048981
000411 -164.111141957 8.92451122856 -70.1592883623
000412 -164.11876024 8.52996098837 -71.1350434302
000413 -164.049318674 8.11548399269 -72.2810997043
000414 -164.00369044 7.87536272539 -73.3544977487
000415 -163.948822636 7.63670665162 -74.4405682598
000416 -163.894096744 7.42108616814 -75.5208231566
000417 -163.832755509 7.60365830853 -76.5761678118
000418 -163.7986906 7.39927290149 -77.608042447
000419 -163.740116914 7.18685135666 -78.6865648843
000420 -163.697479455 7.3858227498 -79.6986456598
000421 -163.621137759 7.98498084425 -80.7425230691
000422 -163.597420866 8.24427529902 -81.7026779831
000423 -163.573340562 8.05203642364 -82.7123722275
000424 -163.548888596 7.99925740572 -83.7139461255
000425 -163.469951308 8.02748825754 -84.7929498904
000426 -163.42865206 7.59154620217 -85.8372275119
000427 -163.422017525 7.61096864912 -86.7574138599
000428 -163.4567795 7.63274765406 -87.6018888298
000429 -163.485758002 7.61426373196 -88.4372132843
000430 -163.491579272 7.70459204114 -89.2981857954
000431 -163.514717223 7.64538642158 -90.1206164371
000432 -163.520141292 7.53678085768 -90.9644315448
000433 -163.551294681 7.5368853008 -91.743896407
000434 -163.588886175 7.68266985921 -92.4906649111
000435 -163.61634986 7.93053540298 -93.2394352366
000436 -163.639020114 8.23687333042 -93.9794234182
000437 -163.633094494 8.61670575238 -94.7320927412
000438 -163.648672755 8.98427499265 -95.4182788738
000439 -163.650168213 9.40699610191 -96.102107119
000440 -163.684880558 9.62583524205 -96.7403616355
000441 -163.763550426 9.61169533111 -97.2996160304
000442 -163.851288813 9.90470657028 -97.8022335625
000443 -164.075891474 10.0748714892 -98.0775628495
000444 -164.491442194 10.4285359685 -98.0052319468
000445 -165.114958302 10.8439183073 -97.5524575643
000446 -166.063915111 11.278979272 -96.5138225903
000447 -167.157130798 11.7313958577 -95.1749889273
000448 -168.410736362 12.0587008123 -93.4977083777
000449 -169.899995055 12.5236374977 -91.2992529887
000450 -171.643323392 13.2040469016 -88.485673477
000451 -173.567935146 13.8346374588 -85.1306547732
000452 -175.729340987 14.0497412725 -81.0985974043
000453 -178.019994625 13.766816929 -76.5016112726
000454 -180.333759949 13.2433424145 -71.4689640956
000455 -182.67634882 12.6145851779 -65.8448566455
000456 -184.980471537 12.1180937878 -59.5610633289
000457 -187.236923556 12.1759837185 -52.4499106027
000458 -189.432160625 11.255402127 -44.4888063356
000459 -191.324759777 9.68348144048 -36.1246662517
000460 -192.843783088 7.22435106181 -27.7880153261
000461 -193.932434973 5.36343639282 -19.3732913511
000462 -194.61400123 3.87013192967 -10.557401106
000463 -194.876168019 3.36445009047 -1.42390252396
000464 -194.655848858 3.0620150295 7.86025675528
000465 -193.993941221 2.89664891637 17.0718920523
000466 -192.872497786 1.30640982707 26.2927886243
000467 -191.242193266 -1.04850234396 35.4507920869
000468 -189.161891794 -2.09180167848 44.5832520229
000469 -186.57316932 -1.47391048347 53.8841125
000470 -183.501349333 -0.0136420527085 62.9849002165
000471 -180.016695423 0.576672978525 71.8162128016
000472 -176.106774611 0.70458482199 80.3494903864
000473 -171.832565794 0.518737719636 88.5992061834
000474 -167.116702606 0.829428973264 96.6984573133
000475 -161.892515966 1.54252760624 104.681250237
000476 -156.722667052 2.04852525681 111.775525737
000477 -151.533190254 1.01165019734 118.195860871
000478 -146.386676365 -0.0357639981712 124.013950563
000479 -141.532175904 -0.274640066765 129.032551466
000480 -137.064267078 -0.145035289803 133.27544131
000481 -132.967380779 -0.330582723095 136.871782623
000482 -129.327312705 -0.773362849467 139.811637996
000483 -126.261395356 -0.981821051334 142.084205222
000484 -123.754152008 -1.08335884704 143.766889801
000485 -121.726324092 -1.22897398745 144.97537133
000486 -120.115139808 -1.37857651701 145.792818938
000487 -118.811860139 -1.40504772448 146.331323973
000488 -117.718571034 -1.06140284933 146.685084118
000489 -116.863740455 -0.828733706634 146.825930725
000490 -116.210029132 -0.282224209039 146.793891487
000491 -115.674843704 -0.494989577492 146.64453608
000492 -115.27762383 -0.731768699071 146.372584434
000493 -115.042699756 -1.15007122812 145.95179034
000494 -114.907297604 -1.01633257103 145.455270672
000495 -114.913413561 -0.403292485417 144.83765599
000496 -115.056933012 -0.256736445826 144.092233744
000497 -115.143457583 -0.198462453456 143.371717868
000498 -115.197192798 0.708160945141 142.666468909
000499 -115.285869153 1.27931574868 141.913516041
000500 -115.384209539 1.61154712009 141.133664415
000501 -115.417151845 1.09002983362 140.386469374
000502 -115.439729785 0.0646153056312 139.624186302
000503 -115.374154982 -0.59582769685 138.916736976
000504 -115.300471426 -0.800323430619 138.207161762
000505 -115.310400382 -1.28180536094 137.403218851
000506 -115.399209311 -1.74001393864 136.515449119
000507 -115.359679949 -2.32763966452 135.715354535
000508 -115.264832288 -2.43990252254 134.95607058
000509 -115.193152121 -1.79880874968 134.186456445
000510 -115.051644696 -1.54426926012 133.450836907
000511 -115.091204616 -2.11842630644 132.532486585
000512 -115.091968964 -2.03613029419 131.646428474
000513 -115.003815755 -1.83195610128 130.829567218
000514 -114.943620787 -0.962405358143 129.983013269
000515 -114.883715004 0.111695080671 129.128776603
000516 -114.903167645 0.521338913935 128.18860676
000517 -115.050589543 0.565063038972 127.123260356
000518 -115.162867856 0.121345564532 126.080224151
000519 -115.259506751 -0.368944364202 125.047653534
000520 -115.398511775 -0.535390873821 123.977967453
000521 -115.476097612 -0.0959459221078 122.97814892
000522 -115.575468617 0.688932144573 121.962545274
000523 -115.658089963 0.739633841376 120.958292232
000524 -115.738249003 0.450269809609 119.948672667
000525 -115.792559286 0.122921837547 118.974974803
000526 -115.853936009 0.536885824815 117.992775326
000527 -115.932229164 1.25267096421 116.989319373
000528 -116.066027686 2.3553226609 115.925923124
000529 -116.169376648 2.86341838538 114.886068999
000530 -116.310757186 2.56276142341 113.831411861
000531 -116.418657315 2.35425020447 112.807776533
000532 -116.523948449 2.23269582198 111.780376501
000533 -116.888388374 1.88155681798 110.503583028
000534 -117.616910837 1.49858251715 108.826247775
000535 -118.602755952 1.25688313692 106.853395566
000536 -119.822699765 1.44376925219 104.594683026
000537 -121.344871371 1.64007765528 101.944759479
000538 -123.148327871 1.94985826871 98.8877621396
000539 -125.143812694 1.94317184936 95.4766737247
000540 -127.4372693 2.30054559739 91.5328809684
000541 -129.95006861 2.97510198246 87.0505998641
000542 -132.625345412 3.49618358543 82.064102739
000543 -135.270441818 3.9809219623 76.7715790707
000544 -137.698087613 4.55219962887 71.447661258
000545 -139.95254112 5.60943787407 66.0368190937
000546 -142.049398076 6.62756300656 60.4628617325
000547 -144.00560122 6.58331283944 54.8350304913
000548 -145.728209872 6.01137661795 49.2899487675
000549 -147.126080567 5.78508409055 44.1479898647
000550 -148.223115442 6.05743628582 39.4538519425
000551 -149.038489586 6.78277843436 35.289279754
000552 -149.701548517 6.7590419062 31.5173074821
000553 -150.311838177 6.11208601558 27.7196336541
000554 -150.804329378 6.10330357728 24.0208157596
000555 -151.211711658 6.19542476366 20.4173140606
000556 -151.532508247 6.14976755778 16.9988387817
000557 -151.741548883 6.62082561145 13.9170189854
000558 -151.84250296 7.54298965827 11.4115582614
000559 -151.880973424 8.33623371722 9.46120941933
000560 -151.886009694 8.82236006841 8.03625497797
000561 -151.899416916 8.77540169223 6.8512642702
000562 -151.924728062 8.35099169707 5.71505143422
000563 -151.958552086 7.59435794026 4.59806072286
000564 -152.000206408 6.33214955445 3.54077942489
000565 -152.015752692 5.55815537992 2.5376138328
000566 -152.015956893 5.22945931462 1.65320996745
000567 -152.017250506 4.89511325767 0.768612424427
000568 -152.008848797 4.86802943556 -0.0683094818306
000569 -152.009685371 4.58232869831 -0.882946321209
000570 -152.007684827 4.30726263204 -1.78542681036
000571 -152.007701006 4.02555417408 -2.70182638546
000572 -152.010425291 3.5454551619 -3.77951424203
000573 -152.003463829 3.18895732432 -5.03033050039
000574 -151.991713724 2.99572358706 -6.32602557303
000575 -151.97747435 2.96476039253 -7.60630579515
000576 -151.962437299 2.87414006081 -8.88871566801
000577 -151.948231249 2.92501492212 -10.1342328001
000578 -151.934712606 2.92176452791 -11.3209995775
000579 -151.924609157 2.84518959307 -12.5009584387
000580 -151.909326321 2.71689391833 -13.728883518
000581 -151.897662994 2.64145593399 -14.9003355916
000582 -151.886112234 2.53687427546 -16.0577052018
000583 -151.868018838 2.49695003689 -17.2569674869
000584 -151.837625134 2.41221157754 -18.5574283904
000585 -151.78658303 2.28835449253 -20.0092438905
000586 -151.72672986 2.18298592308 -21.4745274073
000587 -151.661627535 2.07538838713 -22.9547802166
000588 -151.588981371 1.93444919691 -24.4457129853
000589 -151.507709022 1.85995643676 -25.9405572306
000590 -151.431950916 1.91031820371 -27.3701654155
000591 -151.351000762 2.07185609398 -28.812453129
000592 -151.281892 2.21882454694 -30.1769764044
000593 -151.207252562 2.1999905557 -31.5295915607
000594 -151.140679421 2.34746417845 -32.8246094313
000595 -151.087760515 2.26246869248 -34.0466327368
000596 -151.034909906 2.10590582245 -35.2457184075
000597 -150.997504584 1.96455680268 -36.3649126906
000598 -150.963768963 1.75956020768 -37.4520329716
000599 -150.944295176 1.49239806662 -38.4844147936
000600 -150.949338422 1.54714104065 -39.4173775043
000601 -150.959859125 1.69506355939 -40.3250020153
000602 -150.979178349 2.03435649196 -41.1895868024
000603 -151.002752785 2.43362615134 -42.031267485
000604 -151.034654882 2.61812737817 -42.8532109149
000605 -151.062573079 2.76723290057 -43.6855433344
000606 -151.100796939 2.67163384361 -44.5045802121
000607 -151.129157427 2.61825003996 -45.3516268129
000608 -151.199656129 2.89529776859 -46.0462247751
000609 -151.32759352 3.07122723901 -46.5590155878
000610 -151.454136168 2.8743520473 -47.0863340893
000611 -151.560238356 2.8049853835 -47.6805837365
000612 -151.65249553 2.84095952095 -48.316586954
000613 -151.699070617 2.75583680402 -49.0961209468
000614 -151.714980611 2.65575679548 -49.965529444
000615 -151.682711215 2.670679991 -50.9699838812
000616 -151.628366322 2.72593611522 -52.0305929575
000617 -151.556691571 2.56397707042 -53.1263914804
000618 -151.441010543 2.3885889855 -54.3309691617
000619 -151.235977966 2.29796644037 -55.7541297159
000620 -150.917896678 2.38752715796 -57.4408977185
000621 -150.500672424 2.51709499087 -59.3352910098
000622 -150.021857524 2.8636632068 -61.3197470835
000623 -149.531611203 3.36035066462 -63.2686675969
000624 -149.023029566 3.92885615516 -65.1923227087
000625 -148.521634669 4.28056057414 -67.0390396976
000626 -148.00714054 4.57651216314 -68.8487979897
000627 -147.521373433 4.73964671167 -70.5492791791
000628 -147.0628576 4.95192486883 -72.1380934884
000629 -146.621841977 5.08900249352 -73.6428641119
000630 -146.211142562 5.24797514211 -75.0413886754
000631 -145.839996218 5.53450234777 -76.3173972136
000632 -145.483530053 5.9286902562 -77.5262244306
000633 -145.16527794 6.18872531929 -78.6307826401
000634 -144.863575452 6.4169627259 -79.6649333359
000635 -144.618576596 6.55288974297 -80.569009269
000636 -144.414737237 6.83957101707 -81.3565056803
000637 -144.255233299 7.23123769238 -82.0236630596
000638 -144.153121812 7.46979277578 -82.560519752
000639 -144.132169623 7.54244355423 -82.9403242952
000640 -144.176739264 7.44807591533 -83.1850747051
000641 -144.27593715 7.21017107426 -83.3036253396
000642 -144.430816175 6.91512825269 -83.3091884281
000643 -144.645267433 6.62901029861 -83.18614477
000644 -144.860768386 6.3754400134 -83.0374076165
000645 -145.103065738 6.11067600804 -82.8311590541
000646 -145.295103844 6.00691521214 -82.6896385938
000647 -145.47355746 6.11143727487 -82.5485279762
000648 -145.654143106 6.05857751936 -82.3929283242
000649 -145.84910997 5.80693788937 -82.2096588117
000650 -146.067925994 5.48513360766 -81.9666963509
000651 -146.360165623 5.49489794964 -81.5741152664
000652 -146.731125378 5.60714875351 -81.0256932335
000653 -147.15990164 5.61840295442 -80.359836628
000654 -147.68266905 5.43382230807 -79.5104117292
000655 -148.290934008 5.10638788839 -78.4799068843
000656 -148.888927664 4.80759046569 -77.4372918777
000657 -149.415140816 4.67717341196 -76.4854750327
000658 -149.890615404 4.50052960135 -75.6092149637
000659 -150.242584219 4.39453364406 -74.9509567075
000660 -150.545922091 4.34174557825 -74.3716274147
000661 -150.776896907 4.27999448248 -73.9235693477
000662 -150.930132014 4.31509532049 -73.6179300913
000663 -151.067213521 4.19033727044 -73.3433986597
000664 -151.125219025 4.16149393414 -73.2203111109
000665 -151.109111293 4.15767115289 -73.240649777
000666 -151.103746507 4.19874802929 -73.236393936
000667 -151.123217177 4.16831910579 -73.194276893
000668 -151.10794169 4.1043835951 -73.237984903
000669 -151.12902638 4.09774824133 -73.2081200466
000670 -151.144356066 4.06830284888 -73.1860136473
000671 -151.138484044 4.09280252562 -73.2005819784
000672 -151.156213778 4.11931582398 -73.1672083045
000673 -151.160569672 4.0951604469 -73.1611788096
000674 -151.175130843 4.09718975773 -73.1316868631
000675 -151.181709083 4.11221270105 -73.1218157531
000676 -151.189027649 4.11373696865 -73.1131855274
000677 -151.205063573 4.1268601099 -73.0816836164
000678 -151.219003846 4.12524025417 -73.0626558162
000679 -151.227346668 4.14575605697 -73.0474580265
000680 -151.241458979 4.14446319668 -73.0239422015
000681 -151.246914844 4.14478596729 -73.0141010957
000682 -151.264767883 4.1451165322 -72.9806110294
000683 -151.284456337 4.15358477899 -72.9355228576
000684 -151.301743457 4.17243497083 -72.8991647377
000685 -151.331055807 4.17628047118 -72.8340083424
000686 -151.355660489 4.18938863301 -72.7733972028
000687 -151.393887753 4.1891807384 -72.6853087645
000688 -151.413113035 4.2065044299 -72.6371437017
000689 -151.412315665 4.21344232288 -72.6375021105
000690 -151.416442002 4.23397264857 -72.6269222901
000691 -151.433218515 4.22414351796 -72.5905565011
000692 -151.438076425 4.22604908823 -72.5771493642
000693 -151.440750916 4.24669808765 -72.5677973763
000694 -151.456959531 4.27117581882 -72.5299510159
000695 -151.456625688 4.28864113374 -72.5331066889
000696 -151.470261751 4.27785446285 -72.5048893045
000697 -151.476405221 4.28314698315 -72.4936980248
000698 -151.482163596 4.28269826168 -72.4820482916
000699 -151.490913247 4.29250158858 -72.4642660343
000700 -151.508216624 4.29714441647 -72.4266599456
000701 -151.523606003 4.29414455627 -72.3906338488
000702 -151.531383239 4.29616746944 -72.3712600133
000703 -151.532145252 4.31390804856 -72.369510039
000704 -151.543300667 4.32450391541 -72.3465793105
000705 -151.540683318 4.31423790754 -72.3512934563
000706 -151.54156263 4.31825143985 -72.3495477702
000707 -151.53861809 4.32685162073 -72.3548712994
000708 -151.541068155 4.30650264376 -72.3417632378
000709 -151.544684665 4.29819333692 -72.3263011303
000710 -151.543063182 4.29298116451 -72.3232137603
000711 -151.543597334 4.29893784948 -72.3189358316
000712 -151.53808207 4.29902175302 -72.3384402555
000713 -151.537125145 4.30201574161 -72.3438137144
000714 -151.540177334 4.31044342373 -72.3379480357
000715 -151.540753172 4.30193554075 -72.3352974743
000716 -151.573555928 4.27330076151 -72.3491160433
000717 -151.642203304 4.21594338177 -72.2621786126
000718 -151.829323142 4.12971182296 -71.9239170844
000719 -151.975800494 3.99997219819 -71.6766433851
000720 -152.205478845 3.87858573672 -71.2388686758
000721 -152.561760649 3.93641166861 -70.5315795771
000722 -152.960004465 3.9166563353 -69.7141943751
000723 -153.402163418 3.78950400345 -68.795482129
000724 -153.927617652 3.73238447848 -67.6508734139
000725 -154.5351548 3.68798131591 -66.3051130082
000726 -155.156528328 3.64016181129 -64.8794950081
000727 -155.837906413 3.57119241316 -63.2826804831
000728 -156.584202339 3.54022994263 -61.4558124436
000729 -157.365640932 3.4641535137 -59.4642232286
000730 -158.188751348 3.32878509364 -57.2830322785
000731 -159.085470115 3.06945367576 -54.7897317618
000732 -160.00214028 2.69241656196 -52.1122753841
000733 -160.909079212 2.39357174843 -49.3363821435
000734 -161.772175887 2.26923682649 -46.4728754749
000735 -162.623616088 2.50005743004 -43.4818446089
000736 -163.499629936 2.79472728098 -40.1346181586
000737 -164.369503005 2.67109209408 -36.5044512763
000738 -165.193256226 2.50410687209 -32.6747076526
000739 -165.938455987 2.55369156697 -28.7000751135
000740 -166.617540638 2.81392945705 -24.4981015712
000741 -167.220347435 3.032089736 -19.9837723046
000742 -167.724144063 3.22628044467 -15.0247365793
000743 -168.110378231 3.28130488693 -9.56114303185
000744 -168.324249307 3.21320721878 -3.48721279819
000745 -168.285089056 2.8323935765 3.18183594671
000746 -167.951589036 2.18046267527 10.3574916582
000747 -167.21046459 1.89918673965 18.1074249176
000748 -166.018076217 2.30899961984 26.4093898679
000749 -164.355570919 2.85259420464 34.8049486794
000750 -162.249498122 2.95203056419 43.0000875949
000751 -159.766668014 2.8233518234 50.970063893
000752 -156.823644104 2.87112902511 58.8935656823
000753 -153.415856476 2.94243036302 66.688258481
000754 -149.631762145 2.48036710955 74.2486974382
000755 -145.374047195 2.18716370396 81.668048333
000756 -140.6712549 2.22963741466 88.9526140507
000757 -135.564058527 2.13465658313 95.9671850091
000758 -130.150731946 1.7562549973 102.545718573
000759 -124.614151035 1.34127175503 108.581141533
000760 -118.921383112 1.10774069212 114.112515871
000761 -113.464333706 1.34791763197 118.868659786
000762 -108.54444682 1.44257386495 122.680243273
000763 -104.232557532 1.29722887354 125.633272532
000764 -100.700448637 1.38232983896 127.738516256
000765 -97.8455949299 1.63120053632 129.165142199
000766 -95.5853298364 1.73635485809 130.053403582
000767 -93.607647366 1.99228024633 130.667103793
000768 -91.7524345245 2.36035004901 131.138156733
000769 -89.8093618091 2.95446418707 131.613258846
000770 -87.9138054705 3.4040925961 132.001449273
000771 -86.2454044816 3.2355625431 132.197999275
000772 -84.9660400678 2.79623517774 132.108978964
000773 -84.2533946548 2.32372521467 131.626617641
000774 -83.9217612777 2.22502532454 130.873087479
000775 -83.8191914382 1.99451559876 129.953780715
000776 -83.6697251554 1.90741860272 129.038266855
000777 -83.3058466995 1.88774497997 128.236491563
000778 -82.7629384195 1.96521986866 127.532475907
000779 -82.1683995613 2.02042073392 126.839756133
000780 -81.530905666 1.98464186685 126.146404842
000781 -80.820910514 1.91827736196 125.479651704
000782 -80.1521824149 1.69321589792 124.780726243
000783 -79.4885928857 1.31079965974 124.059069981
000784 -78.9235162082 1.00893419311 123.25891558
000785 -78.6353804082 1.05996866378 122.263608009
000786 -78.6086400918 1.24001165438 121.085097213
000787 -78.7083933339 1.27750858013 119.810397257
000788 -78.7814999443 1.07702400951 118.552526414
000789 -78.8194781637 0.937816782314 117.311476866
000790 -78.8778246972 0.896840306884 116.064342559
000791 -78.911545953 0.852277859527 114.838352135
000792 -78.959782799 0.874871141869 113.5989557
000793 -79.0077503014 0.978951514828 112.366057458
000794 -79.0442398505 1.26602189692 111.13875594
000795 -79.0769096511 1.32211507876 109.917519857
000796 -79.1298114982 1.02033024005 108.682849459
000797 -79.186203178 0.81504783699 107.44754662
000798 -79.1918875854 0.93688255224 106.243904761
000799 -79.21704063 1.26529872161 105.035310445
000800 -79.2185979315 1.43314537621 103.845649311
000801 -79.2503505625 1.11651716733 102.640571136
000802 -79.2708681146 0.784997290912 101.443294967
000803 -79.3163194627 0.399519236232 100.22883633
000804 -79.3452687161 0.30599732453 99.0300107757
000805 -79.3478296341 0.408668445689 97.860672296
000806 -79.3540726108 0.449896765988 96.6919252136
000807 -79.3721100064 0.339133323579 95.5144391324
000808 -79.3747264674 0.281611728494 94.3530291201
000809 -79.3669907952 0.39404554441 93.2038950086
000810 -79.3818546924 0.79182493972 92.041079664
000811 -79.3171424404 1.13567179269 90.9520853852
000812 -79.1816525902 1.35160996809 89.931358166
000813 -78.9375587475 1.3443729412 89.0033366023
000814 -78.6416606957 1.30894024515 88.1303429206
000815 -78.3788388388 1.15881780009 87.2294834972
000816 -78.1344438003 1.0423621457 86.3185704828
000817 -77.8706473342 1.14706163236 85.430288364
000818 -77.6439225152 1.18193652281 84.5116904911
000819 -77.4739132721 1.07091587812 83.5511922252
000820 -77.325284059 1.05358943921 82.5746535384
000821 -77.198242789 1.03732023326 81.5821009429
000822 -77.0847563892 0.949670135927 80.5781250707
000823 -77.0090352294 0.810141029885 79.5435815444
000824 -77.011304699 0.787857303349 78.4359735936
000825 -77.0601353205 0.735955569516 77.2855433489
000826 -77.1641851368 0.773225813492 76.0807133642
000827 -77.2860275069 0.826549364925 74.8563546755
000828 -77.4479771425 1.09898417758 73.5808435639
000829 -77.6009064972 1.4816695875 72.3136080594
000830 -77.7619995663 1.79554809997 71.0276915502
000831 -77.9180826592 1.96434013945 69.7651174758
000832 -78.0787949604 1.84969467799 68.4863841624
000833 -78.2380523714 1.66714341563 67.2060618443
000834 -78.3910740162 1.66319317256 65.9414616887
000835 -78.5267765118 1.65214218584 64.696067813
000836 -78.6443126171 1.78488621686 63.4745352926
000837 -78.7337726861 1.9087563937 62.2563102756
000838 -78.8175911986 2.16145993577 61.0541707206
000839 -78.8647959244 2.21502421214 59.8945714035
000840 -78.8888051042 2.15709790293 58.7745883896
000841 -78.8665035823 2.02431017522 57.7185364334
000842 -78.8387015453 1.75029962824 56.681485452
000843 -78.7999037487 1.45332925768 55.6721790084
000844 -78.7650441142 1.11996273532 54.6563618462
000845 -78.7330360861 0.898617855475 53.6345284174
000846 -78.7004531338 0.667182779296 52.6158551402
000847 -78.67323504 0.638349414058 51.5895256301
000848 -78.6207239092 0.669058843914 50.5936192902
000849 -78.587524146 0.742413947299 49.575109472
000850 -78.5450520909 0.884333509925 48.5726705478
000851 -78.500014575 0.692487215124 47.580045529
000852 -78.4315091974 0.939233662853 46.612244028
000853 -78.367541879 1.34426418223 45.6595106638
000854 -78.3266966305 1.60754074526 44.6641155915
000855 -78.3078349358 1.63577345349 43.6381681202
000856 -78.2756240621 1.65022215228 42.6366079613
000857 -78.2564043199 1.78001473086 41.6189912586
000858 -78.2472290212 2.04795523046 40.5841456191
000859 -78.242122851 2.41802674789 39.5377772594
000860 -78.255049093 2.61920804231 38.4709047191
000861 -78.2820947824 2.69586687321 37.3740067079
000862 -78.3045680206 2.72037967152 36.2990931425
000863 -78.3373156593 2.70428456168 35.2117304633
000864 -78.3822863456 2.68236960684 34.104950403
000865 -78.4256859888 2.59973428373 33.0117753685
000866 -78.4656859163 2.53311241829 31.9111356933
000867 -78.5034479416 2.46486914078 30.8228673239
000868 -78.5387613768 2.41720935752 29.7364981194
000869 -78.5598548092 2.58036315744 28.6736243879
000870 -78.5794281956 2.62481388794 27.6242080104
000871 -78.6008226302 2.6495659132 26.5691252053
000872 -78.624965632 2.48712892825 25.5319501943
000873 -78.6489004721 2.42089140379 24.5079042893
000874 -78.6697969442 2.39398713125 23.5014456279
000875 -78.6828716857 2.33795710678 22.5283949221
000876 -78.6826794908 2.18990366619 21.6215439514
000877 -78.6589677394 2.26193559778 20.7962647579
000878 -78.5995305842 2.31397800411 20.1156629907
000879 -78.5289020607 2.36245569222 19.5153538422
000880 -78.4421589954 2.22659548059 19.010717951
000881 -78.3494929069 2.07154090941 18.5508166117
000882 -78.2430183018 2.09468697642 18.1670583846
000883 -78.1039669374 2.20052314013 17.9505337828
000884 -77.9240757206 2.41714705022 17.917421973
000885 -77.7075147773 2.60901444938 18.0555320601
000886 -77.4704229951 2.59934874183 18.2927869832
000887 -77.2148046547 2.61034471091 18.603370959
000888 -76.930606356 2.63541524389 19.035232867
000889 -76.6096594545 2.69858588999 19.6005660312
000890 -76.2483861449 2.60838890232 20.303479062
000891 -75.8200362898 2.39629408536 21.1743162172
000892 -75.3807410257 2.18023181763 22.0862158012
000893 -74.8450840175 2.22452362171 23.1931530033
000894 -74.2906917581 2.14648182231 24.3157359901
000895 -73.6622271875 1.97343773574 25.5457961017
000896 -72.9230158254 1.88282420424 26.9882825077
000897 -72.0470658154 1.83814942099 28.6489928938
000898 -70.9828015134 1.97306889358 30.6080185415
000899 -69.724681203 2.08097876706 32.8015717635
000900 -68.2126497929 2.28715647338 35.2609006537
000901 -66.3571018574 2.38730138646 38.0905782236
000902 -64.2708203239 2.11787151097 40.9792456129
000903 -62.0452275706 1.7337569094 43.7274456911
000904 -59.6625136751 1.62082910252 46.396280643
000905 -57.0879871771 1.82851887788 49.0066052386
000906 -54.4071425762 2.14335098883 51.4395384438
000907 -51.6756647909 1.76604481874 53.6855632766
000908 -48.8498082275 1.1117875133 55.7640502574
000909 -45.8650027334 0.644429392943 57.7471439879
000910 -42.7724764362 0.262596391655 59.5799410853
000911 -39.6302881679 -0.0584239535371 61.2115798332
000912 -36.4505639819 -0.600513842298 62.6575789611
000913 -33.172004679 -1.43688566556 63.9242116682
000914 -29.9058433641 -1.73661425324 65.0125833391
000915 -26.6352830838 -1.58847038875 65.9355094735
000916 -23.6015369823 -1.4308452765 66.5880645344
000917 -20.8791940005 -1.42947357778 66.9970398084
000918 -18.3132354809 -1.50614631914 67.2356447307
000919 -15.9595811915 -1.47305153798 67.3301913477
000920 -14.0024061447 -1.51152515596 67.2511302254
000921 -12.460772079 -1.57295131213 67.0322997304
000922 -11.0473591924 -1.62097425658 66.7533497639
000923 -9.76642107029 -1.56334854179 66.421822553
000924 -8.74764509977 -1.40721946475 66.0241615825
000925 -7.8072476587 -1.31618227831 65.5866897992
000926 -6.83337208091 -1.29067867643 65.1210111843
000927 -5.9205712418 -1.239877574 64.6232122573
000928 -5.011810209 -1.19258499414 64.0951389436
000929 -4.08902474476 -1.21050066353 63.538117559
000930 -3.24886168927 -1.1561297699 62.9490510447
000931 -2.5905075272 -1.07518907066 62.3260734018
000932 -2.045419325 -0.98705069585 61.677930911
000933 -1.64523918774 -0.887356301338 61.0040120822
000934 -1.37506148564 -0.838624470232 60.3040477845
000935 -1.15483221874 -0.816554112594 59.5916541837
000936 -0.980308555265 -0.86819761275 58.8599262099
000937 -0.823601952962 -0.963416807436 58.1121558186
000938 -0.638804310489 -1.09183053334 57.3536984949
000939 -0.460481800494 -1.21213818508 56.5902523128
000940 -0.282558381028 -1.33254211822 55.8230953932
000941 -0.102523497162 -1.41967713985 55.0555127912
000942 0.0865677775518 -1.44616786359 54.2915675442
000943 0.283869221329 -1.44108343407 53.5235329728
000944 0.491751079012 -1.42182689875 52.7553469875
000945 0.69835232776 -1.38532054962 51.9852156616
000946 0.867100033179 -1.37937101452 51.2152085178
000947 0.981506899777 -1.38048271194 50.4440627671
000948 1.05140606544 -1.35401928095 49.6761965298
000949 1.09341980616 -1.33851135562 48.9064236939
000950 1.10244343578 -1.32867143487 48.1397102827
000951 1.08992910706 -1.33969087358 47.3738222656
000952 1.08512541384 -1.35594891293 46.6079616909
000953 1.08333152367 -1.38786594288 45.8456655211
000954 1.08215463169 -1.40913229509 45.08459868
000955 1.07808630685 -1.38627474916 44.329220476
000956 1.06629625632 -1.35096818047 43.5770263569
000957 1.02683560279 -1.3083020598 42.8280114724
000958 0.974774670116 -1.26584602402 42.0845665604
000959 0.906518927752 -1.2426408779 41.3447583931
000960 0.842494272875 -1.19189993788 40.6153448818
000961 0.784158096549 -1.221567971 39.8925228842
000962 0.734649737108 -1.26591764864 39.1784113957
000963 0.693696256415 -1.32838682641 38.4738601519
000964 0.637556547956 -1.32044021539 37.7853095717
000965 0.620211436956 -1.1948532421 37.1129517747
000966 0.59744618364 -1.09358426876 36.4506303313
000967 0.554504171135 -0.921736703068 35.7970040634
000968 0.544164508028 -0.834538785057 35.1456951934
000969 0.52990178223 -0.79809895139 34.4972704611
000970 0.502493418234 -0.777050785767 33.8520904287
000971 0.485078862874 -0.71357381216 33.2152487611
000972 0.484879288294 -0.66279849506 32.5821569023
000973 0.483665950283 -0.622543216269 31.9540012409
000974 0.486097104655 -0.602182405705 31.3288403356
000975 0.497868897808 -0.604745117797 30.708283571
000976 0.51203309785 -0.61238414683 30.0911297627
000977 0.533828627225 -0.59456790307 29.4794774699
000978 0.56908511265 -0.563339232251 28.868834397
000979 0.608105323142 -0.504717219004 28.2619511594
000980 0.642909009043 -0.452273770394 27.6564278166
000981 0.685341061155 -0.432452790225 27.0523144735
000982 0.735661039843 -0.417422531652 26.4515867118
000983 0.779944163329 -0.397114115961 25.8522500825
000984 0.818750170392 -0.389564745143 25.2549338327
000985 0.862619847876 -0.40732177898 24.6588144563
000986 0.89833652617 -0.419261114792 24.0690369952
000987 0.930941632754 -0.430200167265 23.4820569799
000988 0.969402828127 -0.448882355464 22.8995546586
000989 0.993441902825 -0.452781779262 22.3243942012
000990 1.00248921698 -0.444668044482 21.7608926613
000991 1.00559730879 -0.430335629118 21.2059029328
000992 0.98651059572 -0.426191575622 20.6626246875
000993 0.952347606792 -0.410343531761 20.1322891362
000994 0.916055089962 -0.40293720933 19.6121524259
000995 0.882736177225 -0.393538591358 19.1038929709
000996 0.846230285944 -0.382427807226 18.6085898757
000997 0.808568242609 -0.358784871686 18.1253662026
000998 0.781818189625 -0.346451723875 17.6506404578
000999 0.758558709512 -0.336377592681 17.1893837532
001000 0.736295721317 -0.324800099543 16.7370571969
001001 0.714748251575 -0.319567094381 16.2993976031
001002 0.695932443071 -0.313124346405 15.8777817542
001003 0.678233906917 -0.315427441108 15.4562282986
001004 0.66524008039 -0.324582444629 15.0854644819
001005 0.653663027882 -0.324872325873 14.7163669977
001006 0.640462291176 -0.312341523252 14.3746238817
001007 0.628429054375 -0.289552167399 14.0541016112
001008 0.616893020606 -0.265561918941 13.7502089468
001009 0.606293454101 -0.245674791395 13.4639403836
001010 0.597329800568 -0.227242352749 13.1886548389
001011 0.586753125103 -0.205512040182 12.9200357343
001012 0.577764668375 -0.173332803584 12.6599451969
001013 0.565231744714 -0.143300220243 12.4012698741
001014 0.555986831272 -0.132557646685 12.1433823597
001015 0.54534462717 -0.133791020855 11.887113182
001016 0.532554878589 -0.134161594921 11.6340904663
001017 0.525783999652 -0.131737796671 11.3814548323
001018 0.521571116422 -0.128968919426 11.1302567868
001019 0.5208120452 -0.123388697898 10.8829327756
001020 0.51835517277 -0.121666698454 10.6340946139
001021 0.525509887766 -0.113857954171 10.3864848676
001022 0.551069776585 -0.109910435395 10.1386666567
001023 0.595775256107 -0.102527886763 9.8910809254
001024 0.654540702705 -0.0983211807999 9.64376525129
001025 0.725719939194 -0.0893140801276 9.39723660431
001026 0.796275225123 -0.0846786314978 9.14939957298
001027 0.850196315071 -0.0770900476404 8.90749461087
001028 0.891454410482 -0.0645178781462 8.66801723537
001029 0.931286405723 -0.0570840245484 8.42550025653
001030 0.97084343499 -0.0531826274887 8.18530443217
001031 1.00442922389 -0.0479986725221 7.94582189554
001032 1.02800938939 -0.0395843560422 7.71059972795
001033 1.0384562005 -0.028030591728 7.47902346928
001034 1.03213601867 -0.0204304558215 7.24960109779
001035 1.01984039283 -0.0176783504587 7.02222387936
001036 1.00370553674 -0.0151193966147 6.79635308354
001037 0.987590292567 -0.00844734558413 6.56772826219
001038 0.970852196504 -0.000499880008816 6.34312436572
001039 0.955694768828 0.0137958391396 6.12014089008
001040 0.938663032325 0.0237444016948 5.89839734162
001041 0.918697286473 0.0321199706787 5.67661113376
001042 0.893458816296 0.0398945662247 5.45627350114
001043 0.864971035453 0.0460825805815 5.23613063095
001044 0.838502776475 0.0555410237488 5.01192202633
001045 0.812122061579 0.0705054691188 4.77961461573
001046 0.781205770968 0.0798204370068 4.53602836798
001047 0.752390560869 0.0840648508971 4.280467182
001048 0.722192971721 0.0839716590915 4.0135359431
001049 0.693637957404 0.0861732215821 3.73542381309
001050 0.66267772734 0.0865196230974 3.44613351167
001051 0.635479502792 0.0863230652115 3.14814285397
001052 0.61578842345 0.0865132411284 2.84213365248
001053 0.596450371157 0.0891956275096 2.52808643164
001054 0.578104986501 0.0898103328621 2.20602863838
001055 0.561948152399 0.0920933480964 1.87425046581
001056 0.548137689542 0.0962022711234 1.53593161873
001057 0.535200182168 0.102005850514 1.18854723278
001058 0.522445798132 0.108062484798 0.833654199034
001059 0.514357930591 0.114175953294 0.468755702569
001060 0.511140050701 0.119589294269 0.0927720910814
001061 0.511740391219 0.123626955697 -0.293505957936
001062 0.494288757705 0.116038013576 -0.691505176227
001063 0.45630587812 0.09602567159 -1.09599392109
001064 0.423120380466 0.0868115094191 -1.49528981673
001065 0.382307531582 0.0767449520417 -1.89202163492
001066 0.355658098816 0.0736773193375 -2.28447713357
001067 0.321901190433 0.0685816400205 -2.67609262525
001068 0.283319292681 0.0567206493426 -3.06315821237
001069 0.236711207187 0.0437715391857 -3.44660788202
001070 0.173017765751 0.0352425534379 -3.82610808178
001071 0.0803431820245 0.0363620176079 -4.20267658137
001072 -0.0169765311706 0.0696169544155 -4.57672044784
001073 -0.116775700885 0.112232992676 -4.94391479714
001074 -0.229889934235 0.139118781559 -5.30047089262
001075 -0.353079256741 0.155929556438 -5.64801884959
001076 -0.482656634391 0.181170205841 -5.99035658614
001077 -0.603545916197 0.20655160071 -6.33028132888
001078 -0.68019126545 0.236565612611 -6.66964817137
001079 -0.724198149533 0.268632133829 -7.01035282317
001080 -0.737482941709 0.293739024676 -7.3516838683
001081 -0.708648875983 0.301260495838 -7.69350803952
001082 -0.660951384641 0.310023511267 -8.0326341626
001083 -0.614758457754 0.347910101137 -8.34597975962
001084 -0.551842134742 0.37164468555 -8.62578664934
001085 -0.469976041452 0.393560171114 -8.86492787843
001086 -0.391056023487 0.405236913218 -9.06726138023
001087 -0.311843503141 0.400355684117 -9.23220454548
001088 -0.248904049287 0.393545450945 -9.36076501098
001089 -0.204591900635 0.385664774987 -9.45538853151
001090 -0.167578885331 0.379199407486 -9.51368216081
001091 -0.146611018451 0.365817333875 -9.54024898878
001092 -0.147868745687 0.361921869008 -9.53990989478
001093 -0.147445149093 0.343372538325 -9.52320729639
001094 -0.141490663924 0.301827786014 -9.5168826236
001095 -0.140941142861 0.274887265539 -9.51564649573
001096 -0.139347714338 0.276380422136 -9.51205073661
001097 -0.134535360084 0.281071835457 -9.50942476137
001098 -0.137697782354 0.285581479806 -9.51076420136
001099 -0.136208243136 0.29150989356 -9.5098644956
001100 -0.136063868133 0.289017530572 -9.50709818312
