000000 -0.0 -0.0 -0.0
000001 -0.0179913036808 0.00884226990871 -0.288291956469
000002 -0.0279190672147 0.0161379413073 -0.581330981798
000003 -0.035830964842 0.0205223016344 -0.880163488599
000004 -0.0424094488398 0.0231730264154 -1.18627311511
000005 -0.051411294462 0.0251271454769 -1.50170022733
000006 -0.0684889738323 0.0260721068219 -1.8245125481
000007 -0.0910563913612 0.0331186736913 -2.16102013285
000008 -0.121770640415 0.0424152031985 -2.51428708461
000009 -0.158886824151 0.0459065067125 -2.87144635322
000010 -0.209818425996 0.0495693507412 -3.24090765785
000011 -0.273760523721 0.0562326611637 -3.62146872556
000012 -0.33979621713 0.0657950269494 -4.0097723945
000013 -0.396192448136 0.0754305598325 -4.40516789215
000014 -0.449792137921 0.0879033093032 -4.81530141367
000015 -0.502324755991 0.0944927584867 -5.23709738579
000016 -0.559082962049 0.0992558663467 -5.67316076797
000017 -0.613789670267 0.094124475405 -6.12048508476
000018 -0.65876925964 0.0851328023994 -6.58433573685
000019 -0.699905653638 0.0782045568602 -7.06141863822
000020 -0.755702513551 0.0637847423387 -7.55814078855
000021 -0.817697014186 0.0602785334114 -8.056802411
000022 -0.888918805296 0.0581156147059 -8.57540532199
000023 -0.964946735279 0.0551155797174 -9.10317452515
000024 -1.03812769777 0.0122737092222 -9.64434557046
000025 -1.12138510405 -0.0163613261258 -10.1950627207
000026 -1.21700677505 -0.0144921855174 -10.7536178582
000027 -1.32317076627 -0.0248964352582 -11.3229593841
000028 -1.42167121379 -0.0467415063237 -11.901118968
000029 -1.52086247801 -0.0817730368932 -12.4956052064
000030 -1.62769829966 -0.14017725385 -13.0982235549
000031 -1.71145697641 -0.239066004626 -13.7168301555
000032 -1.77502401415 -0.364029155332 -14.3492949516
000033 -1.83634827429 -0.496738066762 -14.9943364194
000034 -1.90204282482 -0.646988527082 -15.649995394
000035 -1.97086250061 -0.767559451124 -16.3197220873
000036 -2.04763405112 -0.882210579368 -17.0160823218
000037 -2.12259241753 -0.989216504423 -17.6897069763
000038 -2.19996713407 -1.09056235925 -18.3925963876
000039 -2.28294348814 -1.1617073497 -19.1134250851
000040 -2.37369209803 -1.18938492602 -19.8470794637
000041 -2.50067652367 -1.17190690875 -20.5940074915
000042 -2.63645665479 -1.13556570574 -21.3494139056
000043 -2.79065947192 -1.088808033 -22.1198158932
000044 -2.98564355213 -1.02421344996 -22.8911970548
000045 -3.17953891388 -0.877321152038 -23.690189693
000046 -3.38323042201 -0.739591173072 -24.4721949805
000047 -3.59729271844 -0.636409369869 -25.2696758564
000048 -3.83230989083 -0.586033752409 -26.0666291088
000049 -4.08383001163 -0.559529786843 -26.8706560912
000050 -4.33241161361 -0.529424671042 -27.6820170643
000051 -4.58431620031 -0.475864495684 -28.5048023973
000052 -4.83260740314 -0.400236936727 -29.3355467231
000053 -5.0931883411 -0.274838521708 -30.1804887142
000054 -5.3430988112 -0.0987966041278 -31.0364094809
000055 -5.60441186383 0.0559657331987 -31.8984912167
000056 -5.86769015777 0.135504466013 -32.7692212259
000057 -6.09642887849 0.175245939725 -33.6558922203
000058 -6.3218695094 0.23996842187 -34.5554737359
000059 -6.53591574909 0.315826266764 -35.4701257162
000060 -6.73191951424 0.338637141329 -36.4026947192
000061 -6.89157779428 0.327681683059 -37.3476202754
000062 -7.00564381476 0.311847439332 -38.3352275176
000063 -7.05136010853 0.371787774407 -39.3529654487
000064 -7.07462846833 0.452329959251 -40.380928977
000065 -7.1041883343 0.50310710546 -41.4205789608
000066 -7.16147019176 0.510273147092 -42.4660987547
000067 -7.25487289998 0.510655810725 -43.5148219324
000068 -7.39397819372 0.606991597792 -44.5603535974
000069 -7.57909977126 0.821698319614 -45.5977064095
000070 -7.83354218487 1.04500066656 -46.6201331402
000071 -8.18942222226 1.18337171175 -47.6242257914
000072 -8.66899028428 1.10343054917 -48.6070457209
000073 -9.22668588777 0.965475792143 -49.5839118017
000074 -9.78340958278 0.9866075394 -50.5508295688
000075 -10.3068034559 1.24382250168 -51.5166516827
000076 -10.7853827052 1.50114790031 -52.4845601593
000077 -11.1576410215 1.43941607028 -53.4693493239
000078 -11.480889824 1.16983096009 -54.4661777921
000079 -11.7438630773 0.755568849077 -55.4723196828
000080 -12.0588546283 0.746559883219 -56.4704261524
000081 -12.383572296 0.913719359666 -57.4665191496
000082 -12.6921723014 1.28197832109 -58.4670940902
000083 -12.9909659316 1.47075924915 -59.4714487419
000084 -13.2964196025 1.43601775675 -60.4789721786
000085 -13.6488367258 1.33547811326 -61.4807230342
000086 -14.047788184 1.1979946467 -62.4648593383
000087 -14.4862806453 1.17436670021 -63.4482036036
000088 -14.933560087 1.25996767359 -64.4125844323
000089 -15.4365970673 1.32200102212 -65.3723699028
000090 -15.9820599829 1.26327675047 -66.323966687
000091 -16.5477817181 1.21393421037 -67.2746537526
000092 -17.1302829062 1.18409312377 -68.219253313
000093 -17.7225140687 1.13835620661 -69.1619784964
000094 -18.3663989699 1.06085637301 -70.1056045575
000095 -19.0182510092 1.12078608712 -71.0379267945
000096 -19.6768438769 1.23921001608 -71.9507025673
000097 -20.3447448989 1.344636781 -72.8712523759
000098 -21.0108676529 1.33705857192 -73.7935332698
000099 -21.6880676591 1.24005854722 -74.7180519186
000100 -22.3264874021 1.22635956132 -75.654687317
000101 -22.8965285053 1.32705798254 -76.6164365313
000102 -23.431968422 1.33031000477 -77.5908141539
000103 -23.9557687057 1.28389030332 -78.5712498585
000104 -24.5205138488 1.08712555561 -79.5431757994
000105 -25.0716541689 0.902840233617 -80.5223769164
000106 -25.6246034075 0.823778798716 -81.5036958686
000107 -26.1611285913 0.98324382279 -82.4900719109
000108 -26.729665329 1.117826351 -83.4729608345
000109 -27.2952070223 1.14534189246 -84.4579867525
000110 -27.839556403 1.17545888533 -85.4482332891
000111 -28.3436709453 1.2174720792 -86.4649967562
000112 -28.7817117902 1.28685033224 -87.5085634489
000113 -29.2287214629 1.35332656275 -88.550539326
000114 -29.7081774481 1.20624632049 -89.5856299353
000115 -30.2742937871 1.15410089911 -90.6005680956
000116 -31.0077707635 1.32242826843 -91.5525422216
000117 -31.9746735336 1.49951446558 -92.4263909541
000118 -33.0345100972 1.7550197152 -93.2663776311
000119 -34.0792294975 2.09025880494 -94.1043246766
000120 -35.1502935857 2.18790463913 -94.9304101225
000121 -36.2810044125 1.95188881108 -95.733490432
000122 -37.4559146641 1.90268938661 -96.5100186202
000123 -38.6216136387 1.81992833369 -97.2853784402
000124 -39.8126281642 2.08776380276 -98.0379524761
000125 -41.0417679795 2.34376493908 -98.7694372086
000126 -42.267448786 2.43959371766 -99.4946995926
000127 -43.4884882087 2.34254900413 -100.217865124
000128 -44.6907954257 2.19704055353 -100.945435466
000129 -45.871157164 2.06902887837 -101.667103809
000130 -47.0229360502 2.07035565631 -102.404652872
000131 -48.0703147288 2.28026355565 -103.180452124
000132 -49.0231753829 2.63838071094 -103.994605497
000133 -49.9231049956 2.70060838059 -104.836841841
000134 -50.817638762 2.58572339879 -105.681172023
000135 -51.6431307674 2.5396624572 -106.557962989
000136 -52.3768686682 2.37547081533 -107.477923918
000137 -53.0277868654 2.20430897417 -108.440630204
000138 -53.5897615619 2.42494110344 -109.427383883
000139 -54.0969134293 2.93998373675 -110.438666695
000140 -54.5475660395 3.60308305821 -111.511536998
000141 -54.9458501827 3.91416250101 -112.525092647
000142 -55.2921243954 4.09129272495 -113.604869509
000143 -55.6010918116 4.46025686429 -114.691471344
000144 -55.8824182346 4.79038174195 -115.789744602
000145 -56.142988412 4.97950245416 -116.895245193
000146 -56.4548659393 5.21927323513 -117.948997654
000147 -56.7537451211 5.72632714358 -118.98649385
000148 -57.0087485069 6.05770407202 -120.046285207
000149 -57.2211588098 6.25134148959 -121.119855031
000150 -57.3798830177 6.2385842679 -122.22024807
000151 -57.4549306948 6.12279920195 -123.350731458
000152 -57.4040729343 5.95696174163 -124.525438309
000153 -57.1285580563 5.74816588626 -125.791040486
000154 -56.5535936934 5.4796347637 -127.187933804
000155 -55.8395706302 5.23904088314 -128.633064016
000156 -55.0175632517 5.11700039842 -130.114027823
000157 -54.0228796522 5.13205674844 -131.647681801
000158 -52.8398736472 5.14581367512 -133.238897336
000159 -51.5199433867 5.11021015834 -134.866484826
000160 -50.0821366711 5.05816323296 -136.515152485
000161 -48.5746496408 4.81927097439 -138.165556566
000162 -46.9436985204 4.28742360327 -139.840982617
000163 -45.149166535 3.88353284087 -141.537032127
000164 -43.1838038842 3.78288805017 -143.249706682
000165 -41.065976128 3.95949867147 -144.963755533
000166 -38.9464937854 4.16085122025 -146.635542952
000167 -36.8746356711 4.19437520891 -148.255373863
000168 -34.8256534873 4.04151771193 -149.836279205
000169 -32.8009433156 3.85978369068 -151.361443134
000170 -30.7367669038 3.76382663609 -152.852835776
000171 -28.6996585327 3.71798335376 -154.299560857
000172 -26.6326819548 3.95085535731 -155.705460415
000173 -24.6636272437 4.45878651317 -157.050770488
000174 -22.677858198 4.54961395153 -158.367472298
000175 -20.6248898466 4.32498440438 -159.66715488
000176 -18.6529129945 4.04226442322 -160.919613295
000177 -16.691213524 4.00191650552 -162.129994737
000178 -14.6965190747 4.34128829938 -163.301259415
000179 -12.7626422178 4.67746139442 -164.433240483
000180 -10.8977069345 4.85281591872 -165.532054125
000181 -9.1314325743 4.75167686503 -166.602638968
000182 -7.38702665416 4.82856596133 -167.639330617
000183 -5.66260854538 5.17914330201 -168.639485336
000184 -3.79803313029 5.66001316179 -169.595487853
000185 -1.99320935855 5.87867348349 -170.532458571
000186 -0.0452765124508 5.83756054277 -171.435908792
000187 1.97249229926 6.01850941197 -172.30491582
000188 4.27032008977 6.5546972483 -173.120137365
000189 6.69827499409 7.12574483293 -173.897464053
000190 9.42294706009 7.22195501994 -174.637296458
000191 12.0815650227 7.09215543077 -175.322519462
000192 14.8029680043 6.84908552784 -175.971107095
000193 17.619716227 6.68546582656 -176.560804132
000194 20.5561218668 7.10723774293 -177.072993609
000195 23.5792169289 7.61024104002 -177.515270533
000196 26.5429089586 8.00737584763 -177.921363337
000197 29.4078057729 8.48153042988 -178.290584713
000198 32.0564483652 8.81166482723 -178.657232177
000199 34.4515709903 9.06192550837 -179.035127663
000200 36.7124642206 9.10847956542 -179.421856103
000201 39.0525653781 9.17536627145 -179.777683212
000202 41.3495744144 9.36761138606 -180.081253581
000203 43.6074055533 9.52852135601 -180.38607244
000204 45.7937158658 9.46942744168 -180.695417694
000205 47.7452329442 9.25281778803 -181.057084414
000206 49.446962112 9.08491758421 -181.465333385
000207 50.8002072803 9.20314873465 -181.958986698
000208 52.0760304483 9.80310142077 -182.451174755
000209 53.337570339 10.7437489772 -182.934682833
000210 54.6788529257 11.3949523874 -183.400959373
000211 56.0210063329 11.8143463917 -183.883941191
000212 57.4055748291 12.3139990053 -184.352930513
000213 58.8363867358 12.8430533061 -184.807350446
000214 60.3560202112 13.1999632832 -185.244561817
000215 61.9677412141 13.3277987308 -185.667788593
000216 63.6656632142 13.2814627792 -186.071309218
000217 65.5119746843 13.0082260391 -186.43441237
000218 67.4850417221 12.7194523203 -186.74763591
000219 69.7435803801 12.2909243106 -186.973485317
000220 72.3224978488 12.1594281299 -187.004382644
000221 75.5351883304 12.6810482482 -186.730033091
000222 79.1735596796 13.5567082359 -186.202587638
000223 83.0829872294 14.0771151665 -185.51327636
000224 87.1850517498 14.4488041612 -184.657395493
000225 91.3101610732 14.812783907 -183.701186517
000226 95.4459228612 15.2604130495 -182.642966969
000227 99.5771815987 16.1256847492 -181.447974741
000228 103.704323264 17.0011206595 -180.161386614
000229 107.840691903 17.8699662682 -178.762457617
000230 111.857898266 18.1459830434 -177.390671047
000231 115.837633737 17.7462742607 -176.01464531
000232 119.57931744 17.5778020209 -174.675482176
000233 123.205912001 17.7614530994 -173.301787674
000234 126.705536366 18.2483040556 -171.90943953
000235 130.195705681 18.5179188336 -170.458629033
000236 133.695237546 18.8501594165 -168.924073308
000237 137.19321664 19.1407320737 -167.294541841
000238 140.60161255 19.3450639661 -165.666631846
000239 143.938687544 19.464921337 -164.020093186
000240 147.182126367 19.1166855155 -162.420211715
000241 150.280114679 19.1256714947 -160.841950939
000242 153.410267193 18.938588237 -159.177382665
000243 156.478741892 18.5441886642 -157.504960365
000244 159.467783001 17.9021659163 -155.864884736
000245 162.332702058 17.1119152142 -154.2910492
000246 165.101615491 16.5737337617 -152.722591655
000247 167.834167396 16.3690133945 -151.090476059
000248 170.559300287 16.2932832026 -149.378018521
000249 173.241545702 16.410463165 -147.630024022
000250 175.876426679 16.4008250299 -145.876849419
000251 178.455092367 15.4475680657 -144.208426812
000252 180.926253849 14.7591938653 -142.575715982
000253 183.35636255 15.3172709726 -140.804006539
000254 185.868027704 15.8197501622 -138.857532953
000255 188.401664577 16.042253291 -136.833127928
000256 190.904565155 15.6483160867 -134.820243714
000257 193.340578666 15.4559342398 -132.796877363
000258 195.827308071 14.8588217617 -130.656194089
000259 198.435529974 14.1756100893 -128.216980277
000260 201.336761115 14.2551415729 -125.124007666
000261 204.457154483 14.944428816 -121.389083418
000262 207.718978056 15.7457415801 -117.173258438
000263 210.921428085 16.2585607611 -112.792286712
000264 213.981761998 16.6767218872 -108.367917729
000265 216.922896691 16.82917296 -103.908692793
000266 219.713519115 17.0517231957 -99.4025367589
000267 222.405771453 16.6545576701 -94.878879102
000268 224.903697647 16.1940791871 -90.4684785978
000269 227.179056177 16.0448201033 -86.2032625916
000270 229.288898545 16.0020100334 -82.0381899072
000271 231.211128261 15.8748450646 -78.100834588
000272 232.937389413 15.8344925292 -74.3995371599
000273 234.523914455 15.5044951835 -70.925266281
000274 235.98904992 15.171301279 -67.5656476187
000275 237.362521552 14.705778845 -64.3129686937
000276 238.64551574 14.6942609303 -61.0107913163
000277 239.853094184 14.8669200865 -57.6715686802
000278 241.012211137 15.4697294594 -54.1107019796
000279 242.103337621 16.5883852465 -50.3367813457
000280 243.105176276 17.8463924753 -46.4678646974
000281 244.000118146 19.1127210073 -42.6743158689
000282 244.838743206 19.6492877112 -38.9766662902
000283 245.56943999 20.5625789925 -35.2402505922
000284 246.27050359 21.3025938715 -31.1799561213
000285 246.910820817 22.0524450693 -26.7047100936
000286 247.459018253 22.802322758 -22.0655871382
000287 247.894652331 23.4322084008 -17.4820531536
000288 248.233964299 23.8167534045 -12.9006718371
000289 248.467579554 24.1155684478 -8.45308852008
000290 248.631332215 24.0095026967 -4.13997827657
000291 248.689528906 23.8975272214 0.134258867768
000292 248.688233803 23.4249920804 4.34829306542
000293 248.552837603 23.3259695575 8.58469104091
000294 248.299861168 23.6055314562 12.7063553198
000295 247.964965841 24.068153738 16.464069543
000296 247.535231197 24.9340912531 19.9128585196
000297 247.021580123 26.0443815005 23.2919918087
000298 246.397424071 27.3087572211 26.8981440161
000299 245.684706621 28.5275408295 30.6138246296
000300 244.879942814 29.9092039641 34.2787110592
000301 244.0591612 30.8856975392 37.825859809
000302 243.243146042 31.313716013 41.3147799942
000303 242.374734186 31.7515627879 44.7067317843
000304 241.493566019 31.938230944 47.9631691156
000305 240.383553525 33.3534131564 51.2637211645
000306 239.28603663 34.0924209112 54.605957529
000307 238.255932428 34.4606845225 57.6017306467
000308 237.369356124 34.0460153858 60.253324743
000309 236.465647851 33.9887893204 62.5987059578
000310 235.68979496 33.6276380483 64.5540446494
000311 234.986494965 33.7034033976 65.9373738932
000312 234.390990405 34.1143312483 66.7399913
000313 233.891968364 34.6556718858 67.1280962512
000314 233.456240507 35.2160565058 67.2913096929
000315 233.10657498 35.7946406944 67.149865173
000316 232.7461103 36.4848540887 66.9839384568
000317 232.488396867 36.0213993936 67.0764334406
000318 232.345260286 35.1185217046 67.0009716615
000319 232.294263467 34.672626137 66.3850271021
000320 232.278490859 34.9527843278 65.2894759125
000321 232.336826109 35.069627503 64.0251723786
000322 232.393574866 35.6616784472 62.5135435167
000323 232.461499397 36.2421557912 60.9555470457
000324 232.655732238 36.4622155658 59.1097853297
000325 232.809306681 37.0429198167 57.1907518544
000326 233.064426175 37.4001655127 54.9639752385
000327 233.376507881 37.5977246881 52.5346606499
000328 233.785490813 37.0956818095 50.0970328488
000329 234.254375554 36.4402019077 47.4112585033
000330 234.664909242 36.0815497755 44.6852158898
000331 234.998126559 35.9774470076 42.0537054376
000332 235.267693634 36.0927628082 39.5035858542
000333 235.530091613 36.1225413641 36.969630962
000334 235.802496612 35.9382203221 34.4795815734
000335 236.079991866 35.7897006584 31.811152091
000336 236.326748973 35.7093967012 29.1412935213
000337 236.562913777 35.5506131878 26.4836015028
000338 236.69781922 35.9308553276 23.8666359211
000339 236.822905907 36.2525739561 21.2633244507
000340 236.97210172 36.2902795039 18.6524017
000341 237.090375799 36.3375598742 16.2306798184
000342 237.198899616 36.349369957 13.8064705377
000343 237.336396115 36.113436249 11.2759043844
000344 237.435860853 36.0309218602 8.63503580393
000345 237.596634013 35.4175261173 5.95899869761
000346 237.73420002 34.8640422135 2.84524887451
000347 237.794345428 34.6447152859 -0.456898477852
000348 237.815469268 34.467849802 -3.76472758596
000349 237.742441816 34.7992816658 -6.63798942725
000350 237.677610888 35.0848676334 -8.86464989377
000351 237.573618439 35.6319346446 -10.7833954841
000352 237.54512375 35.6695495255 -12.4917668396
000353 237.543184913 35.4881247631 -14.1814316309
000354 237.547153547 35.230670393 -15.8684873733
000355 237.574890364 34.7684260201 -17.5366905298
000356 237.557964547 34.4714220185 -19.4098034434
000357 237.509754202 34.3511672595 -21.2496702643
000358 237.458219124 34.2529736503 -23.0838884467
000359 237.476013272 33.7125536018 -24.7707138247
000360 237.404548595 33.5489766234 -26.7190527306
000361 237.311681857 33.1350624643 -29.0706846617
000362 237.187164248 32.5688115198 -31.6801009646
000363 237.012062328 32.3692491132 -34.1622041188
000364 236.803000326 32.0991844076 -36.8535525584
000365 236.531116912 31.7274908493 -39.8829373452
000366 236.241653215 30.9817043578 -43.1288213563
000367 235.878617086 29.9451342051 -46.7838484602
000368 235.398144948 29.4042929733 -50.4748570105
000369 234.811384848 29.5284768949 -54.1085398978
000370 234.223315036 29.4046160011 -57.6910879649
000371 233.495161745 29.7280466352 -61.4404406817
000372 232.806022741 29.6469234085 -65.0714559632
000373 232.028752465 29.8521247052 -68.7156162778
000374 231.240364032 30.2663911117 -72.1731183651
000375 230.526198945 30.5306365822 -75.3287186494
000376 229.892035298 30.5945029388 -78.2341122794
000377 229.245599671 30.5855001454 -81.1312212324
000378 228.537848653 30.8563659435 -84.023985965
000379 227.793024809 31.0564701763 -86.9603769518
000380 227.057036746 30.9050806493 -89.926355625
000381 226.26278144 30.7382265158 -92.9591618062
000382 225.436894396 30.8930416128 -95.8942828842
000383 224.589033339 30.7110456773 -98.9139857756
000384 223.633953737 30.792643283 -102.009871178
000385 222.728926531 30.8977362398 -104.920531727
000386 221.724020617 31.2365089626 -107.920076666
000387 220.614825195 31.6611455978 -111.020173904
000388 219.564059331 31.5975316639 -114.07364774
000389 218.486266933 32.0580761366 -116.967839343
000390 217.364703717 32.3595461398 -119.931917234
000391 216.228069064 32.2605064001 -122.956747672
000392 215.07737354 32.0928648524 -125.957285904
000393 213.88290633 31.8666880501 -128.985310303
000394 212.674616894 31.9351119151 -131.906183395
000395 211.505511236 32.0039675249 -134.71091549
000396 210.503408331 32.401533482 -137.139474954
000397 209.686391458 32.6462253355 -139.287921093
000398 209.008584386 33.3184772522 -141.110053197
000399 208.476076712 33.9782837294 -142.746548285
000400 208.119696209 34.2981587071 -144.221110731
000401 207.8376231 34.5802668176 -145.568599262
000402 207.576749674 34.6352607692 -146.93950634
000403 207.3365708 34.27619068 -148.357196796
000404 207.103738477 33.7959427098 -149.789801532
000405 206.817426193 34.0639168952 -151.115688938
000406 206.697857524 33.7788407698 -152.331247974
000407 206.52030182 33.7857913156 -153.55641919
000408 206.343643236 34.3472612758 -154.658937972
000409 206.130215984 34.9342067722 -155.806421528
000410 206.076053025 35.0297447924 -156.85285442
000411 205.936451295 34.9768312139 -158.031460318
000412 205.804586831 35.4307211491 -159.096329159
000413 205.735037126 35.8209780141 -160.094721907
000414 205.65342535 36.0489610945 -161.145703858
000415 205.549632893 36.5877020951 -162.15662165
000416 205.40794102 36.7334189006 -163.298959202
000417 205.194636158 36.9043510863 -164.524390485
000418 204.999135161 37.0927761879 -165.718038275
000419 204.707058007 37.5529541988 -166.96831036
000420 204.345628966 37.6866922475 -168.372696273
000421 203.847520814 37.8389046868 -169.929400518
000422 203.358715308 38.0848830554 -171.446903592
000423 202.751531737 38.4205718478 -173.073683147
000424 201.91746864 38.679716128 -174.975869614
000425 200.666463526 38.8353060344 -177.353585381
000426 199.530592047 38.05780056 -179.778238981
000427 198.092186263 38.3296129735 -182.28422665
000428 196.77429943 38.6256580415 -184.637760131
000429 195.2360264 39.0067485774 -187.149144456
000430 193.704775845 39.6138967086 -189.589108341
000431 191.990176321 39.4647896034 -192.334402557
000432 190.075703068 38.7682030057 -195.337815446
000433 187.847255196 38.479123696 -198.527216573
000434 185.572888078 38.2870592825 -201.662737666
000435 183.177601234 38.1807557461 -204.865380123
000436 180.793553109 38.6556345745 -207.860471297
000437 178.233921858 39.4634216778 -210.908123235
000438 175.694360156 39.4814145188 -214.026258108
000439 173.055353047 39.9945420273 -217.081376054
000440 170.503613882 40.9120810662 -219.93633807
000441 167.937503768 41.8359607397 -222.752995515
000442 165.317605308 41.8984570685 -225.71037819
000443 162.462632382 41.20072789 -228.929031862
000444 159.314892088 40.6902539711 -232.254632054
000445 156.048053637 41.0523257293 -235.432926571
000446 152.774206691 41.7401567092 -238.495545218
000447 149.517032873 42.0026419567 -241.552286798
000448 146.012890002 42.5320597526 -244.648782694
000449 142.717178508 42.5128721953 -247.644911742
000450 139.140384346 43.0321603403 -250.647291162
000451 135.920684814 43.2311814213 -253.437513413
000452 132.93202526 43.7106590519 -256.009531417
000453 130.254135007 44.6282849165 -258.301787986
000454 127.684404146 44.6548151014 -260.658688907
000455 125.046103109 44.6295097119 -263.023938517
000456 122.484725173 45.2714023719 -265.206234148
000457 119.91195515 47.1873825765 -267.146702757
000458 117.52701041 48.1069118904 -269.141620564
000459 115.247064974 48.8481072598 -271.098443782
000460 113.244749462 49.9539848273 -272.849580857
000461 111.612044623 50.703727279 -274.497299784
000462 110.524756584 49.743705439 -276.224580897
000463 109.747812527 48.4447784081 -277.87804665
000464 109.234506014 47.5109061512 -279.359349937
000465 108.786614197 47.7165063418 -280.626353754
000466 108.59629515 47.9414581224 -281.794539668
000467 108.319141986 48.4467793827 -282.946458418
000468 108.153539158 48.1738841245 -284.191955531
000469 107.928052747 47.7887701572 -285.480092575
000470 107.560870107 47.3313381089 -286.835337032
000471 107.083812261 46.8702292318 -288.231669449
000472 106.362152449 46.8838846414 -289.643539651
000473 105.142598013 47.0867558839 -291.204130096
000474 103.275165186 47.1804191089 -293.001743494
000475 100.705629567 46.8181142047 -295.097809971
000476 97.6176390616 46.8318510226 -297.274874369
000477 93.9408687877 47.3800637503 -299.518755177
000478 90.0070959499 47.0431739428 -301.919329174
000479 85.965641074 46.9973041403 -304.241880357
000480 81.9182531359 47.8505869447 -306.362404231
000481 77.9097110293 48.5092358202 -308.440114805
000482 73.7485840909 48.4498836016 -310.599843058
000483 69.4844294597 48.3407717227 -312.726676243
000484 65.1556739674 48.673552498 -314.734909449
000485 60.7593827567 48.8453902657 -316.709880286
000486 56.3832302519 48.591387239 -318.678996492
000487 52.4335141071 48.6100155744 -320.469171506
000488 49.1706021159 48.919170364 -322.056780314
000489 46.6266046856 49.2177431951 -323.505183057
000490 44.6795349422 48.9365635552 -324.935397303
000491 43.2404385571 48.9003245611 -326.248050167
000492 41.7434405306 48.5225542652 -327.610192267
000493 40.0980538363 48.3896062437 -328.944656304
000494 38.3904369736 47.7991784987 -330.341153219
000495 36.7052711747 47.157380245 -331.728078375
000496 34.7898824143 46.6818513089 -333.10856152
000497 32.6853049469 46.3067934186 -334.477323943
000498 30.1963874489 46.6492728285 -335.76854013
000499 27.6512481033 48.0229265 -336.900349982
000500 25.3619021263 49.0832063185 -338.030314275
000501 23.3967356272 48.4022598401 -339.363505483
000502 21.9669837376 47.4118800272 -340.689490215
000503 20.7619541591 46.3393495851 -341.997678655
000504 19.92512776 47.0177478275 -343.039492721
000505 19.9716264117 46.989999725 -344.114702484
000506 21.5249127445 47.5435663607 -345.010290624
000507 24.7785463075 48.1548973452 -345.757157453
000508 28.8787251264 48.4393070596 -346.435437333
000509 32.9179418443 48.7592076708 -347.047884344
000510 36.4803950752 49.0996451192 -347.65142101
000511 39.425599457 49.3474942353 -348.283576613
000512 41.5035167923 49.0725850859 -349.052539174
000513 42.8001436037 48.2966741235 -349.96263894
000514 42.9580094534 47.4093508798 -351.016318231
000515 42.0350193491 47.0194877291 -352.132855951
000516 39.7755234342 46.7836439252 -353.37631603
000517 36.6330400908 46.3738397873 -354.712899696
000518 32.5586873844 45.9607342452 -356.107014895
000519 27.5481877149 45.8140789673 -357.488023319
000520 21.587908494 45.9281249384 -358.81739779
000521 14.5755877793 45.7125534678 -360.131243428
000522 6.91222744374 45.1924057937 -361.346745409
000523 -1.5123436245 44.738978152 -362.394099966
000524 -10.561481002 44.256406567 -363.225688109
000525 -20.1849992245 43.6599771248 -363.800170247
000526 -30.1849894112 42.4529999227 -364.170618811
000527 -40.8629799396 41.7744377324 -364.129392325
000528 -51.7871137212 41.5249992568 -363.675148858
000529 -62.9912199123 41.8096787416 -362.794285417
000530 -74.2997155732 41.1380246436 -361.632858465
000531 -85.3225165799 40.5216899409 -360.185592195
000532 -95.8204424364 39.9019465603 -358.531373591
000533 -105.23379176 38.525001426 -356.947209265
000534 -112.99969647 37.9430484564 -355.557416156
000535 -119.33238484 38.4784304286 -354.362666026
000536 -123.611049532 39.8022786086 -353.688234277
000537 -125.849057143 39.3249075554 -353.8980889
000538 -126.989211484 36.4109665938 -354.748473626
000539 -127.209809234 34.3320316593 -355.836086333
000540 -126.658749556 33.4120638113 -357.091437948
000541 -125.549673074 33.5321118681 -358.455653382
000542 -124.485295052 33.86970794 -359.786791518
000543 -123.437111732 33.5379149867 -361.177837219
000544 -122.487019757 32.0395640851 -362.64653105
000545 -121.648422763 30.5137199067 -364.080449454
000546 -120.93361926 29.6842260179 -365.419583532
000547 -120.416659316 30.2117120329 -366.596562139
000548 -120.131561432 30.8323781913 -367.697887552
000549 -120.004422796 31.1417200976 -368.783708384
000550 -120.015465044 30.9992166153 -369.871615487
000551 -120.238620814 30.5614751792 -370.923625995
000552 -120.525347345 30.2953487169 -371.946692865
000553 -120.89526313 29.5261646601 -372.989034998
000554 -121.442728452 28.3811543177 -374.01124135
000555 -122.487784251 27.8876747381 -374.823597802
000556 -124.132013333 28.524671313 -375.35879887
000557 -126.614123986 29.6786492645 -375.565796591
000558 -129.976836456 30.1758288452 -375.498949469
000559 -133.630381218 30.1490495993 -375.342589739
000560 -137.259543768 29.7167375246 -375.188226782
000561 -140.803623043 29.4438367325 -375.015711602
000562 -144.310650614 29.598045153 -374.791766171
000563 -147.875667946 30.0440600646 -374.48875702
000564 -151.312939814 30.205655213 -374.221123019
000565 -154.676368977 29.5817172912 -374.010037246
000566 -157.965131397 28.5901113785 -373.820050685
000567 -161.098800005 28.1462087575 -373.619099345
000568 -163.982095257 28.0187508113 -373.47932722
000569 -166.586435296 27.8204075122 -373.443346778
000570 -168.861976726 27.6174416749 -373.534142423
000571 -170.915435612 27.5431208652 -373.704686263
000572 -172.998426745 26.5440327855 -373.913222363
000573 -175.041193257 25.4242674842 -374.135093832
000574 -177.275263041 25.5951155931 -374.168845192
000575 -179.124409644 26.7990963089 -374.303868007
000576 -180.919646878 27.2846309243 -374.506215182
000577 -182.234595207 27.4637425911 -374.957044396
000578 -183.483818329 26.8620491363 -375.49655589
000579 -184.390654899 28.1728237486 -376.064975653
000580 -185.052736114 30.6885743469 -376.654328684
000581 -185.302928008 31.5000524138 -377.574514637
000582 -185.574067558 32.5245376324 -378.465434252
000583 -185.750195556 33.6068697906 -379.40330215
000584 -186.060243524 34.2827198426 -380.310200916
000585 -186.31228254 34.6827365812 -381.270794438
000586 -186.71575923 35.0083553587 -382.163459057
000587 -187.16315092 35.6233417812 -383.011065959
000588 -187.693974189 36.2309754717 -383.818818959
000589 -188.210570561 36.8267207331 -384.631119757
000590 -188.539490309 37.5246475989 -385.523077457
000591 -188.826263397 37.9305692874 -386.460744518
000592 -188.738850325 38.3528735255 -387.575339388
000593 -188.293584453 38.6208145914 -388.879535452
000594 -187.593659387 39.2766191714 -390.267789154
000595 -186.915724976 40.2671664564 -391.605124143
000596 -186.373359333 41.0168604436 -392.896527092
000597 -185.790021497 41.7300368482 -394.208051634
000598 -185.220420822 42.0239492025 -395.551742636
000599 -184.654026062 42.1047149796 -396.910333283
000600 -184.071198342 41.8945196176 -398.300132491
000601 -183.562496293 42.6748458283 -399.543440241
000602 -183.094599381 44.3948821309 -400.668474264
000603 -182.528745363 46.1677296832 -401.814668243
000604 -182.013580544 47.1682310769 -403.016356477
000605 -181.488926862 47.6443009223 -404.271906533
000606 -180.927429291 48.1046352245 -405.53760805
000607 -180.607567867 48.8599168612 -406.659678425
000608 -180.462299076 49.8459291549 -407.666563033
000609 -180.515782195 49.5843380676 -408.728899064
000610 -180.327126919 49.9965412369 -409.812797671
000611 -180.486976379 51.319798106 -410.626973115
000612 -180.647025649 52.2114822528 -411.485956284
000613 -180.838588525 52.7317820318 -412.368169866
000614 -181.007458311 52.554754603 -413.341443494
000615 -181.123081587 52.3442446241 -414.334244974
000616 -181.205317441 52.7564745741 -415.263274643
000617 -181.429445926 53.797115352 -416.043979932
000618 -181.682996944 54.4472983734 -416.852996598
000619 -181.925281927 54.5809632859 -417.72595438
000620 -182.092623206 54.4356683395 -418.661820613
000621 -182.207734166 54.4617422969 -419.596448223
000622 -182.223403578 54.9353667827 -420.511693581
000623 -182.170064327 55.6561005861 -421.418087516
000624 -182.15809326 56.4213817402 -422.291178571
000625 -182.213617346 57.3874383504 -423.101653783
000626 -182.405707307 59.1274083492 -423.744510589
000627 -182.949982583 61.1043378623 -424.189301597
000628 -183.747995309 62.6720052929 -424.577722686
000629 -184.472996962 64.0547538077 -425.01203112
000630 -185.128311362 65.0340002666 -425.523016764
000631 -185.798445046 65.9687680288 -426.035637626
000632 -186.588546554 66.4422370505 -426.558056932
000633 -187.101943288 66.8462228467 -427.207309966
000634 -187.135176848 67.4509847009 -428.026350621
000635 -186.909930814 67.3771065628 -429.05308568
000636 -186.392794823 67.7271393355 -430.13413369
000637 -185.757988855 68.5969646562 -431.173718316
000638 -185.402139534 69.5429479662 -432.065651738
000639 -185.085165148 69.8406247266 -433.033872578
000640 -184.928376503 69.5509553849 -434.009873923
000641 -184.556800398 68.6632179923 -435.157103599
000642 -184.176173847 67.9404023238 -436.264212888
000643 -183.866493057 67.4344483902 -437.292922995
000644 -183.495687435 66.9822350228 -438.329888112
000645 -183.084453788 66.9096186645 -439.320087853
000646 -182.47106157 66.8348383248 -440.389314444
000647 -181.599225888 66.6949345322 -441.570245315
000648 -180.14489934 66.3203734862 -443.018414314
000649 -177.778445506 65.9941438669 -444.818097054
000650 -174.647224515 65.500265364 -446.928023761
000651 -170.298710931 65.5065121371 -449.397904613
000652 -165.064073698 66.5432027405 -451.988656206
000653 -158.67876074 69.2491183711 -454.669213919
000654 -151.156400998 71.4360324877 -457.676420362
000655 -142.425424539 71.766703689 -461.212700278
000656 -132.757139121 72.2573967241 -464.808266544
000657 -121.971734001 72.6933076808 -468.468291479
000658 -110.240462826 74.1055288281 -471.945129191
000659 -97.6991255453 73.9702573188 -475.5000376
000660 -84.571900236 73.5984426952 -478.867499004
000661 -71.650257943 72.4632719962 -481.939974018
000662 -58.617738092 71.9891066976 -484.548556406
000663 -45.4707040913 72.1818187767 -486.729981576
000664 -32.4043419899 72.6664533984 -488.502692998
000665 -19.4216094887 73.4289690061 -489.865894459
000666 -6.87052744283 73.8877804466 -490.940379237
000667 5.63213790264 73.9341739677 -491.742483819
000668 18.4159322786 73.80282697 -492.261785174
000669 30.926636869 73.5646829915 -492.487616236
000670 43.2590182733 72.7407239376 -492.486681048
000671 54.9489808818 71.8325032875 -492.276906998
000672 65.6361287567 70.6436310893 -491.950037725
000673 75.7750311935 70.1071639735 -491.39826289
000674 85.2707992424 69.7886655276 -490.723095495
000675 94.4542081797 69.1537845413 -489.957934581
000676 103.333319082 68.8984673674 -489.041843128
000677 112.431535838 68.3066932343 -487.961173066
000678 121.555215979 68.046262107 -486.648092274
000679 130.791882637 67.9908977258 -485.111312537
000680 140.14915083 68.3441277429 -483.293606086
000681 148.986494222 68.8891979316 -481.42903591
000682 157.654097621 68.7550187327 -479.546484514
000683 166.370269894 67.7202180717 -477.597718502
000684 174.720991127 65.2055167547 -475.825302526
000685 183.301132517 65.3319848136 -473.442950887
000686 192.309934513 64.432556683 -470.844973215
000687 202.103934353 64.7560026278 -467.560932653
000688 212.353977707 65.8257925499 -463.724874396
000689 222.873744994 67.0035086109 -459.465993684
000690 234.129489111 67.4548750037 -454.653231324
000691 246.101050634 67.2925888179 -449.177289816
000692 258.49863454 66.9054213959 -443.098397803
000693 270.766078537 66.3346304252 -436.678966798
000694 282.647118437 65.5657594268 -430.056490356
000695 294.267689331 64.6316141111 -423.204647654
000696 305.374388528 64.34810862 -416.171128325
000697 315.851939133 63.6555092497 -409.225780334
000698 325.341983945 62.7195770607 -402.733075755
000699 333.844839243 61.398045367 -396.768076576
000700 341.644178885 61.0526914573 -390.992835917
000701 349.144960996 62.0698366206 -385.020764766
000702 356.504275717 62.2267481433 -379.055840253
000703 363.597598876 61.392433197 -373.272867727
000704 370.870685363 59.9712788801 -367.16331329
000705 378.094463673 60.8237772736 -360.452792824
000706 385.285512662 63.567414123 -353.17366818
000707 392.851231648 64.5951252408 -345.428072033
000708 400.700450036 64.2900890418 -337.252016835
000709 408.745328915 63.0504074659 -328.600359763
000710 416.648685759 61.4962775161 -319.701990381
000711 424.546835643 60.2662759495 -310.288806937
000712 432.402495035 58.2745123585 -300.54741468
000713 440.101194473 56.2849444025 -290.43538527
000714 447.502264693 55.2831850741 -280.022697202
000715 454.634334076 54.6287852805 -269.325217503
000716 461.519734556 53.9271745158 -258.437860619
000717 468.147006812 53.1733851015 -247.344371293
000718 474.494124936 53.4769436035 -235.792427559
000719 480.564425602 53.5602593945 -224.107294047
000720 486.475669461 53.5385522113 -211.948019097
000721 492.071622883 53.105961793 -199.656598081
000722 497.484709419 51.8204638317 -187.104977732
000723 502.543481054 49.4037377821 -174.688096291
000724 507.160057735 48.2587085788 -162.13093589
000725 511.348361362 46.8345821985 -149.846073636
000726 515.106633702 45.1815132414 -137.864372135
000727 518.508563109 44.0558098383 -125.879410041
000728 521.612973817 43.1603751221 -113.701254554
000729 524.310058832 42.9861982452 -101.575197803
000730 526.709270943 42.4887285057 -89.6002043684
000731 528.75178056 42.2104763103 -77.8507324323
000732 530.50476528 42.2441788838 -65.8052224592
000733 531.986269832 42.3649998806 -53.5483900346
000734 533.202223603 41.9582619838 -41.0665860063
000735 534.135381866 41.0655683162 -28.8610087586
000736 534.805669153 39.4657618491 -16.8926144193
000737 535.124434198 38.4704686754 -5.24096566882
000738 535.290559441 35.8992852599 5.68608356967
000739 535.143027267 34.6969558205 15.7299885261
000740 534.708933898 34.5231096311 25.7923488227
000741 534.07748307 34.3958803074 35.775402889
000742 533.167591306 34.8182226029 46.0443534819
000743 532.083258915 34.7398725751 56.2898230964
000744 530.704779737 36.1145027277 66.3498407178
000745 529.131522575 36.6132257233 76.5804608691
000746 527.385197382 37.0228335619 86.597005399
000747 525.531965075 36.8548303242 96.2213397195
000748 523.67640865 36.7519704831 104.790350923
000749 522.06913014 35.2942849577 111.898145856
000750 520.778863206 33.878311042 117.069327174
000751 519.797963251 31.8013298971 120.784769126
000752 519.14994269 28.7400143371 123.143810271
000753 518.658053912 25.9599517907 124.645222283
000754 518.343622805 23.2672525498 125.313360535
000755 518.15774005 21.4664072748 125.242505432
000756 517.999767614 20.9178100786 124.83976668
000757 517.837276356 21.1448189407 124.334071532
000758 517.65052489 21.7274352657 123.872903956
000759 517.448014718 21.684208216 123.578112531
000760 517.314948982 21.2952981697 123.042481161
000761 517.207307503 21.4927794908 122.297235354
000762 517.155735773 20.5074332826 121.435745044
000763 517.076621038 19.9030983705 120.747996166
000764 516.948839523 19.5011345598 120.167982831
000765 516.795030418 19.448618075 119.643183588
000766 516.647147018 19.4737486788 119.07504976
000767 516.46833282 19.5492515206 118.638594156
000768 516.316069113 19.5175959559 118.102530751
000769 516.201120337 19.2163121182 117.432634255
000770 516.100336065 19.262012323 116.645857633
000771 516.053732202 18.3406118699 115.763326627
000772 516.077803597 16.9534605118 114.619489973
000773 516.077154922 17.4534214319 113.307655435
000774 516.137771522 17.2252279418 111.821549636
000775 516.090327213 18.8025535243 110.564282878
000776 516.073531829 19.2146071109 109.334516013
000777 516.159523955 19.6948658399 107.588343094
000778 516.204764823 19.2941054329 106.178771129
000779 516.219510595 18.3165324341 105.006414076
000780 516.16533372 18.2774658154 103.994298912
000781 516.15269751 18.0423570764 102.81571763
000782 516.106642683 18.8809917094 101.615769986
000783 516.043280241 19.7011943344 100.495453044
000784 516.005906303 19.9653484896 99.341535732
000785 515.981700661 19.8639730333 98.1854693496
000786 515.997305134 19.2474137055 96.9046257542
000787 515.977134913 19.1639827068 95.7056590341
000788 515.937870731 19.0764022583 94.6102310062
000789 515.927993688 18.6555633844 93.4144824518
000790 515.889105582 19.0123342087 92.2379931116
000791 515.80932992 20.2496103269 91.1047099143
000792 515.664072945 23.0423323178 89.9828545627
000793 515.494894873 25.4183866666 89.0326932338
000794 515.358419277 27.4855591222 87.9373057868
000795 515.362025657 27.463281167 86.5990196089
000796 515.489415321 26.0522500594 84.9277042359
000797 515.66471853 23.6250537721 83.1961082466
000798 515.808551658 21.7266199738 81.4484443708
000799 515.872328495 20.5506446025 79.9841244516
000800 515.864049457 21.0348207822 78.5574410564
000801 515.870691269 21.2494758332 77.093277098
000802 515.856672461 22.2499005087 75.5650040601
000803 515.894151331 21.2469901578 74.224347859
000804 515.985354217 19.883526012 72.5904143125
000805 516.135458515 18.4292955728 70.5337194952
000806 516.268825459 17.7037748263 68.3777385992
000807 516.232857074 20.2117554402 66.6668998075
000808 516.238715393 21.432658907 64.9559137494
000809 516.265385529 23.9337135129 62.5782616302
000810 516.44234786 23.4016475721 59.9821298939
000811 516.580119745 24.0431778958 57.1671086011
000812 516.681559596 24.2358536102 54.8074588597
000813 516.722702414 24.9007505495 52.7960149317
000814 516.724978161 25.4564053803 51.1894346135
000815 516.754027626 25.6184579549 49.4911098924
000816 516.780105148 25.4094085388 47.9934287718
000817 516.726354395 26.1689340158 46.8792654329
000818 516.688973764 25.7430601257 46.2119744718
000819 516.656104443 25.047216705 45.6342347196
000820 516.635678912 23.7813887309 45.2241407239
000821 516.561961492 22.9272403865 45.2009188734
000822 516.452496217 22.188614837 45.5235366327
000823 516.26881457 22.9210473413 45.9915974462
000824 516.142704704 22.2036278664 46.4629821157
000825 516.037640541 21.7794726536 46.5615385597
000826 515.982363376 19.986864817 46.6620398321
000827 515.862642882 19.5834566207 46.8760570576
000828 515.678806224 20.3541853718 47.3231663171
000829 515.511809858 20.9763133483 47.6010582582
000830 515.307324511 22.3881793176 47.9393014485
000831 515.105831386 23.5732968859 48.3094429556
000832 514.956857322 24.1261648737 48.4168983019
000833 514.834115441 24.4598743547 48.3598882283
000834 514.746324295 24.3824997002 48.1454273871
000835 514.623146556 25.1815721525 47.9028695976
000836 514.481061735 26.2691180308 47.7280531468
000837 514.326198426 28.0776309511 47.3064110041
000838 514.238306308 29.3261569528 46.4442135613
000839 514.203214412 30.2098122121 45.2309779663
000840 514.233720356 31.0401043045 43.2900966957
000841 514.34791911 31.5865932919 40.5122138003
000842 514.516585187 32.2487374524 36.7651773962
000843 514.772183845 32.6359320693 31.6828732847
000844 515.071108516 32.8287219142 25.2737356444
000845 515.350693993 33.0861068653 17.3420434442
000846 515.559135528 33.2402310965 8.23945816366
000847 515.604081538 33.5590041909 -1.6021614362
000848 515.306879625 36.567909555 -11.8045989065
000849 514.836282621 39.165688761 -22.1367485069
000850 514.341622716 39.1116315488 -32.7203153689
000851 513.446225256 41.1264416266 -43.9549270621
000852 512.436877536 41.6082892795 -55.2441852722
000853 511.088482469 42.6085082654 -66.9407633316
000854 509.57744749 43.5418722421 -78.2006489051
000855 507.664511084 46.0499259933 -89.5457435682
000856 505.58978824 47.6452903851 -100.927862707
000857 503.152540633 50.5693767071 -112.253315833
000858 500.53338041 53.2013947304 -123.32029278
000859 497.655752471 55.4986447827 -134.607877567
000860 494.565249969 57.3344915749 -145.933573636
000861 491.218080753 57.6100438599 -157.75237821
000862 487.273493813 57.612387035 -170.61292457
000863 482.960328544 55.1600292611 -184.212889271
000864 478.024189303 52.9767553015 -198.315078023
000865 472.521985028 51.5131347925 -212.51678101
000866 466.382640287 51.2896417003 -226.742085918
000867 459.703763141 52.0499095387 -240.906580162
000868 452.457047874 52.8422150877 -255.173387733
000869 444.491241334 54.3547080959 -269.553770695
000870 435.915082612 57.5445859297 -283.681244314
000871 427.042595607 59.9370843402 -297.497047656
000872 417.566636519 62.9062458476 -311.129474476
000873 408.160093881 63.9221813695 -324.272704594
000874 398.502064398 65.1362178683 -336.901369166
000875 388.508249343 65.889126925 -349.347882112
000876 378.140257636 66.7826292104 -361.494428805
000877 367.478412955 68.0601250681 -373.186948181
000878 356.451163951 69.9951480184 -384.507992951
000879 345.255138266 70.4559643328 -395.63249304
000880 333.219419034 70.7359687898 -406.872531947
000881 321.874709832 68.1412539407 -417.457529096
000882 310.111318659 68.9190058937 -427.254648712
000883 298.612654239 71.1753694162 -436.144516708
000884 287.090327194 73.6959725364 -444.54574183
000885 275.800038726 75.3486295827 -452.487325122
000886 264.431784695 76.3765935819 -460.203958178
000887 253.133407925 77.2169161966 -467.522162601
000888 242.457671704 77.2936957356 -474.269509691
000889 232.477359602 77.5588580402 -480.351076744
000890 223.243856659 78.9323076284 -485.636287431
000891 214.878461593 79.5318287458 -490.463534191
000892 207.104746114 80.4882720769 -494.807419573
000893 200.200187783 81.3587062289 -498.660439474
000894 193.555146677 81.5326072517 -502.420998041
000895 187.365048809 80.5655366401 -506.085526377
000896 181.258688206 78.9120747512 -509.740831349
000897 175.786623748 77.3658514359 -513.068770451
000898 171.362189206 77.49699881 -515.728706942
000899 168.412581914 78.0492133275 -517.805149794
000900 165.945710765 78.970615334 -519.642030851
000901 164.146775362 80.1590781626 -521.211390362
000902 162.380391324 80.790980941 -522.842576694
000903 161.04343762 81.2395593346 -524.363671554
000904 159.490195803 81.2611881398 -526.008210858
000905 158.139648735 80.373461394 -527.720749711
000906 157.363582348 78.7133491298 -529.367687906
000907 156.699468536 77.3295993197 -530.928487872
000908 156.601214957 77.0208836927 -532.159368936
000909 157.095927849 77.4367428998 -533.093508183
000910 158.386851758 78.6214438863 -533.669743071
000911 160.64505121 79.9181377622 -533.920290528
000912 163.666921588 81.3992136102 -533.888446945
000913 167.37336051 82.1013414518 -533.717212163
000914 171.441411354 82.0117031824 -533.50389884
000915 176.482573188 80.5614676138 -533.131067858
000916 182.488302782 79.7805106578 -532.252171331
000917 189.679017422 78.2454071139 -530.977561866
000918 196.833666237 76.8727972002 -529.566225351
000919 204.522915106 75.1725688153 -527.859127137
000920 212.148410905 73.6863381034 -526.012873524
000921 220.261129956 72.5388451214 -523.764674153
000922 228.523674365 68.7695705326 -521.633843736
000923 237.269459446 63.5707922516 -519.265256017
000924 245.879826875 55.8581475889 -516.983179545
000925 254.800174133 50.359224412 -514.05952343
000926 264.900472061 45.4938458487 -510.202014805
000927 275.982167331 43.7753059627 -505.261987571
000928 288.238823044 46.8704940494 -498.904506433
000929 301.765506554 48.1783785395 -491.485559149
000930 316.403494586 49.2373728403 -482.870404331
000931 332.188470419 50.2112592873 -472.775613169
000932 349.79157195 47.3684952425 -460.950713756
000933 368.056648962 41.9675329295 -447.789714451
000934 386.012917914 35.2576591165 -433.679990724
000935 403.624541559 31.5232541242 -418.38619858
000936 420.867992835 28.6086044932 -401.928501232
000937 437.288145946 27.2698009437 -384.849255202
000938 452.847012049 27.9197589798 -367.118012831
000939 467.807247462 30.6538692966 -348.300494657
000940 482.514622396 32.5062937434 -328.196716954
000941 496.799576268 28.7941248137 -307.144660482
000942 509.827184971 27.2754601928 -285.850862563
000943 521.660451303 26.3796304505 -264.439843284
000944 532.149288661 23.6840949068 -243.522429581
000945 540.85430032 18.3590029586 -224.704356369
000946 547.991757747 14.8580320712 -207.562989411
000947 553.937247767 15.3804047094 -191.790639207
000948 558.71703084 15.546962163 -178.063747025
000949 562.499985685 14.1796140201 -166.46821091
000950 565.594377542 11.9952938293 -156.469851733
000951 568.305217345 11.398059035 -147.02395366
000952 570.930861784 9.70861435116 -137.224571458
000953 573.280524547 8.90903910642 -127.747838005
000954 575.560801174 6.96912080819 -117.800348162
000955 577.783554765 6.2937464281 -107.057544623
000956 580.064119828 7.23170136238 -94.5403081041
000957 582.265185159 7.9899304642 -80.3386670415
000958 584.228098946 8.31622021662 -65.1742616289
000959 585.891061618 6.81151805979 -48.4638026083
000960 587.187977956 6.66009543879 -29.2948729871
000961 587.851250284 7.30483901847 -8.69222315657
000962 587.694724183 5.90404041054 13.7966238183
000963 586.653343535 2.99879299843 36.9911241029
000964 584.561189375 0.119232436071 60.5332885756
000965 581.463401266 -0.454795058556 84.52026364
000966 577.348322808 -1.20175380728 108.333491085
000967 572.15017539 -3.7560268588 132.022891398
000968 565.939648838 -5.59352688742 155.66586954
000969 558.720781821 -8.26333321228 178.833959221
000970 550.893388216 -10.4708119037 200.789956408
000971 542.794894032 -11.5917006934 220.952046521
000972 534.529295357 -12.4987630217 239.415359029
000973 526.334835791 -13.4328671637 256.168630244
000974 518.30994494 -14.3084674759 271.293470986
000975 510.249696527 -15.2464044618 285.384906944
000976 501.818866123 -15.7486273242 299.248808473
000977 492.978424532 -17.0256192945 312.798945223
000978 483.799924446 -19.4560050946 325.979644034
000979 474.120695955 -20.3354537914 339.165538877
000980 463.43961951 -22.4373028469 352.751461444
000981 452.326197149 -23.0354256006 366.146321486
000982 440.455586643 -22.8079077509 379.653660675
000983 427.528602942 -21.7367784163 393.470221053
000984 414.155875549 -22.3157525853 406.791312927
000985 400.223432672 -24.858373213 419.601019318
000986 385.712583292 -28.7537246053 432.016253844
000987 370.878509825 -28.5951507478 444.117274551
000988 355.376493051 -28.2161383937 455.886483312
000989 340.019573472 -26.6476769152 466.824281271
000990 324.17994054 -25.8661205007 477.269110009
000991 308.573794726 -26.0330846904 486.722513678
000992 293.739204007 -26.1159164891 495.064790861
000993 279.19470972 -26.3465241493 502.623656124
000994 265.673890202 -25.8984132487 509.165701241
000995 253.443327212 -25.6677960221 514.604537848
000996 242.425729171 -25.3260962677 519.113522537
000997 232.785005201 -23.2948034918 522.813278858
000998 223.982280119 -21.7820956864 525.910501681
000999 215.905589632 -21.0391583716 528.496852839
001000 208.346707042 -20.6457185182 530.723695085
001001 201.14776561 -20.7445056298 532.660436858
001002 195.322883944 -21.6348185553 533.947774606
001003 190.905427172 -22.2466208425 534.667637739
001004 188.102176937 -23.391677469 534.749274439
001005 186.430780296 -22.4840043171 534.504903213
001006 185.113893748 -19.9442107621 534.190356349
001007 184.110897265 -19.0118447095 533.676438341
001008 183.035954015 -20.2552340561 533.098870212
001009 182.204577926 -22.5280010507 532.383931329
001010 181.334152317 -24.1214153863 531.695632934
001011 180.602100122 -24.168225229 531.0187169
001012 179.698151458 -23.6606433102 530.410959911
001013 178.788940195 -22.8115143275 529.809669874
001014 177.897862105 -22.0445198182 529.184504385
001015 177.029590171 -21.8234503945 528.525169373
001016 176.190144833 -22.3612274839 527.810506337
001017 175.203341546 -22.7558656804 527.141553626
001018 174.201631297 -22.5558924849 526.495481417
001019 173.359139413 -22.5945272295 525.775666482
001020 172.414108981 -23.4536444973 525.045537462
001021 171.576447005 -23.5548729499 524.311606125
001022 170.679754758 -23.5765893771 523.596843154
001023 169.78445055 -24.2127816382 522.850876426
001024 168.903510422 -24.8426275153 522.093552929
001025 167.943642386 -24.1070688642 521.424997899
001026 167.141588674 -22.0236056667 520.758748553
001027 166.452859712 -23.0457365895 519.911444669
001028 166.044394898 -24.5110664187 518.949561287
001029 166.538146507 -24.8049459739 517.7590035
001030 167.668684454 -23.8428455294 516.421455034
001031 169.265778478 -22.5164711169 514.941106155
001032 171.097964481 -21.0022371679 513.381441791
001033 173.224818547 -19.7275119166 511.69899198
001034 175.881075612 -17.6133528999 509.85156045
001035 178.641080529 -14.8357198989 507.966193396
001036 181.760123958 -12.4645237399 505.905634547
001037 185.112962999 -10.701205128 503.717387634
001038 188.707228804 -10.3906027619 501.373251564
001039 192.971244033 -10.5296321881 498.732066573
001040 198.23910547 -11.9354093387 495.619724461
001041 204.515730804 -13.6848809911 491.998988856
001042 211.95662772 -15.0173703398 487.792059678
001043 219.595579537 -14.6274307891 483.407758948
001044 226.885573028 -12.8136634323 479.073414461
001045 234.06920449 -10.2272995109 474.662419323
001046 240.534042547 -9.17359928529 470.438205968
001047 246.92960057 -9.34378422737 466.099593988
001048 253.289933088 -10.3745848122 461.645125369
001049 259.782242201 -11.9718315994 456.984133872
001050 266.159480453 -11.9823589854 452.290223397
001051 272.323587049 -11.3383817005 447.625100025
001052 278.156016704 -11.5373364627 443.014339021
001053 283.82160409 -11.5744842214 438.406828737
001054 289.320977524 -11.7521048636 433.795936644
001055 295.011412015 -10.8354793954 428.968636214
001056 300.580770088 -10.3913394181 424.103635715
001057 306.085524702 -10.6481295248 419.137162681
001058 311.398570836 -11.6609118202 414.176009493
001059 316.671158705 -12.316517638 409.133338327
001060 321.797619692 -12.7991785444 404.10706194
001061 326.810764276 -13.3427955992 399.048100722
001062 331.637141299 -12.8542263281 394.066338749
001063 336.314486213 -11.9151361524 389.107518444
001064 341.001452895 -11.3464458206 384.023584775
001065 345.51184796 -10.826423412 378.979182919
001066 349.593864104 -10.4614657991 374.220337969
001067 353.30246901 -9.34897139392 369.751004437
001068 356.827972145 -8.2975651965 365.374845531
001069 360.344034732 -7.50167461091 360.926571323
001070 363.689857012 -6.99441845657 356.567459502
001071 366.796061359 -6.97774785172 352.37604459
001072 369.742128075 -7.50176576844 348.283146638
001073 372.684570577 -7.33874873478 344.155169881
001074 375.574934611 -7.033291144 340.021250053
001075 378.435267688 -6.61266279751 335.858689676
001076 381.013790782 -6.04365962827 331.959916381
001077 383.474329391 -5.61000044648 328.150673318
001078 385.831496013 -5.44660531277 324.413513096
001079 388.10997296 -5.48491869961 320.709669636
001080 390.320672534 -6.09933685378 317.033649451
001081 392.584999924 -5.92641851788 313.26797569
001082 394.73812344 -5.3726437242 309.583427348
001083 396.892452445 -4.11643199475 305.90444862
001084 398.988936761 -2.64967820664 302.23043623
001085 401.034372623 -1.79676143363 298.581524002
001086 403.122309438 -1.51508716004 294.832967355
001087 405.270075209 -0.896867124929 290.969751465
001088 407.503565085 -0.745465333878 286.948399998
001089 409.758618103 0.951041729026 282.85859028
001090 411.760548558 4.22475334938 279.085979529
001091 413.531991475 8.01040718519 275.568819344
001092 415.00578932 11.74878771 272.416509973
001093 416.205569551 14.674535719 269.672419346
001094 417.174183892 16.5007433394 267.331262003
001095 417.913307996 18.6132958823 265.318224451
001096 418.274829542 20.8527827469 263.87828931
001097 418.380700791 21.3391701438 262.954153677
001098 418.227961861 19.3908236883 262.616895278
001099 417.27828167 16.1003208196 263.606194919
001100 415.501556536 13.9515212301 265.796744246
001101 412.679535286 14.0314002213 269.435980999
001102 408.625736335 14.1546083602 274.826727837
001103 403.016807085 12.8426933734 282.341744652
001104 395.799933447 8.77246268491 291.831649718
001105 386.80360101 5.21771311567 303.026114565
001106 376.338665807 1.81193185367 315.305549027
001107 364.280931184 -0.180902194833 328.46304926
001108 350.730314556 -2.02379138206 342.240953742
001109 336.061696984 -4.11817486947 355.928551775
001110 320.571794493 -6.57654881973 369.257257095
001111 304.041059519 -8.00759587111 382.318816655
001112 286.392956717 -8.46675063553 395.006408317
001113 267.853670287 -8.1508018627 407.180476692
001114 249.031275086 -9.57777379512 418.23013116
001115 229.842961366 -12.9519327831 428.336055914
001116 209.993219626 -14.8768582074 437.690614549
001117 189.341332828 -14.9722015506 446.307065859
001118 168.492166409 -14.8020538078 453.936549924
001119 147.734898057 -14.4903213419 460.413342711
001120 126.768009685 -15.3863285857 465.924821297
001121 106.766373341 -16.2932079543 470.215985446
001122 87.34011358 -17.0516197066 473.473703619
001123 69.1018321353 -17.6385468671 475.780640932
001124 52.1402240285 -17.2955870657 477.239767276
001125 36.5501414923 -16.4665386458 478.018702679
001126 22.7990913574 -15.0290282562 478.21032668
001127 10.7608262582 -14.0619341624 477.923245968
001128 0.595093987518 -13.2644766645 477.330703737
001129 -8.04374484701 -12.9133908929 476.518607443
001130 -15.9962630643 -12.3542512148 475.563919392
001131 -23.2087544435 -11.6609653857 474.507309648
001132 -30.017928937 -11.3035841227 473.328650006
001133 -36.2603083466 -10.4445595775 472.105205355
001134 -40.8573734535 -10.0421899918 470.910160859
001135 -43.6286378372 -10.0233498325 469.820101291
001136 -43.8113581678 -10.0466181274 468.942491438
001137 -41.9122660757 -10.7809879738 468.223736397
001138 -39.6398290727 -11.601358083 467.509354611
001139 -38.0723399078 -11.6515517324 466.728510467
001140 -37.1336118323 -11.5140158243 465.886212382
001141 -36.5838588936 -11.1622165929 465.002535475
001142 -36.0755230288 -11.4359642185 464.094957829
001143 -35.3928130469 -11.6306179082 463.184519867
001144 -34.710504391 -11.0138645213 462.282135235
001145 -33.8434939164 -10.5668276078 461.380839388
001146 -33.1798888154 -10.6918705757 460.433931902
001147 -32.3240218935 -10.112028514 459.509826442
001148 -31.4001738908 -8.86605534605 458.593263051
001149 -30.4473875668 -7.50191441751 457.663306389
001150 -29.3663177148 -6.52159565815 456.720341854
001151 -28.2683012193 -5.0708074368 455.775482961
001152 -27.2899193081 -4.5172283841 454.799105977
001153 -26.1883696994 -4.93417994042 453.819203867
001154 -24.859186618 -6.28310615199 452.825338025
001155 -23.3687680707 -7.08305922469 451.844271427
001156 -21.1589690089 -7.39314853399 450.89458712
001157 -18.5913756039 -8.53539157878 449.931918508
001158 -15.8257778111 -9.97551842062 448.946155525
001159 -12.9561260534 -10.0013812103 447.9772369
001160 -9.61385342433 -9.24839981955 447.01737441
001161 -5.61084146724 -8.90436737253 446.025280233
001162 -0.712095389939 -8.73349165153 444.993488386
001163 5.22781960025 -8.18564508116 443.90500073
001164 11.8578845167 -7.50716464938 442.72558678
001165 18.892387106 -7.15494593927 441.414200137
001166 26.1763432668 -7.01625522218 439.985920323
001167 33.4212548091 -7.2285040188 438.423876124
001168 40.4312523826 -6.32265237319 436.774787577
001169 46.5930463811 -6.32274456307 435.093740983
001170 52.2423586693 -8.02350404243 433.353229182
001171 57.7871122517 -9.78337806649 431.54653436
001172 63.7398632566 -9.00220142268 429.662209729
001173 69.3650273748 -8.71290303912 427.721811009
001174 74.8079712841 -8.20799501544 425.740369745
001175 80.2544889048 -7.68042971864 423.679747518
001176 85.734842288 -6.7828496214 421.534018602
001177 90.9969178099 -6.33889000119 419.351270443
001178 95.8169357849 -5.92026328942 417.186592098
001179 99.9718382256 -6.92095751199 415.096655962
001180 103.481488169 -8.42557029755 413.098876372
001181 106.306823846 -8.5169560328 411.267421602
001182 108.434299914 -8.49977728632 409.596997662
001183 109.816247866 -8.841742766 408.104335468
001184 110.465954929 -8.95007982464 406.807073797
001185 111.043220719 -8.16010583672 405.542558466
001186 111.604598893 -7.49214000796 404.270137987
001187 112.541292172 -7.31586738841 402.877433977
001188 113.805256398 -7.41232124772 401.377702372
001189 115.204181225 -8.52129506703 399.808682235
001190 116.545393839 -9.99490264551 398.223304814
001191 117.743333675 -9.68556752897 396.718883123
001192 118.776466647 -7.86992304673 395.284726344
001193 119.269236546 -7.36374712277 393.976226025
001194 119.558059502 -8.488765189 392.685615109
001195 119.686163103 -10.4292702151 391.411432676
001196 119.69366207 -12.3257866896 390.155481344
001197 119.581589397 -13.3962580458 388.946908877
001198 119.38077461 -13.1204378223 387.811772606
001199 119.084368987 -12.4413256782 386.707652215
001200 118.630484559 -12.8139694817 385.613115174
001201 117.983132417 -13.1376999527 384.57120864
001202 117.047817366 -13.003581327 383.632029065
001203 115.622085504 -12.1697638062 382.855984244
001204 113.557545038 -12.1387674523 382.228575297
001205 111.278435439 -11.8026942493 381.653428154
001206 108.6336137 -10.7903913813 381.188131088
001207 105.828650571 -9.310885199 380.757038125
001208 102.700632682 -8.55807146127 380.368854209
001209 99.539912661 -9.75428994977 379.909722757
001210 96.3316206249 -11.2780712022 379.418921363
001211 92.9572311224 -11.9157077797 378.957006128
001212 89.5948655066 -11.7747123985 378.481126108
001213 86.4022291314 -10.3911765168 377.977804514
001214 83.7772244942 -9.45197521034 377.304042466
001215 80.7992574553 -10.983115281 376.612239957
001216 77.8404119547 -12.7866032998 375.87290383
001217 75.2590591503 -14.676767997 375.024399562
001218 73.3345514056 -16.2968300966 374.031289826
001219 72.2664529089 -14.5961177248 373.012696108
001220 71.3885698555 -13.1363751167 371.934499154
001221 70.663621058 -12.9190130147 370.778434326
001222 69.9010210062 -12.9172181318 369.613265643
001223 69.5507642881 -12.5345881075 368.373659228
001224 68.9304629083 -12.8877866307 367.155252636
001225 68.7773358632 -13.7705319623 365.822632936
001226 68.6608029871 -14.3536442123 364.488785901
001227 68.6842334081 -14.1469359357 363.162861963
001228 68.7148891967 -13.8002632827 361.836894469
001229 68.7275020109 -13.7736588543 360.489887538
001230 68.5429037195 -13.5914787743 359.182767891
001231 67.8401184484 -14.138051461 357.937641773
001232 67.0137964695 -14.937387446 356.69805665
001233 66.4139194862 -15.1156226593 355.435448072
001234 65.8978697534 -14.4835523931 354.192661249
001235 65.4150124898 -14.3142565429 352.92135166
001236 65.1165134546 -14.3416131053 351.606589427
001237 65.0177984266 -14.5426776513 350.249963055
001238 65.2032623883 -14.8530439472 348.827167373
001239 65.4115446647 -14.8198977192 347.414496927
001240 65.6285552056 -14.3872265311 346.011384907
001241 65.8028652831 -14.0326232347 344.612741704
001242 65.9924953656 -14.0812582399 343.192711381
001243 66.0618199118 -14.3309434691 341.77146568
001244 66.1753474047 -14.3810607004 340.349746009
001245 66.2870296411 -14.1974665267 338.930843333
001246 66.3398302221 -13.8431247281 337.525017994
001247 66.3687141773 -13.4509345457 336.113916675
001248 66.4198104475 -13.5186972583 334.67440252
001249 66.4492358903 -13.8855273193 333.214562559
001250 66.4136844634 -14.2986427512 331.767218702
001251 66.2572094461 -14.5015379733 330.347253662
001252 66.1055182043 -14.5060039677 328.928648836
001253 65.875198582 -14.237648605 327.536175923
001254 65.6753454683 -13.5059511886 326.158797493
001255 65.2537919898 -13.6458329091 324.780070153
001256 64.720435633 -14.1547376389 323.404259607
001257 63.849265375 -13.6487271745 322.134529092
001258 62.9195771808 -13.9721904563 320.827159742
001259 61.9460172576 -14.9961138153 319.496493738
001260 61.2765533347 -14.8288577481 318.149359531
001261 60.5713359469 -13.7747950674 316.864326602
001262 60.0671123748 -13.2722729727 315.503643744
001263 59.5845080643 -13.1336950703 314.12525057
001264 59.200599359 -13.6304122076 312.696011782
001265 58.8187705178 -14.8008920041 311.233224703
001266 58.5971909967 -15.1690829241 309.782795251
001267 58.3432038718 -15.2337675199 308.345614237
001268 58.0848745844 -15.4436683355 306.907991694
001269 57.8384090867 -16.0930082378 305.438858675
001270 57.7891748243 -16.5847121978 303.941094245
001271 57.8193437755 -16.3047465047 302.473944172
001272 57.9527620267 -15.9387613017 300.981852484
001273 58.1883496152 -15.6518885231 299.475520139
001274 58.5589525879 -15.6822794507 297.932175152
001275 58.9466380104 -15.7638980892 296.378864475
001276 59.4052227806 -15.9061411796 294.810112287
001277 59.9620449535 -16.1664827486 293.208449209
001278 60.5083019034 -16.0275961856 291.631287959
001279 61.1364540667 -14.5976447013 290.111450204
001280 61.8094347808 -13.1202347623 288.573612801
001281 62.5199936462 -12.95630908 286.961198604
001282 63.2524569028 -13.6685761691 285.298674302
001283 63.965964939 -13.9785358825 283.652971189
001284 64.6936045529 -14.4773008869 281.99494883
001285 65.4779348314 -14.4762777571 280.344036741
001286 66.4056979175 -14.9505028475 278.634595913
001287 67.3580665917 -15.5122408654 276.91231034
001288 68.451052703 -15.4132723152 275.191478082
001289 69.9578383828 -15.2677036876 273.35685652
001290 71.7764408084 -15.4945099094 271.412783005
001291 73.7224513403 -14.6966745162 269.477183243
001292 75.6431455183 -13.7377684673 267.53817703
001293 77.483520562 -14.0607609941 265.533273394
001294 79.3768576186 -13.8916555959 263.521155332
001295 81.306312174 -13.9949794599 261.466958895
001296 83.0373689393 -14.8688403291 259.407005665
001297 84.7596225059 -14.1026953758 257.441522498
001298 86.4213327763 -13.0664406604 255.489520587
001299 87.7853243256 -13.3828792257 253.545062839
001300 88.8416323493 -13.7305930586 251.694541918
001301 89.7774405078 -14.1793553315 249.873709411
001302 90.433745111 -14.7744490972 248.155896578
001303 90.991251062 -14.3509801442 246.529292132
001304 91.6169585125 -13.7156241816 244.887890422
001305 92.261496826 -13.4305537343 243.212088912
001306 92.9427293294 -13.4968623093 241.506619707
001307 93.6137582105 -13.6894687907 239.790176341
001308 94.2906935189 -13.7815517772 238.080560431
001309 94.9757310061 -13.7061838493 236.368400053
001310 95.6326444895 -13.5470358011 234.677581005
001311 96.243503868 -13.8198350674 232.968216276
001312 96.8803780956 -14.0506584735 231.240508289
001313 97.4347401195 -14.0830781479 229.553607261
001314 97.9064128641 -13.4215070828 227.943807888
001315 98.3685406132 -12.9923354703 226.324234431
001316 98.7287603855 -13.4633660814 224.687598485
001317 98.9854497487 -13.5049016868 223.122292945
001318 99.2621539021 -13.2441773653 221.561302897
001319 99.426117349 -13.2950829984 220.03138105
001320 99.6299538077 -13.5959712793 218.463763935
001321 99.8423006734 -13.4988891272 216.919601682
001322 100.048271044 -12.9677077453 215.404586127
001323 100.252039455 -12.4847137375 213.884459611
001324 100.490990021 -12.2078492533 212.33973546
001325 100.710021091 -12.2817112203 210.771563422
001326 101.01827069 -12.1569694633 209.182394416
001327 101.382963622 -12.1598744207 207.558183861
001328 101.803159905 -12.173487396 205.911010967
001329 102.101006654 -12.3191210842 204.30694359
001330 102.412170473 -12.1761604571 202.716111196
001331 102.659734208 -11.8953030864 201.159624259
001332 102.709932301 -12.0086072506 199.668219428
001333 102.568383574 -11.9731608752 198.287216941
001334 102.118710826 -11.8326623023 197.066050446
001335 101.411484668 -11.6485043961 195.995345902
001336 100.505212823 -11.7068838817 195.01905792
001337 99.4165681103 -11.7167390684 194.13973071
001338 98.1105740576 -11.9724197519 193.3487719
001339 96.6634927798 -12.2168412041 192.624933015
001340 94.9360442362 -12.234461983 192.048448797
001341 93.1130327384 -11.6007151604 191.552316645
001342 91.1933579572 -10.8584546803 191.088483513
001343 89.1999966417 -10.503774357 190.626148556
001344 87.1966837938 -10.3401659829 190.13106334
001345 85.1604593659 -10.3687906355 189.625321448
001346 83.1340946718 -10.4163249198 189.097005916
001347 81.0602168304 -10.6108880201 188.558550375
001348 78.9612800873 -10.6447704231 188.016982011
001349 76.7332210881 -10.7342325437 187.503757452
001350 74.4066781775 -10.6110940607 187.022961942
001351 72.0470300002 -11.0103242889 186.493335707
001352 69.7736128993 -11.5715405609 185.889340629
001353 67.4488838601 -12.1599480808 185.280674879
001354 65.2585301711 -12.2782705932 184.625270725
001355 63.2685170047 -12.1021160772 183.901658814
001356 61.507237134 -11.6486447505 183.10358245
001357 60.0465487849 -11.4954453724 182.179269089
001358 58.7738195035 -11.3793393842 181.183679759
001359 57.462174346 -11.9233264722 180.151329832
001360 56.3617734588 -12.0598263088 179.068611283
001361 55.1484042747 -11.9295849758 178.036426059
001362 54.0909741481 -11.6911412816 176.959774042
001363 53.2408661076 -11.2446252898 175.824248568
001364 52.22827131 -11.4407575021 174.687311698
001365 51.4055595481 -11.5933285502 173.488339587
001366 50.6033258429 -12.2512157287 172.245344834
001367 50.0675607079 -11.8793067487 170.996384866
001368 49.3950150548 -11.4179791235 169.794446338
001369 48.6544995121 -11.5433135428 168.564747964
001370 47.6863201427 -12.1165134216 167.361274213
001371 46.4457973957 -11.9477214703 166.28468223
001372 45.0629678361 -11.6425880452 165.251037722
001373 43.5927755935 -11.2689211034 164.232812542
001374 42.2641104387 -11.091065835 163.163107635
001375 41.4013822872 -11.0768024609 161.947896581
001376 40.7911918168 -11.2489144061 160.651617678
001377 40.3276060789 -11.4039516595 159.319033115
001378 39.9903582518 -11.5417734264 157.948243843
001379 39.9523035773 -11.542005819 156.513414748
001380 40.1920684438 -11.7234036838 154.993905701
001381 40.553482016 -11.7561133023 153.44644418
001382 40.8796273451 -11.686765059 151.908282962
001383 41.2286546575 -11.0300892572 150.404264672
001384 41.4184993264 -10.0182981171 148.966067618
001385 41.5561534578 -9.76595788206 147.481950861
001386 41.6687503296 -10.0847957601 145.969694203
001387 41.7975025379 -10.4739723747 144.435659858
001388 41.8291467868 -10.8664507602 142.927920813
001389 41.794863353 -10.7710637976 141.479482844
001390 41.7428643052 -10.470468069 140.055665677
001391 41.6357196516 -10.163322817 138.645069493
001392 41.5084362727 -10.1448086336 137.214117706
001393 41.3374054758 -10.2707087225 135.785896236
001394 41.1717205659 -10.5003771468 134.344116328
001395 40.9978041447 -10.637699611 132.912896409
001396 40.7029042178 -10.5016941377 131.544661278
001397 40.3107800193 -10.2204476157 130.212758165
001398 39.9217474163 -10.1302906307 128.865337442
001399 39.5760281273 -10.3821233686 127.473604299
001400 39.2434143081 -10.4551489876 126.091147614
001401 38.9349328954 -10.3767704702 124.717239266
001402 38.661156696 -10.522193541 123.308738044
001403 38.4147828323 -10.7417865097 121.876332149
001404 38.178758076 -10.660202197 120.463793379
001405 38.0050400675 -10.3706852202 119.0446154
001406 37.8539029295 -10.3464985734 117.586791347
001407 37.7648001731 -10.5604583017 116.09649627
001408 37.7148910287 -10.6201652953 114.612987931
001409 37.7066068072 -10.513498629 113.131462479
001410 37.6636019011 -10.3914262597 111.655480464
001411 37.6276819671 -10.4797890156 110.146769065
001412 37.556130592 -10.8433374281 108.626863508
001413 37.6466372101 -10.3804606149 107.148813885
001414 37.7668007982 -9.40782477667 105.712748162
001415 37.8225352508 -9.31689520879 104.209228286
001416 37.8629429768 -9.72235673986 102.657851914
001417 37.9224660803 -9.83563927985 101.129754013
001418 37.9515334608 -9.94720496743 99.6116761415
001419 37.9765071003 -9.95631049843 98.1088512483
001420 37.9532276946 -10.0132283199 96.6077185194
001421 37.9335208675 -10.1302149722 95.091685385
001422 37.9308507992 -10.0946449526 93.5851338241
001423 38.0245346652 -9.99913838145 92.0550794674
001424 38.1002721257 -10.1097621135 90.5120251836
001425 38.1930011092 -10.0886374804 88.9861025792
001426 38.2708568305 -9.87192815734 87.4868893689
001427 38.3483632226 -9.83021568164 85.9670550944
001428 38.4036168134 -9.90892988641 84.4386386933
001429 38.4744539144 -9.89825458928 82.9138784443
001430 38.5445570988 -9.8088598476 81.4034945425
001431 38.6253277517 -9.64433058414 79.8880101935
001432 38.6955356469 -9.51418073655 78.3814097054
001433 38.7707063371 -9.332964224 76.8778746466
001434 38.8285010348 -9.3698704944 75.3556277318
001435 38.8815457812 -9.41996141125 73.8332398151
001436 38.9579761163 -9.38349717819 72.3106666416
001437 38.9415112204 -9.55589301156 70.8058685588
001438 39.0416887354 -9.30650317148 69.3008663222
001439 39.0483654295 -9.01794590033 67.8561031671
001440 39.1464953891 -8.62399715885 66.3721565499
001441 39.1911535134 -8.69551695263 64.8509575757
001442 39.1962548542 -8.9699427401 63.3245170341
001443 39.2686975624 -8.78840889072 61.8224479554
001444 39.272122425 -8.75130978687 60.3174495149
001445 39.2920657302 -8.73625850141 58.8131246987
001446 39.2973622187 -8.68049350195 57.3147792219
001447 39.3237497095 -8.5226108471 55.8279801092
001448 39.3284239223 -8.5101434247 54.3065119356
001449 39.3435083473 -8.49003459062 52.793862083
001450 39.3285816905 -8.64686279445 51.259198702
001451 39.3859492347 -8.65050093583 49.7125075407
001452 39.4032969601 -8.6397119919 48.1955118952
001453 39.471420899 -8.4861829312 46.674229498
001454 39.5037275995 -8.24814353652 45.1985778936
001455 39.5550157045 -7.99321664808 43.7105219644
001456 39.5693866688 -7.90915464603 42.2177240938
001457 39.6135500939 -7.74147851765 40.7112488698
001458 39.619474418 -7.74944941051 39.2128760076
001459 39.6579920377 -7.64993258175 37.7012355398
001460 39.6772791578 -7.55516786385 36.2194307641
001461 39.6988483271 -7.47689408634 34.7404043531
001462 39.7115292616 -7.4463682263 33.2601810903
001463 39.7321788872 -7.369543974 31.7809007411
001464 39.7655283855 -7.09827219567 30.344050714
001465 39.7950080004 -6.78237893354 28.9275696509
001466 39.8367176522 -6.46699312601 27.5001876436
001467 39.8769922311 -6.28643244702 26.0394498887
001468 39.9201075716 -6.20891245188 24.5384024918
001469 39.9563384109 -6.21977032744 23.0153512434
001470 40.0021493571 -6.24708147523 21.4730234236
001471 40.0538730022 -6.12513821041 19.9711742242
001472 40.0654553091 -6.1683061141 18.4899346296
001473 40.0679708654 -6.39862645842 16.9624870025
001474 40.0619333896 -6.74199145077 15.4049749787
001475 40.0936611104 -6.90584312278 13.8403968867
001476 40.1710988115 -6.83523823846 12.293771311
001477 40.2427763112 -6.70157290682 10.8067718942
001478 40.3118110547 -6.51728795393 9.3604560576
001479 40.3461869931 -6.52200802736 7.92684525951
001480 40.3471913757 -6.62846610734 6.52980763607
001481 40.3570754735 -6.66804949771 5.15721592744
001482 40.4036160394 -6.51148953727 3.78249317573
001483 40.4916664037 -6.17620826199 2.49139114935
001484 40.5692378885 -5.85278793224 1.23289764524
001485 40.6437616293 -5.50238955898 -0.0194899299798
001486 40.7067946728 -5.12446692668 -1.28984284026
001487 40.7451733937 -4.8556496762 -2.49766065585
001488 40.8018533819 -4.52477452383 -3.6095001441
001489 40.8833443567 -4.06224281382 -4.63553477863
001490 40.984673697 -3.47341690585 -5.57937369199
001491 41.0831929454 -2.99043503536 -6.36877512028
001492 41.1944064291 -2.51776887592 -7.01860114164
001493 41.3189529543 -2.11165566017 -7.51309077271
001494 41.4575115738 -1.73040449952 -7.85973324691
001495 41.61350622 -1.27242628742 -8.08903270512
001496 41.7753937803 -1.02169501362 -8.17787102354
001497 41.9558281579 -0.831144577594 -8.09745101362
001498 42.1703749447 -0.428853502432 -7.78836814781
001499 42.4087144413 -0.0845311433836 -7.21761130552
001500 42.6302979543 -0.0123149423855 -6.48263952686
001501 42.8266274881 -0.11449004454 -5.63563904651
001502 42.9997597557 -0.0059925058605 -4.66885109114
001503 43.1444022547 -0.0034242470708 -3.53196909786
001504 43.2399661078 -0.0627081738118 -2.33289168539
001505 43.269660217 -0.286041630856 -1.12800964512
001506 43.2462289936 -0.560298491704 0.136886961393
001507 43.1550832445 -0.808496493356 1.54539619614
001508 42.9911548345 -0.912141969287 3.11474075398
001509 42.7235487097 -0.963406166233 4.85960646502
001510 42.3283523273 -1.13341839834 6.75982528346
001511 41.7997275498 -1.41205472947 8.70341074555
001512 41.1602516921 -1.69670523561 10.5795995761
001513 40.4266238549 -1.85922686849 12.4237189254
001514 39.5995062236 -1.89005046787 14.2266189222
001515 38.6803952327 -1.88497276045 15.9594045246
001516 37.6720379598 -1.95054156486 17.6285749298
001517 36.5539598853 -2.06110085927 19.2458898577
001518 35.3653335043 -2.08943256859 20.7828719976
001519 34.101965573 -2.05750217091 22.2418005077
001520 32.7618755107 -1.94112253043 23.6403886285
001521 31.356366635 -1.91250217437 24.9398525865
001522 29.8742546681 -1.98451040252 26.134490481
001523 28.3246204378 -2.0836754862 27.2473770123
001524 26.7137561844 -2.27811600032 28.2552662666
001525 25.0886163715 -2.44607192169 29.133278118
001526 23.4402692379 -2.61007339558 29.8954799489
001527 21.7771759499 -2.64866723059 30.5577429447
001528 20.1216645466 -2.65887630283 31.1048592088
001529 18.4721318914 -2.69456472393 31.535360454
001530 16.8174244014 -2.76498032268 31.8532894576
001531 15.1842593063 -2.84404065042 32.062276314
001532 13.5775184411 -2.91239899293 32.1667839726
001533 11.9897971452 -3.02031931844 32.1660235547
001534 10.4832541352 -3.12399239161 32.059112405
001535 9.06553028321 -3.21582529294 31.8468211761
001536 7.76257157993 -3.23207888329 31.5499449225
001537 6.5763432037 -3.2136175844 31.1612217279
001538 5.53404860163 -3.16504467421 30.7038172025
001539 4.6050255798 -3.10042492088 30.1861245084
001540 3.79956336908 -3.02300769636 29.6228940264
001541 3.11802373133 -2.93485266203 29.0133696212
001542 2.51333070231 -2.91218519181 28.3643848738
001543 2.02640032274 -2.91585875828 27.6824312582
001544 1.64899374027 -2.9597875667 26.9714698708
001545 1.38728038724 -2.99592610292 26.2452411831
001546 1.20153270357 -3.04135982866 25.4983599398
001547 1.06520342173 -3.12035858877 24.7359102346
001548 0.992146678711 -3.15112660724 23.9634643817
001549 0.960743231999 -3.15340026905 23.19086852
001550 0.925230575889 -3.10693009173 22.412893429
001551 0.870886604079 -3.10866155498 21.6191100179
001552 0.806473134741 -3.11679637654 20.8125242519
001553 0.767221619992 -3.13857841226 19.9933508312
001554 0.731168238519 -3.14138650579 19.1690435656
001555 0.686683475238 -3.12781052751 18.3391075262
001556 0.643484888463 -3.13742630675 17.4915618261
001557 0.590338540252 -3.16019607094 16.6324613191
001558 0.546408184252 -3.19675913829 15.7655136466
001559 0.499784349719 -3.20970703238 14.8939456485
001560 0.457006247946 -3.20309683609 14.0324792786
001561 0.405342118399 -3.1629338379 13.1836265932
001562 0.359538019949 -3.14847413074 12.3399870607
001563 0.32045550686 -3.16461387368 11.4908183628
001564 0.286945715001 -3.19078517234 10.6480328885
001565 0.269851429987 -3.19907153644 9.81551656277
001566 0.264624354748 -3.18970816286 9.00139564364
001567 0.266045818557 -3.16389635516 8.20447119845
001568 0.280613604583 -3.13536456662 7.42116361846
001569 0.3171325064 -3.1090400797 6.6512050415
001570 0.374298551495 -3.1028324441 5.88667772185
001571 0.412791155199 -3.11460497825 5.11274725091
001572 0.443053633423 -3.14165240955 4.32731098798
001573 0.467583277971 -3.15340485985 3.55428294173
001574 0.503167723279 -3.13410139762 2.81388008785
001575 0.546621401268 -3.11841399237 2.0926643599
001576 0.591660976452 -3.1142664117 1.36427559828
001577 0.605894763048 -3.11384939083 0.622499273046
001578 0.612416007671 -3.10045669546 -0.113398067893
001579 0.627570020621 -3.0815586648 -0.835112358439
001580 0.635540395853 -3.08790230602 -1.52332531396
001581 0.643970952579 -3.11165523295 -2.20936989802
001582 0.635328199899 -3.12280680865 -2.9150490987
001583 0.622273304394 -3.12372413882 -3.63529202666
001584 0.594054118258 -3.1079575948 -4.36957728927
001585 0.570844504734 -3.08335083359 -5.10780478165
001586 0.532854917537 -3.07146007941 -5.83741025099
001587 0.498800597879 -3.08061619916 -6.56017688521
001588 0.446116896238 -3.11200798329 -7.27025645093
001589 0.378736207979 -3.14162911302 -7.98243272515
001590 0.298499357419 -3.16442109745 -8.70777131749
