000000 -0.0 -0.0 -0.0
000001 -0.0101470652501 -0.000590675987735 -0.126898996713
000002 -0.0205071179403 -0.00124024241021 -0.269537238635
000003 -0.0327252703978 -0.00221648687388 -0.433450699671
000004 -0.046525207934 -0.00180428330193 -0.610771916678
000005 -0.0584527737825 -0.00132213211312 -0.802069056407
000006 -0.0665778259071 -0.00185498792232 -1.00805794932
000007 -0.0580818174282 -0.00264812530387 -1.22709543785
000008 -0.0325036065957 -0.00111234723231 -1.45999240348
000009 9.27233978334e-05 0.0144644554382 -1.70509015057
000010 0.0289216030214 0.0356839730377 -1.9619848127
000011 0.0845845451302 0.048758646571 -2.22271733107
000012 0.168112025715 0.0620414124534 -2.48925528513
000013 0.265638621304 0.0792862001278 -2.76574768423
000014 0.378531792305 0.0953231357242 -3.04618502786
000015 0.509472739235 0.111132027234 -3.33028803465
000016 0.654236055232 0.123266716135 -3.6221973016
000017 0.814255398074 0.125328978642 -3.92074024547
000018 0.994961944003 0.127073438924 -4.23036174867
000019 1.19636875578 0.140823775292 -4.54886454369
000020 1.39959206674 0.152711220586 -4.88273993404
000021 1.59991395309 0.16202207396 -5.23370885134
000022 1.80582709246 0.181605503156 -5.60242625252
000023 2.01798349971 0.191258444714 -5.99190045593
000024 2.23618921062 0.189484715394 -6.3985113705
000025 2.4467645847 0.167792322823 -6.82796075997
000026 2.64025044875 0.139389956768 -7.2885901736
000027 2.82148257404 0.11283098815 -7.78260840739
000028 2.97975835529 0.0980275685513 -8.31265904832
000029 3.10123763723 0.0988955379713 -8.88652637449
000030 3.20152820055 0.110216619098 -9.49458476568
000031 3.30846956725 0.142824775429 -10.1281661699
000032 3.42075037685 0.177783257789 -10.7870629613
000033 3.53322761519 0.208330224796 -11.4663215301
000034 3.65338775431 0.245734625256 -12.1663213235
000035 3.78454466448 0.274013651102 -12.8822597145
000036 3.91895406509 0.2946539163 -13.6152118072
000037 4.06687466147 0.355660949683 -14.3624860947
000038 4.23569789812 0.420972864696 -15.1122938281
000039 4.42406887706 0.508246672968 -15.8615659425
000040 4.63214160627 0.564152758448 -16.6102109471
000041 4.86873368914 0.588213292013 -17.3521209577
000042 5.12126596302 0.588521918633 -18.0958787113
000043 5.4185786791 0.581656774286 -18.829153737
000044 5.8018726486 0.576482593489 -19.537312048
000045 6.29837488463 0.590411510384 -20.2110140192
000046 6.90532380526 0.619059173051 -20.8407771739
000047 7.58839153059 0.635266933447 -21.4365660919
000048 8.31496452042 0.643809455908 -22.0009135886
000049 9.05206550963 0.626543363383 -22.5452067347
000050 9.78435761631 0.593284131323 -23.0776304002
000051 10.5268855622 0.556093518268 -23.590070127
000052 11.2816368266 0.437575646667 -24.080242232
000053 12.0271885799 0.257765866919 -24.5567186759
000054 12.7617676115 0.0424147980752 -25.0186352106
000055 13.4716409261 -0.136783655702 -25.4797359067
000056 14.171389283 -0.347201140718 -25.9350224712
000057 14.848660117 -0.628595725808 -26.3821242207
000058 15.5243004778 -1.07623788003 -26.8015620105
000059 16.208584391 -1.57557453399 -27.1925873785
000060 16.9243085092 -2.01717324718 -27.5464442958
000061 17.6404087653 -2.33980616425 -27.8947428679
000062 18.3378998735 -2.46472612291 -28.2570727267
000063 19.0208205061 -2.45406306947 -28.6305006803
000064 19.6506889699 -2.32335068165 -29.0393943414
000065 20.2138806797 -2.25106202155 -29.473580615
000066 20.6610183028 -2.3019735271 -29.9706027739
000067 21.0338625343 -2.40251307489 -30.5081115253
000068 21.3734243907 -2.50573405329 -31.0618989985
000069 21.762940109 -2.46665780492 -31.5961228545
000070 22.1972237042 -2.34330255907 -32.1092346881
000071 22.517202246 -2.41002846912 -32.6789749781
000072 22.7822873125 -2.53000846287 -33.2897360161
000073 22.9385400026 -2.65141299606 -33.9941285394
000074 22.932872049 -2.7198507826 -34.8309702464
000075 22.8012260169 -2.73345110828 -35.773510598
000076 22.5703746739 -2.64421509162 -36.8052922435
000077 22.2888581708 -2.5868078707 -37.8779382117
000078 21.9889344138 -2.55067369216 -38.9687604515
000079 21.7172553058 -2.47044352574 -40.0557104524
000080 21.5236560262 -2.37249378178 -41.1148277574
000081 21.4678182104 -2.21943579759 -42.1207882497
000082 21.5038238078 -2.08100822722 -43.0920763629
000083 21.5683584041 -1.9939265863 -44.0589612062
000084 21.600576816 -1.946729067 -45.0504206302
000085 21.6193906279 -1.88973904227 -46.0643763173
000086 21.6298014465 -1.84312102071 -47.0937469556
000087 21.6425241144 -1.79897945821 -48.1273987413
000088 21.6672752196 -1.70370709059 -49.1653245654
000089 21.6752131191 -1.62810806503 -50.2064422853
000090 21.6542259684 -1.57644771673 -51.2574173537
000091 21.5951519575 -1.46939508188 -52.3234231952
000092 21.480338383 -1.30535660128 -53.4119511713
000093 21.3401947274 -1.18024669985 -54.5052928152
000094 21.2027629793 -1.12574132044 -55.5894348254
000095 21.0707126185 -1.12742660461 -56.6668358833
000096 21.0207855246 -1.12564009145 -57.7109135218
000097 21.0644980892 -1.19802953491 -58.7113853529
000098 21.2662108546 -1.30698571922 -59.6509401001
000099 21.577380872 -1.34358628029 -60.5471166579
000100 21.9659302008 -1.23204059094 -61.4191403841
000101 22.3606524547 -0.997187521989 -62.2834502834
000102 22.7440657296 -0.849478165037 -63.1445905996
000103 23.1120056132 -1.00209437724 -63.9973720336
000104 23.4760661635 -1.16144890669 -64.8451787948
000105 23.8553799067 -1.16250245599 -65.6902628581
000106 24.1530071058 -1.19109171859 -66.5585565599
000107 24.414311297 -1.08972385572 -67.4397199756
000108 24.6174926884 -0.576403817294 -68.3512173994
000109 24.793924089 0.18246545563 -69.2666746655
000110 24.9437328632 0.580412834841 -70.1812458302
000111 25.037365164 -0.00233715324998 -71.103810282
000112 25.1255293683 -0.454024769297 -72.019236878
000113 25.1702561996 -0.709681529233 -72.9513334593
000114 25.1522937802 -0.634709337599 -73.9087942461
000115 25.107122737 -0.376784806296 -74.8775728341
000116 25.0454658132 -0.0017231830275 -75.8495745787
000117 24.9769783541 0.556276119641 -76.8217309255
000118 24.9351103561 0.987703064999 -77.7774427432
000119 24.8040290554 1.21575117233 -78.7618697371
000120 24.6230253141 1.32812415035 -79.7554563105
000121 24.3336409213 1.22883428126 -80.779321948
000122 23.8576030261 0.88103841694 -81.8566117046
000123 23.1230826856 0.801955170336 -82.9986483293
000124 22.3418923637 0.852271933152 -84.1447034208
000125 21.3814264737 0.791837766675 -85.3241336546
000126 20.3143903477 0.948583650186 -86.5160414167
000127 19.1652240037 1.3200947605 -87.7034997177
000128 18.0503846293 1.47795939699 -88.8613732332
000129 16.8626932252 1.57689196192 -90.0208207602
000130 15.6517231681 1.54616844095 -91.1606086072
000131 14.4145011507 1.29692469971 -92.2857330149
000132 13.2153175103 0.313658036179 -93.3820374787
000133 11.9124295891 -0.211194721519 -94.4682269815
000134 10.7074456178 0.176846843317 -95.5300995192
000135 9.46513086186 0.577231120553 -96.5766634634
000136 8.41911883973 0.433660619586 -97.5829630504
000137 7.65297869395 -0.0666604277598 -98.549411608
000138 7.12232453959 -0.81941974086 -99.4888563462
000139 6.74740570616 -1.09141199062 -100.418025666
000140 6.35070634408 -1.09667186305 -101.350284938
000141 5.82722672653 -1.0976584162 -102.284592992
000142 5.21017604229 -0.79063355389 -103.227252213
000143 4.63469661955 -0.284132545143 -104.166577998
000144 4.00263992673 0.00907019893152 -105.096209066
000145 3.36601290305 -0.0148454924993 -106.018398734
000146 2.68852998362 -0.300624219141 -106.934107373
000147 1.93606521231 -0.574133711896 -107.841774073
000148 1.12865115347 -0.906885097086 -108.745705621
000149 0.379115288605 -0.73304980265 -109.650207066
000150 -0.404974766596 -0.136981246474 -110.553963563
000151 -1.22025953549 0.216340801075 -111.450185037
000152 -1.96723273773 -0.175425151177 -112.332902199
000153 -2.69526876718 -0.464907134733 -113.211550918
000154 -3.48166974773 -0.680699998608 -114.083809383
000155 -4.28349702432 -0.507487055581 -114.955942266
000156 -5.22228591372 -0.379193075291 -115.81477587
000157 -6.15064006293 -0.315809563874 -116.665564931
000158 -6.94585296506 -0.276353120639 -117.516321823
000159 -7.7467447923 -0.357072841988 -118.36038383
000160 -8.45022557554 -0.270269404924 -119.20764451
000161 -9.02654413262 -0.1103843847 -120.061417678
000162 -9.60611809612 -0.0382775594028 -120.91141602
000163 -10.1742993925 -0.295366461719 -121.756510857
000164 -10.8943080934 0.136743236874 -122.593422127
000165 -11.5515397414 0.578881415833 -123.428812807
000166 -12.1709401388 0.853241816811 -124.260330933
000167 -12.7055319913 0.553967373589 -125.099806836
000168 -13.1684456873 0.283734181336 -125.939842884
000169 -13.410604134 0.337857644173 -126.803604564
000170 -13.5210174043 0.512040858385 -127.680244019
000171 -13.6677133823 1.02551011558 -128.550302457
000172 -13.81357246 1.78269743792 -129.419999086
000173 -13.9191252529 2.17725573241 -130.286995592
000174 -14.1102993817 1.52246093885 -131.149789758
000175 -14.1204676071 0.972678802142 -132.025829734
000176 -14.1049506129 1.0197347839 -132.900052067
000177 -14.1946852714 1.04590194953 -133.763068805
000178 -14.2469219409 1.28064239836 -134.625536403
000179 -14.3963412043 0.868643994744 -135.475521622
000180 -14.3643116105 0.335864969235 -136.337256125
000181 -14.3933982741 -0.0127115460433 -137.185175944
000182 -14.4513762211 -0.446255065644 -138.027549448
000183 -14.4960205909 -0.412213145583 -138.867802935
000184 -14.7352376627 -0.668872847104 -139.677787817
000185 -14.9740002479 -0.213720416345 -140.496048209
000186 -15.4686468826 0.428097614636 -141.275475441
000187 -15.7402653097 1.4548269027 -142.076371341
000188 -16.2515110044 1.5541428502 -142.841149854
000189 -16.9940570819 0.974674761681 -143.5748819
000190 -17.8883077672 0.609459445599 -144.278405996
000191 -19.1105487582 0.322235712088 -144.930122859
000192 -20.5012285366 1.13913445477 -145.545268782
000193 -22.2204076865 1.6308589047 -146.092505319
000194 -24.2196115614 1.42602817909 -146.572594729
000195 -26.3203061376 1.27416833482 -147.00414206
000196 -28.3617550475 1.39081412406 -147.414974419
000197 -30.3843353705 1.17645915939 -147.794480334
000198 -32.4190857109 0.324159302139 -148.139111592
000199 -34.3297155393 -1.35075413579 -148.463035005
000200 -36.3620244241 -2.70691260973 -148.718347389
000201 -38.380771509 -2.95476729494 -148.97165775
000202 -40.1505636834 -2.44215673397 -149.281419995
000203 -41.7653247134 -2.07875445277 -149.600660455
000204 -43.1500894891 -3.10381753406 -149.933291307
000205 -44.1735320045 -4.46488252679 -150.340020619
000206 -44.6831237533 -5.14145374042 -150.911312177
000207 -44.6812991661 -4.67585349259 -151.682681988
000208 -44.4196099113 -3.86976237032 -152.535677485
000209 -43.9607654572 -3.36645545329 -153.43332879
000210 -43.5182533797 -3.3182314037 -154.307330851
000211 -42.955453578 -3.30492359069 -155.210283618
000212 -42.1936792519 -2.9708786361 -156.175223215
000213 -41.3740025609 -3.15587708319 -157.13692829
000214 -40.4313948346 -2.89039078707 -158.132253209
000215 -39.4705418424 -2.21727828185 -159.129628187
000216 -38.6352321388 -2.36185731901 -160.065413542
000217 -37.7572178503 -2.59705426321 -161.000554076
000218 -37.0760990212 -2.93817701357 -161.878088378
000219 -36.643155668 -3.2403804295 -162.690345693
000220 -36.3434716026 -3.45787563511 -163.467846876
000221 -36.4031686732 -3.10064317062 -164.180718999
000222 -37.0050317664 -2.30250473209 -164.775690594
000223 -38.1672241135 -2.09623933538 -165.220223862
000224 -39.9618885211 -2.1296758513 -165.494080987
000225 -42.3372704105 -2.0020997602 -165.598718336
000226 -44.8554453405 -1.68599052702 -165.626951865
000227 -47.5048768351 -1.00019178437 -165.572873673
000228 -50.2212413778 0.0739242693631 -165.452930298
000229 -53.0211707697 1.26389032949 -165.249009208
000230 -55.9253227785 2.55758876964 -164.944193129
000231 -58.7847136142 3.49927049119 -164.591615345
000232 -61.7174102665 3.96415406581 -164.155517426
000233 -64.6896881585 4.24127396892 -163.652197329
000234 -67.5615902225 4.32718887137 -163.118631558
000235 -70.2419860148 4.2177680215 -162.619441124
000236 -72.6279278675 4.78170634791 -162.182546957
000237 -74.6493623069 5.53241198377 -161.872815793
000238 -76.4420184271 5.90629062262 -161.650040119
000239 -78.0910644594 5.17460209052 -161.498354179
000240 -79.5570559945 3.88226552661 -161.422779926
000241 -81.0691129655 2.25533738917 -161.303651486
000242 -82.444943949 1.42251535001 -161.225233782
000243 -83.5446330746 1.68152940669 -161.270055978
000244 -84.5310491511 2.77330140928 -161.361737176
000245 -85.2568477574 4.3938030086 -161.568721291
000246 -85.6228152581 5.84884267619 -161.956231207
000247 -85.7738163607 6.21938155725 -162.48461395
000248 -85.9794830679 5.91315699382 -163.006448101
000249 -86.2322687524 6.18410996771 -163.484112121
000250 -86.5354553834 6.29574753113 -163.942149567
000251 -86.9794902723 6.98947793554 -164.304333538
000252 -87.5057460693 7.9441394038 -164.616622586
000253 -88.203920891 8.56908680608 -164.850778073
000254 -89.2371014253 8.94201616715 -164.915643405
000255 -90.5906964277 9.56599881904 -164.785412724
000256 -92.2054488241 10.0265849523 -164.502888236
000257 -94.1208356301 9.70922629774 -164.074098204
000258 -96.1061634758 9.00617147981 -163.597940082
000259 -98.0978158938 8.35828666221 -163.093461584
000260 -100.110462109 8.27753503162 -162.528503264
000261 -102.067631569 8.86410021105 -161.9435428
000262 -103.968974964 9.09042164041 -161.377012644
000263 -105.941384805 9.17619272544 -160.74635595
000264 -107.631446045 9.25817829001 -160.292866776
000265 -108.905393634 8.86567714704 -160.133592323
000266 -109.678455631 9.29705957424 -160.281642026
000267 -110.109314563 10.2167252955 -160.648052385
000268 -110.131897774 10.0799158213 -161.353647517
000269 -109.91209152 10.1814053793 -162.217227631
000270 -109.758331674 10.1236932296 -163.059396279
000271 -109.709674502 10.4935976135 -163.823815033
000272 -109.578447352 11.7983154941 -164.577971276
000273 -109.389309644 12.3687162441 -165.419010939
000274 -109.099621412 12.8340859447 -166.328963074
000275 -108.852659579 12.9440918679 -167.237290349
000276 -108.505611391 12.9053268277 -168.217472962
000277 -108.192131212 12.7564558718 -169.178577691
000278 -107.957369676 12.236057026 -170.115621183
000279 -107.817973619 11.1437276953 -171.024982044
000280 -107.649276459 10.3560384565 -171.92419204
000281 -107.37389638 10.8017486936 -172.816241666
000282 -107.171974601 11.3702431253 -173.650550001
000283 -106.740311239 11.2729534024 -174.665877177
000284 -105.856118631 11.0902734922 -175.958770155
000285 -104.637780284 11.3316206166 -177.414604657
000286 -102.963249548 11.4295796856 -179.13197705
000287 -101.043058591 11.4225098049 -180.964062349
000288 -98.9996800321 10.8279504737 -182.870132789
000289 -96.7532279799 10.5666688644 -184.826006354
000290 -94.5668349622 12.2745145673 -186.600489093
000291 -92.8299006742 14.3394816023 -188.077475269
000292 -91.3812360237 15.4971285365 -189.438359521
000293 -90.4790782059 15.5636721117 -190.606674149
000294 -89.9812791041 16.0071887704 -191.550797243
000295 -89.6341015792 16.2142667021 -192.449028509
000296 -89.4230891513 15.9206927906 -193.319165763
000297 -89.3518172874 15.3161669578 -194.151968115
000298 -89.4456734893 15.5091550968 -194.852113516
000299 -89.8152035176 15.7263545204 -195.428157896
000300 -90.0863481117 16.1591672085 -196.0344502
000301 -90.3820507846 16.4908525431 -196.641883339
000302 -91.0028849866 16.7988736981 -197.10557617
000303 -91.8933967949 17.1550090183 -197.436540906
000304 -92.9438508721 17.9508255014 -197.653949436
000305 -94.0356647578 18.7029130466 -197.846649209
000306 -94.9628565465 18.7506375267 -198.182007706
000307 -95.9285445127 17.8397153826 -198.582201524
000308 -96.9219071661 16.3357562182 -199.010511661
000309 -97.9084718484 15.5048763663 -199.379289913
000310 -98.8770708195 15.5115689713 -199.692366194
000311 -99.7338817662 15.1094403877 -200.085289667
000312 -100.590605231 14.4875799235 -200.49785277
000313 -101.57413342 14.3885146932 -200.807371683
000314 -102.556874906 14.7573788356 -201.07793201
000315 -103.468469374 14.9577827729 -201.389213157
000316 -104.384958377 15.015301927 -201.699967064
000317 -105.293396673 14.4389490414 -202.055904447
000318 -106.243875043 14.458886571 -202.344207499
000319 -107.268689526 14.4764178686 -202.585374518
000320 -108.133847084 14.0459849247 -202.932374186
000321 -109.00510498 12.6457654471 -203.333695224
000322 -109.744185223 11.0465789962 -203.804629077
000323 -110.437238394 10.9223623503 -204.222279081
000324 -111.031655969 13.1766135312 -204.564551086
000325 -111.433576904 15.9711458233 -204.950827218
000326 -111.79505418 17.8262354291 -205.402397253
000327 -112.272979974 18.4295430771 -205.886028095
000328 -112.890362351 17.4884720584 -206.418577507
000329 -113.823024604 16.1225673183 -206.806545668
000330 -114.784696533 15.1238204424 -207.138327893
000331 -115.727994209 14.7071907127 -207.432738148
000332 -116.655450402 14.1839930443 -207.736954553
000333 -117.532372915 14.5393666295 -208.012546045
000334 -118.31271823 15.6865128406 -208.288576009
000335 -118.987170465 17.0537317628 -208.602149039
000336 -119.557408252 18.3954250567 -208.971795184
000337 -119.994053425 19.717143646 -209.411349575
000338 -120.337262524 21.3409324343 -209.872123753
000339 -120.737091887 21.6854215209 -210.416927955
000340 -121.182390218 19.0863038384 -211.20210128
000341 -121.3896618 15.8877683956 -212.139238819
000342 -121.589548224 13.6096644256 -212.975416112
000343 -121.572548414 14.1837153596 -213.756254507
000344 -121.620090624 15.6457806062 -214.439973708
000345 -121.944899939 16.1075413234 -215.031712008
000346 -122.172660169 16.1150736086 -215.713246023
000347 -122.487033471 16.5416855378 -216.322308417
000348 -122.846664471 17.7444930102 -216.844794038
000349 -123.099443059 18.4120894609 -217.460884029
000350 -123.359450953 18.0723696637 -218.155501068
000351 -123.641278387 17.3461800854 -218.866425224
000352 -124.013178647 16.7598533831 -219.511000202
000353 -124.446261872 17.5140835059 -220.021873058
000354 -125.285227151 18.334758567 -220.292876572
000355 -126.179501761 18.814003035 -220.55688369
000356 -127.222123478 18.9852435419 -220.756348401
000357 -128.271957724 18.5054596872 -220.999269121
000358 -129.299138506 17.3989450863 -221.295706953
000359 -130.578216439 16.2773814833 -221.436390064
000360 -132.402271038 16.239703327 -221.170038014
000361 -134.558771285 16.4331280933 -220.667059743
000362 -137.061375684 17.2829324438 -219.875002588
000363 -140.259572153 17.4278279037 -218.650046504
000364 -143.631823847 17.7012803574 -217.242689245
000365 -146.982168045 18.8032533207 -215.717106967
000366 -150.261718386 19.5683804789 -214.1940542
000367 -153.073353261 18.8944402924 -213.066161663
000368 -155.390397543 17.4034016211 -212.315325308
000369 -157.029887577 15.9754558301 -212.023252904
000370 -157.554565968 14.9943129569 -212.51405962
000371 -156.922016831 13.3401866757 -213.897579816
000372 -155.096804439 11.4462357307 -216.138211543
000373 -152.661055771 9.95355369761 -218.746472722
000374 -149.82062973 10.2065674311 -221.504181954
000375 -147.173961412 11.2834299784 -224.041679376
000376 -144.525773616 11.0794639298 -226.579067695
000377 -141.959185754 11.776084268 -228.977417569
000378 -139.728817951 11.9309517674 -231.153692107
000379 -137.280569825 11.8629183671 -233.430911311
000380 -135.24290597 11.3249660292 -235.458978299
000381 -133.474190421 11.440501113 -237.275428076
000382 -132.047919414 12.3676143453 -238.845445006
000383 -130.656287566 13.5664162648 -240.367704626
000384 -129.497862505 14.9456456708 -241.738097642
000385 -128.694250031 14.0746199068 -243.037963858
000386 -127.978497644 11.3306681241 -244.372133907
000387 -127.507235557 7.96291960865 -245.561995741
000388 -127.090772852 6.2082640311 -246.648023415
000389 -126.699501157 5.87414260675 -247.685857632
000390 -126.414631608 6.88509060087 -248.643469371
000391 -126.393600343 7.65292470082 -249.47154247
000392 -126.61674752 8.59067067679 -250.177245756
000393 -127.089227844 9.38644846098 -250.759575
000394 -128.053070951 9.86630304176 -251.103992798
000395 -129.245586048 9.7071790914 -251.35630967
000396 -130.329874562 9.76410539175 -251.65435227
000397 -131.343059133 9.29901469693 -252.007393536
000398 -132.536654336 8.66977280876 -252.263302712
000399 -133.815727944 8.27159238657 -252.4718824
000400 -135.336207188 7.5310556943 -252.555607917
000401 -137.243792876 7.08633626142 -252.416354511
000402 -139.505719907 7.54037288297 -252.044307845
000403 -141.556200511 8.4688261897 -251.755244106
000404 -143.616087712 9.67268035184 -251.439031807
000405 -145.712650715 10.9638440088 -251.07814742
000406 -147.784637673 11.4893645312 -250.741917511
000407 -150.059808016 10.8008176492 -250.31598331
000408 -152.313736289 9.1370037349 -249.907310149
000409 -154.599571217 6.93614276922 -249.460478463
000410 -156.672863233 5.8956859581 -249.085407431
000411 -158.787065308 5.47023687006 -248.652714758
000412 -160.791797888 7.15350080403 -248.230117758
000413 -163.121761369 9.03405744686 -247.581173193
000414 -165.406046722 11.599938679 -246.892967934
000415 -167.657790341 12.9737070296 -246.244948854
000416 -169.63270196 13.688402963 -245.781606866
000417 -171.7489212 13.1483056105 -245.348011632
000418 -173.718736098 12.8412776855 -245.009417058
000419 -175.163352024 13.7561437951 -244.975809112
000420 -176.577172685 13.4165640504 -244.990922707
000421 -177.933388405 12.8716409333 -245.04320562
000422 -179.570589236 11.7644668264 -244.910355943
000423 -180.86320804 12.1152793824 -244.938535844
000424 -182.189938155 12.5930148772 -244.9280175
000425 -183.465722558 13.775014257 -244.901978152
000426 -184.876240052 13.5873539225 -244.842862175
000427 -186.251510302 11.9045308332 -244.852895199
000428 -187.649013157 10.7014851245 -244.819834406
000429 -188.997102636 11.3284770327 -244.732609917
000430 -190.36831224 12.6454893085 -244.587567218
000431 -191.773562972 13.9772733497 -244.387571531
000432 -193.415310352 14.8221786689 -244.01835131
000433 -194.815882812 16.4695330747 -243.769293394
000434 -196.211968097 16.6491370564 -243.599850174
000435 -197.317466492 16.6099360329 -243.666360844
000436 -198.719089163 16.1637773817 -243.507657504
000437 -200.031334086 15.4055400023 -243.433309703
000438 -201.306237255 16.8330151757 -243.240165813
000439 -202.963350328 16.9855858041 -242.799598326
000440 -204.134131991 16.5578959756 -242.789453822
000441 -205.532019556 17.3176794783 -242.507116187
000442 -206.639858922 17.6021112129 -242.492062254
000443 -207.608940359 16.9326192347 -242.652573146
000444 -208.600137133 16.978983495 -242.744264551
000445 -209.213812323 18.6756274616 -243.043376254
000446 -209.945322307 18.6204516256 -243.357003397
000447 -210.448097645 17.0308328921 -243.982918082
000448 -210.706913682 15.7357766889 -244.786935789
000449 -210.537988507 15.6694998483 -245.879234838
000450 -210.227311957 16.2184521068 -247.05563545
000451 -209.780513226 17.2639664131 -248.316461546
000452 -208.924321425 17.83220907 -249.953778953
000453 -207.668645865 17.6543764305 -251.963859612
000454 -206.112868112 15.804626782 -254.309368393
000455 -204.258207893 14.2966847036 -256.84245181
000456 -202.354523914 13.9404637631 -259.324772656
000457 -200.165467856 13.9329461106 -261.98174669
000458 -197.964359179 14.1775326645 -264.603186802
000459 -195.909637905 14.4870302792 -267.079194053
000460 -193.507114542 16.2725065424 -269.701679813
000461 -191.07275235 17.6174336992 -272.324506853
000462 -188.582357309 16.4768049939 -275.093489941
000463 -186.436709821 14.2219149966 -277.645918516
000464 -184.34134638 12.889848846 -280.080675161
000465 -182.249181678 13.4108486348 -282.406675346
000466 -180.286654275 14.4065426986 -284.604949121
000467 -178.480371433 14.934833121 -286.703607388
000468 -176.813502328 15.595521769 -288.694791932
000469 -175.212517918 15.7972477967 -290.652459422
000470 -173.59943324 15.5298754879 -292.628660233
000471 -172.111725944 15.2942554965 -294.51520937
000472 -170.754812025 14.9781600282 -296.321312992
000473 -169.358547922 14.5606518658 -298.145802522
000474 -167.992209767 14.051626313 -299.948558487
000475 -166.748677984 14.4477604902 -301.631415103
000476 -165.592747551 14.649467997 -303.272950082
000477 -164.422703655 14.9497839303 -304.905828408
000478 -163.361751912 14.9191545728 -306.488338426
000479 -162.127561857 15.2682565771 -308.138317814
000480 -160.953216591 14.9246393398 -309.77718238
000481 -159.740857154 13.910029854 -311.459775924
000482 -158.951037355 14.060359122 -312.867159512
000483 -158.53287023 16.1958078973 -313.994129407
000484 -158.318891739 19.592750099 -314.931555278
000485 -158.044043806 21.7216978704 -315.953414989
000486 -157.688683754 21.6127919574 -317.152781511
000487 -157.443934928 19.6675706679 -318.410717566
000488 -157.16227217 17.4526638938 -319.688786044
000489 -156.738270614 16.9881063871 -320.935229034
000490 -156.275522033 18.1163972657 -322.122127951
000491 -155.80657047 20.2162919347 -323.247551047
000492 -155.519337555 22.0816533049 -324.286657348
000493 -155.243890318 23.4308517347 -325.347036972
000494 -155.075624707 24.0046379631 -326.402338541
000495 -155.065748787 23.4997972506 -327.461821041
000496 -155.100023106 22.6921889229 -328.516606351
000497 -155.159670184 22.9640463717 -329.489052881
000498 -155.026320332 24.3664521801 -330.473533655
000499 -154.853588171 25.1684784222 -331.511481067
000500 -154.590982765 24.6075188972 -332.695089681
000501 -154.395012813 24.2098550329 -333.830797919
000502 -154.186917898 24.60452516 -334.916463406
000503 -154.156835183 25.6775964096 -335.867578463
000504 -154.190652822 26.4397304969 -336.809146522
000505 -154.310084812 27.4736817076 -337.685881227
000506 -154.393374453 28.7607140231 -338.552278069
000507 -154.544723314 30.4302613831 -339.34503301
000508 -154.673444673 31.8038687389 -340.166913515
000509 -155.080791608 32.8454716703 -340.881450555
000510 -155.421418378 33.8457762345 -341.62401657
000511 -155.874191048 34.6693519463 -342.320202476
000512 -156.380754046 35.2816579893 -343.002419435
000513 -156.911571581 35.4363162993 -343.708862134
000514 -157.480907908 36.0085573546 -344.342016571
000515 -158.027500967 37.0403250713 -344.922034373
000516 -158.402137926 38.131637996 -345.558038352
000517 -158.541126695 40.0104865963 -346.19434676
000518 -158.571490782 41.112989895 -346.943627222
000519 -158.501620352 41.0712773331 -347.856101218
000520 -158.429387699 40.6614016421 -348.793205483
000521 -158.256117765 39.8803234485 -349.801975702
000522 -157.977287303 39.0550630602 -350.844341825
000523 -157.756996823 38.3139918143 -351.8330898
000524 -157.536633674 37.6731208231 -352.79838483
000525 -157.324492282 37.8156223583 -353.665656681
000526 -157.139777092 37.5501514681 -354.550799579
000527 -156.467294317 37.4582053793 -355.619381433
000528 -155.209072106 37.5769160835 -356.906322341
000529 -153.287609789 37.5092119486 -358.481874326
000530 -150.760107925 37.9883805994 -360.229584372
000531 -148.405830688 37.4945796213 -361.969939931
000532 -145.802238864 35.3148673692 -363.949394075
000533 -142.894432694 32.6528003125 -366.05127196
000534 -139.314020174 31.4160962586 -368.242517762
000535 -134.94440284 31.9149596412 -370.542260621
000536 -130.410675052 34.1207528552 -372.688925406
000537 -126.138419137 36.4777292425 -374.662994868
000538 -121.712165829 38.4140636574 -376.666470511
000539 -117.335459813 39.4360702936 -378.679820722
000540 -113.106646691 39.2242481139 -380.722704816
000541 -109.602726835 38.2818535985 -382.578231018
000542 -106.498085968 36.9239251464 -384.329029861
000543 -103.850238944 36.7074866864 -385.824727093
000544 -101.401901407 38.862176495 -387.023770087
000545 -99.2221992917 44.6732714952 -387.741587132
000546 -97.4747421269 50.8625074754 -388.211873811
000547 -95.280814173 57.0271792309 -388.691548704
000548 -92.8289110456 58.7500056028 -389.819017045
000549 -90.5707389946 57.6791902753 -391.30186886
000550 -87.9754368962 56.9399666247 -392.79678897
000551 -85.2701413489 59.1112107167 -393.881029912
000552 -82.5834361834 61.954798786 -394.825741801
000553 -79.6541077414 63.9324342115 -395.926211284
000554 -77.2482301355 65.1147395236 -397.014191965
000555 -74.6673788553 64.7388030351 -398.36372284
000556 -72.0790128145 64.2614173361 -399.709071101
000557 -69.331317746 64.5095401504 -400.941753297
000558 -65.9297272821 64.8278357316 -402.243170368
000559 -61.9168788308 64.880524624 -403.645847657
000560 -57.4635428354 65.0001681195 -405.048237986
000561 -52.9780365756 65.415932369 -406.350944886
000562 -48.6666359947 65.8894399103 -407.560435419
000563 -44.1756796037 65.5665376151 -408.856635077
000564 -39.7277940908 63.6898224983 -410.332474036
000565 -34.6789493106 59.8597202588 -412.081779107
000566 -28.991044155 56.3495036913 -413.724842606
000567 -21.9633319557 54.0336795474 -415.186025159
000568 -13.7812466611 52.5625172629 -416.431885909
000569 -4.93250739418 50.8749801004 -417.553223955
000570 4.22331663937 48.0585692632 -418.61110011
000571 13.1498765481 44.9841115354 -419.476729049
000572 22.0106202877 42.7175482978 -420.073617435
000573 30.42748842 41.716104112 -420.376812269
000574 38.2272614742 43.4267381868 -420.315316372
000575 44.7625455425 46.8599199077 -420.057630233
000576 50.5368218118 51.0015595411 -419.673718301
000577 54.8336777036 53.2844538949 -419.613419469
000578 58.2482623199 54.5438671422 -419.758690483
000579 61.4184551645 55.6486025299 -419.933851198
000580 64.7239745146 57.9103443081 -419.908559499
000581 67.5626739176 59.1765585335 -420.057060817
000582 69.9484463473 56.2622740446 -420.832030878
000583 72.3834992175 48.7074993708 -422.120829616
000584 74.1913051353 41.0028155455 -423.381856956
000585 75.7600577424 41.0483387876 -423.882382851
000586 75.9769740033 46.622656112 -424.066778956
000587 75.2021054745 50.1829504009 -424.592009898
000588 73.9888519048 44.3353505343 -426.226628657
000589 72.7069950053 33.2768184556 -428.197765652
000590 70.27082951 24.0185493223 -429.976425157
000591 68.3110526374 24.12070018 -431.05355491
000592 66.8644175911 31.1096676266 -431.606411249
000593 65.7549739435 34.9231086123 -432.242993083
000594 64.8330209732 32.9480767929 -433.27094564
000595 63.5534542909 28.1691486735 -434.51467236
000596 62.5169253321 25.0571006052 -435.570504032
000597 61.3578208559 23.914539284 -436.511381088
000598 61.1828898153 22.0974385566 -437.333135339
000599 61.4655447644 19.3286782212 -438.113098862
000600 61.7868453589 17.5863727631 -438.820620119
000601 62.5415663496 16.2544178907 -439.434435964
000602 65.2937601742 15.6805713817 -439.719890651
000603 70.723056113 15.681214077 -439.535818786
000604 78.0783461024 15.145063554 -438.959297685
000605 86.2504186502 14.5629619751 -438.081131174
000606 94.5100154313 14.6766950825 -436.99751822
000607 102.329851626 14.2547356187 -435.846915494
000608 109.985534419 13.5249988325 -434.576965538
000609 117.691130827 13.2576771893 -433.122030408
000610 125.401775182 13.9024092656 -431.467022552
000611 133.641937101 15.1407288188 -429.465247216
000612 141.85311114 14.9216473365 -427.323098508
000613 149.11590313 12.6898228259 -425.370291643
000614 156.022086812 7.77425933868 -423.431786288
000615 162.359767578 2.40891595461 -421.510669235
000616 167.892638301 -1.51265370752 -419.720368931
000617 172.471185865 -3.96783997016 -418.212748665
000618 176.540234248 -5.69608615276 -416.841407852
000619 180.075902183 -7.00556781034 -415.640310907
000620 182.666886726 -7.9049989455 -414.807768532
000621 184.735290612 -8.80161388988 -414.171277097
000622 186.873000948 -7.57237058254 -413.52352485
000623 189.018945317 -5.87844747601 -412.845711289
000624 190.59558982 -3.81681402594 -412.397474957
000625 191.887839575 -2.74555106629 -412.03578855
000626 192.819239415 -3.40183917385 -411.798474969
000627 193.593046189 -4.87053644282 -411.596726706
000628 193.912381619 -6.25845014604 -411.586562772
000629 193.845339091 -7.73870029074 -411.748461254
000630 193.23774001 -8.43001439687 -412.177331232
000631 192.24668013 -8.63634422829 -412.794345698
000632 190.432095995 -8.44075813554 -413.796247821
000633 188.151879593 -8.51123105693 -414.991502347
000634 186.409386575 -9.58611378009 -415.906278409
000635 184.871105971 -9.82449689188 -416.741271312
000636 182.989734417 -9.79713741918 -417.726801105
000637 180.811369835 -10.1901336145 -418.822215883
000638 178.33134833 -10.4815891773 -420.045949128
000639 175.645645255 -10.3589318936 -421.363058768
000640 172.959848422 -8.83066226857 -422.711863444
000641 169.288730108 -6.59646190098 -424.462024026
000642 165.493542286 -4.89851210844 -426.215090374
000643 161.461661392 -4.21112459408 -428.005733176
000644 156.594566188 -4.4482651454 -430.05881067
000645 151.586037218 -4.57729040282 -432.104322009
000646 145.009824421 -5.05559194317 -434.620184815
000647 137.873720753 -5.82626078811 -437.203246751
000648 130.203652087 -5.45389977682 -439.831364388
000649 121.054853096 -5.05818311041 -442.737922437
000650 111.346441899 -5.30459105424 -445.58329618
000651 101.624034685 -6.10661979529 -448.197745848
000652 91.3238234183 -7.18880656471 -450.726324564
000653 80.9947430513 -8.32578980324 -453.020816222
000654 69.3698837985 -8.12851773386 -455.289570718
000655 57.6581079634 -7.92979439311 -457.292624249
000656 46.0189518421 -7.52915999771 -458.98126274
000657 33.998498578 -7.3923495962 -460.425071806
000658 21.8843454148 -7.33636456872 -461.569722064
000659 9.77793024079 -7.29406573835 -462.394494389
000660 -2.15501525794 -7.72782785398 -462.924472205
000661 -13.4495510144 -7.69623150212 -463.187289174
000662 -23.8368656283 -7.43125518799 -463.23404304
000663 -33.4547695427 -7.40389895542 -463.128724428
000664 -42.4723460794 -7.31773157423 -462.888448137
000665 -51.0368058351 -7.58325644983 -462.543629316
000666 -59.485492172 -7.61394121266 -462.076329964
000667 -68.0335887577 -7.26048269631 -461.453962384
000668 -76.8288890105 -7.03440871381 -460.649732191
000669 -85.6124791046 -7.05044210485 -459.690811062
000670 -93.8074408814 -7.13388796477 -458.688110949
000671 -101.259602585 -7.75107822587 -457.713717968
000672 -108.011766486 -8.15253119438 -456.794597095
000673 -113.903822432 -7.51646748661 -456.040921979
000674 -118.981339039 -6.83415857597 -455.440225497
000675 -122.987418085 -5.63279247852 -455.095170001
000676 -126.203121066 -4.65594530916 -454.941808478
000677 -128.64410064 -4.60646618565 -454.989204735
000678 -130.536230078 -4.53119558305 -455.194419285
000679 -132.074793491 -4.49737109091 -455.511036062
000680 -133.427251661 -4.94822740648 -455.884355751
000681 -134.776149226 -4.9700173366 -456.276941316
000682 -136.128187285 -5.31670516726 -456.674389331
000683 -137.398354805 -5.88735846123 -457.105634332
000684 -138.716973009 -6.48809332336 -457.529196585
000685 -139.960508201 -7.12709253237 -457.983840124
000686 -141.1102269 -7.09508204252 -458.48492047
000687 -142.029462503 -7.02538098757 -459.063052491
000688 -143.014599611 -6.90077862597 -459.635863919
000689 -143.76041167 -8.23329507033 -460.262807669
000690 -144.389126793 -9.70406018378 -460.933471899
000691 -144.530888761 -10.9464701728 -461.767802358
000692 -144.733006351 -10.5391321945 -462.634667546
000693 -144.714862075 -9.23164575806 -463.603420966
000694 -145.031913637 -8.11343088753 -464.470204863
000695 -145.295564047 -7.94249352132 -465.347777549
000696 -145.787388094 -8.29045893324 -466.154588949
000697 -146.113691758 -8.15557284413 -467.034944908
000698 -146.541905467 -7.82818047827 -467.896586799
000699 -146.978457583 -7.41743676327 -468.770017294
000700 -147.389480262 -7.14621149403 -469.657775722
000701 -147.732346776 -7.55010572503 -470.566402461
000702 -148.198101041 -8.15998048616 -471.446194707
000703 -148.379136784 -8.17588554667 -472.43538819
000704 -148.214097587 -7.43941798665 -473.548678511
000705 -147.700754781 -7.82302867389 -474.741175969
000706 -146.628005039 -9.04178565229 -476.102484694
000707 -144.72195892 -10.808859975 -477.704297551
000708 -141.174862857 -12.2707254982 -479.797139734
000709 -136.270251815 -14.0626306676 -482.231091846
000710 -129.87445079 -15.6198505247 -485.019251114
000711 -122.443370462 -16.028159976 -488.009001163
000712 -114.340518997 -15.0757043221 -491.074294711
000713 -105.849511395 -13.4647846839 -494.108890469
000714 -96.9115405734 -12.9550660053 -497.039642794
000715 -87.6957671443 -14.146091006 -499.798615213
000716 -77.9323600049 -16.1003414594 -502.444151613
000717 -67.4919719385 -16.9639955451 -505.012125359
000718 -56.3541260876 -15.6416154253 -507.523113547
000719 -44.4658325967 -14.4535138129 -509.844928115
000720 -31.7695973365 -15.7383266223 -511.843420711
000721 -18.2269357728 -19.2471756923 -513.489519977
000722 -4.25392332069 -21.6755636002 -514.787121802
000723 11.1665156567 -23.3681384199 -515.717383419
000724 27.2143131356 -25.3008344968 -516.13827117
000725 43.2353020649 -25.5925274581 -516.116178305
000726 58.475621917 -27.1655492959 -515.644893545
000727 73.0365198293 -30.4177052923 -514.694817875
000728 86.608265964 -32.4108725879 -513.577298688
000729 99.0741672683 -32.9442431064 -512.400660824
000730 110.749385227 -33.1499519743 -511.10131547
000731 122.2184285 -33.6604036325 -509.577621332
000732 133.606009383 -35.0062331711 -507.74839624
000733 144.352495933 -35.5550834888 -505.880997969
000734 153.497148357 -34.0500310894 -504.422614102
000735 160.212024363 -33.9388172819 -503.470455747
000736 164.644567982 -36.160260051 -503.025240309
000737 167.669380667 -38.509703826 -502.995213493
000738 169.941988464 -38.560465727 -503.379146098
000739 171.777033878 -38.2583865593 -503.930744259
000740 173.461337532 -39.2134430432 -504.436270108
000741 175.205827209 -41.0885300279 -504.845329036
000742 176.844883266 -42.845560092 -505.300543588
000743 178.365337295 -42.7482194463 -505.958465449
000744 179.835178831 -40.4443121211 -506.825370189
000745 180.933599976 -38.8854791573 -507.760744043
000746 181.750873565 -38.6699244588 -508.696302579
000747 182.077639866 -40.7730572096 -509.627047381
000748 182.049299645 -42.3808917454 -510.731397622
000749 181.802604967 -42.6651910211 -512.027716502
000750 181.817922677 -42.2109904235 -513.304714703
000751 182.024731468 -42.2198677712 -514.483015319
000752 182.418758772 -42.0192131127 -515.616750793
000753 183.541598222 -41.3010028165 -516.543278204
000754 185.096257211 -40.1284586964 -517.359110215
000755 186.089773197 -41.5314798385 -518.168861243
000756 187.308109163 -41.7593156406 -519.000710298
000757 188.926361213 -41.1806263472 -519.757292075
000758 190.774858041 -40.8110281231 -520.41632846
000759 192.717684408 -40.0770131154 -521.070867851
000760 194.553273534 -39.0449283012 -521.806425117
000761 196.220204051 -38.6635456397 -522.558745648
000762 197.729981964 -39.1178517015 -523.310913447
000763 199.160273202 -39.3447309143 -524.109041103
000764 200.446641065 -39.1836054167 -524.997307562
000765 201.759076474 -40.0356088406 -525.803099916
000766 203.199296742 -40.3038709687 -526.607546054
000767 204.871871905 -40.0976449681 -527.359367484
000768 206.807054585 -39.6891280537 -528.027146663
000769 208.949281146 -39.491795238 -528.596378919
000770 211.014553478 -39.4065686577 -529.189078063
000771 212.982732682 -39.6937009823 -529.792868067
000772 214.388354205 -40.2356169897 -530.603416714
000773 215.577818193 -40.6422617297 -531.521118717
000774 216.632533107 -40.6475894002 -532.525786674
000775 217.438298157 -40.7540785153 -533.635262753
000776 218.094823236 -40.7745982029 -534.817081201
000777 218.782186198 -41.2664256778 -535.957517276
000778 219.374367922 -41.758823755 -537.141065826
000779 219.917403048 -40.8405535852 -538.465726121
000780 220.487345391 -41.2743559061 -539.678046314
000781 221.135809661 -40.8716824545 -540.932115168
000782 221.80338088 -39.8551556912 -542.229590704
000783 222.466000456 -38.4345578216 -543.568944358
000784 222.892826193 -38.6907355435 -544.879847879
000785 222.990205975 -40.2082209737 -546.231161848
000786 222.989988649 -40.1320077262 -547.743660798
000787 223.208273698 -40.2513885777 -549.154932222
000788 223.139958846 -39.9946735246 -550.717838747
000789 222.982865036 -40.4333567647 -552.271771106
000790 222.64394381 -41.3741260993 -553.85989944
000791 222.102898743 -42.703834085 -555.497655455
000792 221.14477012 -42.6286568894 -557.408234639
000793 219.803388002 -41.8659915775 -559.516150191
000794 218.696633482 -41.4229041207 -561.510145479
000795 218.01266335 -41.7123257292 -563.277617828
000796 217.62801979 -41.1922926877 -564.985446704
000797 217.101962539 -41.3081049253 -566.69875661
000798 216.582877173 -41.9237517073 -568.37194907
000799 216.130016801 -41.4428107046 -570.097581661
000800 215.747198668 -41.5020457537 -571.753009562
000801 215.504528977 -40.2912551124 -573.440151753
000802 215.324212369 -39.9011862644 -575.043427564
000803 214.795493647 -39.8228134092 -576.752875754
000804 214.106804887 -40.4900911607 -578.464320952
000805 213.514047183 -42.1014330284 -580.066783867
000806 213.11795204 -44.3200417741 -581.543402564
000807 213.058182208 -43.742467395 -583.115804678
000808 212.610942195 -41.8667311269 -584.921388048
000809 211.95721926 -41.1954953788 -586.709721546
000810 211.425244863 -41.1358877314 -588.408597334
000811 210.92212855 -41.0661691177 -590.098031051
000812 210.522826884 -40.5117063783 -591.777357796
000813 210.489451137 -39.6427553312 -593.350865117
000814 210.674554043 -40.4398207389 -594.726951542
000815 210.570847537 -40.9721472107 -596.223390917
000816 210.335460007 -41.1090007936 -597.789750335
000817 209.625437171 -40.2589280341 -599.58925663
000818 208.581937182 -41.1819357726 -601.373553296
000819 207.675775514 -43.2140487315 -603.01749852
000820 207.267629667 -42.2340295397 -604.700500464
000821 206.559507781 -40.0641991148 -606.551947466
000822 205.916166314 -38.8851530781 -608.299027331
000823 205.743023293 -37.1972757619 -609.901087809
000824 205.533804168 -37.3999458401 -611.392187369
000825 205.444764182 -37.2814082653 -612.854196588
000826 205.853158809 -37.8448696412 -614.097343986
000827 206.461156037 -37.3037990405 -615.334320828
000828 206.996154118 -36.7182340793 -616.582992278
000829 207.371692524 -36.245897148 -617.862415363
000830 207.795289597 -35.6401641381 -619.10790874
000831 208.378446416 -33.3924467057 -620.371211597
000832 208.954460574 -31.3668894288 -621.589474855
000833 209.229862189 -31.8782944537 -622.748561762
000834 209.464864437 -35.4074930443 -623.721207099
000835 209.585406773 -36.4559611884 -624.842371471
000836 209.279492801 -34.2709998354 -626.26731171
000837 208.399657119 -33.1892263404 -627.780350516
000838 207.367999075 -32.6715911279 -629.278092815
000839 206.165335235 -31.5872238521 -630.823536116
000840 204.607924381 -30.1192671292 -632.461598569
000841 203.20114088 -27.8830142198 -634.036077199
000842 202.599824628 -26.2055159152 -635.288317158
000843 202.270746899 -26.8097758476 -636.307425876
000844 201.756272613 -28.5932572463 -637.291739056
000845 201.66460979 -28.5149651489 -638.183431508
000846 201.606813373 -28.3487001518 -639.022075078
000847 203.34382825 -27.4290480476 -639.286008809
000848 209.102726456 -27.0175085427 -638.179097781
000849 219.343677852 -26.2601237497 -635.452866355
000850 234.224625877 -25.1890735453 -630.828875217
000851 252.260744113 -26.0055387162 -624.440005295
000852 272.698655603 -27.4828340031 -616.30149526
000853 296.325689714 -29.6747080259 -605.811584176
000854 323.256990759 -29.2358818456 -592.437925982
000855 352.506475687 -27.8721682336 -576.194075722
000856 382.55191147 -26.4924769383 -557.386351617
000857 413.052145384 -24.4269174128 -535.755788186
000858 444.421202894 -24.2027581322 -510.654983892
000859 475.579965613 -25.1427146118 -482.127548249
000860 506.145080283 -24.8019588444 -450.548477499
000861 534.765733163 -25.7760982529 -416.455205168
000862 560.704487171 -29.6232816702 -381.079659145
000863 583.964322763 -33.7337879449 -344.539360265
000864 605.215023525 -33.248449485 -305.978369197
000865 623.881737683 -31.010275204 -266.690237722
000866 639.86291839 -30.0247898683 -225.969911043
000867 653.018116449 -32.6361788077 -184.629421434
000868 663.465827429 -35.4032509627 -142.488223798
000869 671.232525281 -35.941083572 -99.1233059742
000870 676.451822279 -34.3868200048 -54.6195008544
000871 678.51067318 -33.5202216913 -10.1879293666
000872 677.875759418 -30.9346848904 33.5190253398
000873 674.271758774 -29.1683388205 77.8460307344
000874 667.465744315 -27.312678853 122.465558255
000875 657.720985409 -25.3913619014 166.902918774
000876 644.873221057 -21.951975483 210.595302234
000877 629.138265545 -18.6795841079 253.524684656
000878 611.308170299 -15.9091915751 293.516243121
000879 591.500582291 -15.3104438135 330.816389179
000880 570.787469225 -13.1805010231 364.865163368
000881 550.021617676 -11.522899059 394.881304247
000882 529.547373041 -9.57722025901 421.206953513
000883 510.403958956 -7.85056622286 443.570793992
000884 493.471489879 -5.96126513055 461.663469327
000885 478.537144621 -6.32204144168 476.36256921
000886 465.704674107 -7.10594847066 488.167795791
000887 454.388610456 -5.9415719465 497.987822117
000888 443.919082643 -4.24112306551 506.593733291
000889 433.687484167 -3.54586116898 514.625401526
000890 423.221362449 -2.81185958772 522.47076662
000891 411.915760317 0.0547019860907 530.655763883
000892 400.356309127 1.95304906614 538.64730429
000893 387.964727205 1.71684065267 546.825350121
000894 374.667476669 1.53108209696 555.215924104
000895 360.324021337 2.00165238157 563.818317913
000896 345.397773241 3.24213652308 572.24728438
000897 329.8400247 2.93845221961 580.538458284
000898 313.795629915 2.11651599276 588.525146096
000899 297.490913108 -0.460937850236 596.112230044
000900 282.160247353 -4.2278713949 602.666070364
000901 268.632626245 -7.31510937626 607.931251734
000902 257.836334725 -10.286050227 611.697665073
000903 250.456528847 -11.7248579604 613.878073611
000904 245.778253783 -14.6565668276 614.830567579
000905 243.83930481 -17.0494893453 614.662524803
000906 243.288866505 -17.281294798 613.993043001
000907 243.910089514 -15.1984949526 612.914881405
000908 245.549814086 -10.587173895 611.468076617
000909 248.106499859 -5.28511789428 609.597466082
000910 251.736783658 -0.897995360976 607.218854665
000911 255.149688498 -0.581962216327 604.863279861
000912 258.893707314 -1.55122517917 602.330410317
000913 261.245935139 0.158158589023 600.375387145
000914 262.470472113 4.67791857665 598.8792652
000915 262.258210389 7.74150272821 597.984885072
000916 262.582083887 9.02078183761 596.852970939
000917 262.906814522 9.45628290517 595.72224191
000918 263.867367523 7.0370015625 594.334417976
000919 264.737103735 4.55544102032 592.962212536
000920 266.400641264 2.38881544601 591.216474687
000921 268.214954798 1.43500723443 589.38092924
000922 270.420436412 0.730059512682 587.361003374
000923 272.805413902 0.140206192803 585.244302574
000924 275.296965122 -1.87541310431 583.06210641
000925 278.227970687 -2.15419209983 580.656807039
000926 280.735135867 -0.255862040269 578.444670694
000927 282.619051692 0.0784741369231 576.526902343
000928 283.892172238 -1.33049095262 574.900615555
000929 284.812058501 -2.4817820769 573.449450087
000930 285.881271047 -1.33538079787 571.936824806
000931 286.515358203 0.284902329822 570.643948885
000932 286.897578367 -0.212717368138 569.489959393
000933 286.557617902 -3.11882060567 568.690814764
000934 286.867713251 -2.63167555672 567.580459853
000935 287.294625263 -1.24610519672 566.417958114
000936 287.746711431 -1.16430463518 565.24323323
000937 288.685538206 -1.42396840355 563.8330565
000938 290.165898833 -1.46970327979 562.151891287
000939 291.850604965 -0.507540373216 560.370720842
000940 293.256862069 -1.13077036146 558.731097705
000941 294.749693385 -3.46539872703 557.044655596
000942 296.603610139 -4.28515332374 555.174149021
000943 298.094430563 -1.40906474083 553.532484785
000944 299.52046146 -0.294687797975 551.922051354
000945 300.488312766 -0.459666321027 550.568050159
000946 300.993350885 -1.15640334708 549.486695276
000947 301.377162673 -0.345416548156 548.499449483
000948 302.114101664 1.25456532582 547.336079208
000949 302.96567202 -1.07088151366 546.127772996
000950 304.320876816 -3.33412673668 544.650063054
000951 305.364358808 -4.93585819334 543.368629674
000952 306.360757045 -4.50099235329 542.159568193
000953 307.541257807 -4.86253423845 540.860173305
000954 308.595952263 -4.49719100904 539.668616148
000955 309.564449834 -3.69421810044 538.5543024
000956 310.313155972 -3.76439630363 537.592887405
000957 310.842863322 -4.67838308165 536.782536854
000958 311.475742529 -3.44417784894 535.958643
000959 311.596810347 -1.56471867872 535.469064485
000960 311.495106092 -1.02486581235 535.123685891
000961 312.420653761 -2.51253843793 534.201069959
000962 313.394356356 -4.70513975784 533.264367457
000963 313.327669531 -4.07732942168 532.991473132
000964 313.867300857 -2.78227380316 532.396491862
000965 314.977082411 -2.51511619904 531.476539218
000966 315.104701927 -3.557937634 531.14747843
000967 315.056881283 -3.87427243032 530.952010242
000968 315.718387562 -2.07799359804 530.352694038
000969 316.16992579 -0.513498163014 529.877492152
000970 315.779054249 -0.180787416389 529.904065971
000971 316.008664579 -0.299333960536 529.5597562
000972 316.271460646 -0.860827535217 529.195301793
000973 316.17072495 -0.703921646712 529.05457865
000974 316.084422731 -0.160120786274 528.90542812
000975 316.223229963 1.06667672788 528.620565594
000976 316.377949803 1.49131568436 528.328036366
000977 316.449334244 0.662370497544 528.081966178
000978 316.527253005 -0.0557498929491 527.837578328
000979 316.790314651 -0.664398188212 527.484665933
000980 316.819592127 -0.736860418841 527.282741295
000981 316.773515304 -0.280360804622 527.131901908
000982 316.922996737 0.215027959231 526.862673126
000983 317.084391793 -0.149968339245 526.588660595
000984 317.011035056 -1.03279489769 526.458885867
000985 317.002475824 -1.49031976449 526.298240706
000986 316.995052035 -0.98468924926 526.152498182
000987 317.004869825 0.267984538066 526.004729064
000988 317.128295863 0.799716405622 525.788070722
000989 317.171544092 0.324801257015 525.620573424
000990 317.090357296 -0.502440364426 525.525720449
000991 316.898230846 -0.681305062306 525.504970008
000992 317.079432118 -1.25151771652 525.252272206
000993 317.111243158 -1.26334125076 525.094431602
000994 316.993929415 -0.280631201584 525.036338973
000995 317.085995919 0.694915627899 524.853824379
000996 317.201809213 1.24779204571 524.655594743
000997 317.195154077 1.31084281174 524.531392655
000998 317.326881112 1.50641803463 524.320220975
000999 317.513228254 2.11180514333 524.067466621
001000 317.688997928 3.04930343595 523.808239789
001001 318.209335548 4.42361165571 523.325090395
001002 318.906765077 6.09277073835 522.708184992
001003 319.832099193 7.47422536842 521.923543083
001004 321.324389239 8.66479427586 520.760559109
001005 323.474930603 9.84870397728 519.151525392
001006 326.290009497 9.75435521857 517.101335821
001007 329.368391655 9.56679559758 514.831282586
001008 332.881542915 10.6273845351 512.204441443
001009 337.298268264 11.2998974996 508.922441671
001010 342.168265567 10.6999279794 505.282873883
001011 347.136052555 9.24700077307 501.483793441
001012 352.193583116 7.297429315 497.528432363
001013 357.29829827 5.35528667989 493.431971782
001014 362.689369844 6.97802092325 488.979658274
001015 367.712960313 7.38750317605 484.696577135
001016 372.367783022 3.97328352518 480.627798289
001017 376.823089575 0.560101435043 476.589889389
001018 381.200635232 -0.529270183868 472.520764895
001019 384.506248845 -0.363953214027 469.246770947
001020 387.173814073 -1.75151072768 466.429654098
001021 389.5837063 0.025285433237 463.797639072
001022 390.473219059 0.697516500903 462.399969802
001023 391.226924979 1.87950915779 461.094549343
001024 392.582425947 1.53333238195 459.252062774
001025 393.429050184 1.17004492128 457.82004354
001026 393.958571522 0.79090570545 456.642141477
001027 395.243992633 6.28861640975 454.760299357
001028 395.892122633 11.3882192893 453.352555108
001029 396.768171428 13.2056725918 451.764739377
001030 397.788167819 10.5909029954 450.135303047
001031 398.090675596 9.94839198722 449.076430843
001032 398.632215283 10.4218296956 447.769824034
001033 399.687619639 9.84021804112 446.006955211
001034 400.877517946 10.0286792392 444.085830769
001035 402.275983476 7.98834524915 441.989939741
001036 404.182199271 6.679758481 439.382972752
001037 406.500381952 6.43085641652 436.351942035
001038 409.045169077 4.06812687308 433.087325223
001039 411.59929131 1.7648230537 429.761180994
001040 413.658125695 0.767698198769 426.868888987
001041 415.461786984 1.74791957529 424.199283443
001042 416.599356534 2.07861096134 422.162509476
001043 417.251430465 5.08057416626 420.583925985
001044 416.892146623 6.72083313754 420.006755923
001045 416.512284471 8.88161378401 419.430240345
001046 415.491266831 10.8941455444 419.479244972
001047 414.778215325 9.81487877717 419.289738292
001048 413.983606812 8.02315206888 419.184784353
001049 412.868627309 6.93189984408 419.373241507
001050 411.770843216 8.41635240185 419.498018486
001051 410.703119494 9.01492396578 419.601219573
001052 409.648716426 8.92435431892 419.698020861
001053 408.364927786 8.94080491382 420.008432513
001054 407.253717643 9.41984779473 420.134916451
001055 406.116877393 9.37513285491 420.291347425
001056 405.123842315 9.46416288622 420.303581373
001057 404.096970111 10.5945051527 420.316592194
001058 403.544499839 10.5585079891 419.896249261
001059 403.279580653 10.6929582017 419.196228064
001060 403.172315615 10.1566663054 418.353325196
001061 403.185463714 10.7912932835 417.365939925
001062 403.305841471 11.7267923314 416.265003203
001063 403.780169516 12.8143006492 414.808666289
001064 404.440040151 11.9906667006 413.217990781
001065 405.088373414 11.0618577016 411.632175044
001066 405.664199174 12.9861052757 410.040169791
001067 406.411564872 14.0841901577 408.294115658
001068 407.332126347 15.2572495452 406.367148761
001069 408.258112518 14.3024519968 404.50707925
001070 409.264975967 12.9550966086 402.572341588
001071 410.266941083 11.8885484923 400.620255592
001072 411.00742943 11.6636368197 398.905938821
001073 412.022222212 11.9242126611 396.89287057
001074 412.875866635 11.7888402974 395.055886449
001075 413.912679636 11.5108380697 393.027784902
001076 414.652118962 12.225128373 391.281777856
001077 415.460715393 13.5591033271 389.445784579
001078 416.280863481 13.7946124458 387.627313589
001079 416.986480027 12.8586706643 385.967999652
001080 417.274760268 11.0299016789 384.781779031
001081 417.273104794 12.6780223618 383.814822492
001082 416.769169012 15.4171731838 383.35882642
001083 416.185086749 16.7188869998 383.029954334
001084 415.329698605 15.6203350448 383.090628055
001085 414.415550927 12.6002424956 383.276875131
001086 413.711586135 11.4326946895 383.168573692
001087 412.938698355 11.0399501129 383.12799722
001088 412.256869642 10.1402454549 383.006389126
001089 411.366054169 11.471482727 383.06751068
001090 410.3553082 13.8281541089 383.229838818
001091 409.467868852 19.1096915519 383.136440243
001092 408.585079926 22.1536681682 383.11858066
001093 407.976067578 24.8730377563 382.822952356
001094 407.446228894 22.3599459797 382.769161818
001095 407.224545604 19.4708437713 382.406580535
001096 406.974066812 18.4646464537 382.004179126
001097 406.736384227 18.8848440419 381.556461038
001098 406.798502663 18.1729845497 380.867176115
001099 407.09731458 19.2674228398 379.869705823
001100 406.940376458 19.339479617 379.435985081
001101 406.793517893 20.1045520514 378.982263151
001102 407.254200944 18.7564716786 378.001449361
001103 407.292215221 19.8559634725 377.377174679
001104 407.015665317 23.4370758346 376.968215217
001105 406.907936344 26.0788136447 376.418965487
001106 406.819198759 26.0662931257 376.028030865
001107 406.858030731 25.1444156045 375.568635072
001108 406.610370236 23.8064009521 375.453003854
001109 406.425968242 25.3773653532 375.095155881
001110 406.062532091 26.077281906 374.994938468
001111 405.903049194 25.9831077146 374.731413714
001112 405.625482772 24.430725201 374.700158675
001113 405.567217204 23.1891458821 374.417297778
001114 405.588928254 22.4112816104 374.025371104
001115 405.552285703 22.184900927 373.679917359
001116 405.538700693 21.9260393368 373.326879637
001117 405.919830496 21.5802640178 372.561083417
001118 406.067558006 21.1576612338 372.068469623
001119 406.197787662 22.4219372772 371.510665793
001120 406.497738839 23.4846232147 370.789057176
001121 407.049583541 23.6057191208 369.851639992
001122 407.727641006 22.7906353826 368.839982675
001123 408.897787159 21.8979707643 367.291021115
001124 410.317114397 22.8643391646 365.358139529
001125 411.134688504 24.1214151934 364.086903196
001126 411.994420612 25.730628461 362.750000441
001127 413.039574837 26.2440742852 361.282948906
001128 413.970442326 26.2595471319 359.990593644
001129 414.884374441 25.8335741488 358.748536135
001130 415.816148659 25.3730023849 357.497179844
001131 416.433939682 25.0860873568 356.604620188
001132 416.510592115 25.9362479726 356.280557473
001133 416.378922789 27.7336161626 356.138467822
001134 416.180466657 28.1876242027 356.180121316
001135 415.972233698 27.9950764842 356.291450728
001136 415.72669102 28.0858913535 356.434466068
001137 415.893682551 28.6717681883 356.069406686
001138 416.320617934 29.0381378611 355.422454323
001139 416.426079172 28.8364756741 355.203114466
001140 416.525482614 29.0739481803 354.967767674
001141 416.655624909 30.0655949011 354.640880344
001142 416.785168348 31.2464901932 354.301017567
001143 416.951232653 31.4627534099 353.997490986
001144 417.134990302 30.8958807794 353.743291996
001145 417.290982715 30.6526538681 353.505655185
001146 417.481831565 31.1809195044 353.163224976
001147 417.605196144 31.7027953915 352.899663759
001148 417.74831914 31.9218488257 352.64857566
001149 417.897278059 31.6690058166 352.435935901
001150 418.010066612 31.5864523967 352.254808185
001151 418.144986192 31.6023897705 352.04312784
001152 418.237180931 31.796055941 351.870139411
001153 418.344721552 31.9019513007 351.690264876
001154 418.450437805 31.9398223376 351.523885121
001155 418.518196339 31.9071959048 351.41232057
001156 418.568777577 32.0041969444 351.315908295
001157 418.606297114 32.1159771351 351.23797774
001158 418.660525682 32.4037252801 351.129591471
001159 418.712547124 32.5615719522 351.039254851
001160 418.735902747 32.6587462387 350.991256496
001161 418.736638566 32.7251634441 350.97345068
001162 418.780192847 32.9296287445 350.891768312
001163 418.848358475 33.2462230113 350.77054814
001164 418.87051897 33.5300332205 350.692462846
001165 418.909150819 33.6588705782 350.61065604
001166 418.921752566 33.7002182058 350.553679469
001167 418.953689111 33.6115830368 350.487598923
001168 419.023122273 33.5618840562 350.369604158
001169 418.976377135 33.4433516712 350.401312304
001170 418.950306595 33.4897888553 350.393783477
001171 418.998349269 33.4904672321 350.297772126
001172 418.998380456 33.4384534546 350.260076486
001173 418.920782459 33.3532152119 350.315386871
001174 418.89296473 33.3227226095 350.303709972
001175 418.935421865 33.5098132757 350.18080143
001176 418.943457318 33.6537061323 350.0992754
001177 419.032529174 33.7085924577 349.919932221
001178 419.155845505 33.5651548747 349.715252105
001179 419.164752207 33.3457080995 349.650646306
001180 419.115224815 33.2466776245 349.640214174
001181 419.132326327 33.2376349313 349.536002662
001182 419.215474159 33.3256278908 349.339302222
001183 419.267559023 33.1412951973 349.200809432
001184 419.247226738 33.1124428423 349.131739426
001185 419.283433685 33.2579368548 348.976920942
001186 419.255217063 33.4480060392 348.893953855
001187 419.309312721 33.582252063 348.710471287
001188 419.326053157 33.1726633859 348.616206826
001189 419.210110808 32.9640368828 348.661906354
001190 419.28879543 32.5657091903 348.488331193
001191 419.432331167 31.2701169286 348.313619906
001192 419.31616755 29.8784905181 348.457495784
001193 419.314932484 29.5820464045 348.377281297
001194 419.378957822 29.8505585143 348.177801383
001195 419.270694916 30.1415033573 348.188428262
001196 419.355031349 30.0021111378 348.005013106
001197 419.623094985 29.8388167724 347.608544386
001198 419.795744013 29.4874888282 347.348775627
001199 419.894317135 29.3166395603 347.171646331
001200 420.142335002 29.1566490022 346.818517891
