1403638127245096960, 1403638132245096960
1403638127245096960, 1403638137245096960
1403638127245096960, 1403638142245096960
1403638127245096960, 1403638147245096960
1403638127245096960, 1403638152245096960
1403638127245096960, 1403638157245096960
1403638127245096960, 1403638162245096960
1403638127245096960, 1403638167245096960
1403638127245096960, 1403638172245096960
1403638127245096960, 1403638177245096960
1403638127245096960, 1403638182245096960
1403638127245096960, 1403638187245096960
1403638127245096960, 1403638192245096960
1403638127245096960, 1403638197245096960
1403638127245096960, 1403638202245096960
1403638127245096960, 1403638207245096960
1403638127245096960, 1403638212245096960
1403638127245096960, 1403638217245096960
1403638127245096960, 1403638222245096960
1403638127245096960, 1403638227245096960
1403638127245096960, 1403638228845096960
1403638127245096960, 1403638228845096960
