000000 1.110223e-16 -2.220446e-16 2.220446e-16
000001 5.154656e-02 1.000725e+00 -2.424883e-02
000002 1.464632e-01 1.995659e+00 -5.051622e-02
000003 2.879204e-01 2.986691e+00 -7.903059e-02
000004 4.657503e-01 3.963845e+00 -1.102928e-01
000005 6.971645e-01 4.934639e+00 -1.438770e-01
000006 9.715689e-01 5.887651e+00 -1.802237e-01
000007 1.288079e+00 6.826202e+00 -2.184877e-01
000008 1.651331e+00 7.743952e+00 -2.547290e-01
000009 2.050498e+00 8.646240e+00 -2.919528e-01
000010 2.488685e+00 9.527392e+00 -3.309237e-01
000011 2.966292e+00 1.038417e+01 -3.697385e-01
000012 3.483068e+00 1.121560e+01 -4.086031e-01
000013 4.036690e+00 1.201878e+01 -4.439735e-01
000014 4.631439e+00 1.279006e+01 -4.790227e-01
000015 5.252124e+00 1.353058e+01 -5.136186e-01
000016 5.913461e+00 1.423731e+01 -5.462713e-01
000017 6.602643e+00 1.491216e+01 -5.777429e-01
000018 7.315983e+00 1.555483e+01 -6.091556e-01
000019 8.059654e+00 1.615500e+01 -6.362920e-01
000020 8.824947e+00 1.672174e+01 -6.652783e-01
000021 9.617499e+00 1.724835e+01 -6.938755e-01
000022 1.043572e+01 1.773582e+01 -7.209802e-01
000023 1.127339e+01 1.818861e+01 -7.448949e-01
000024 1.213844e+01 1.860541e+01 -7.707228e-01
000025 1.302386e+01 1.898486e+01 -7.968987e-01
000026 1.392282e+01 1.933529e+01 -8.194983e-01
000027 1.484567e+01 1.965558e+01 -8.398217e-01
000028 1.578819e+01 1.994858e+01 -8.590110e-01
000029 1.674609e+01 2.020959e+01 -8.779579e-01
000030 1.771096e+01 2.044290e+01 -8.926428e-01
000031 1.869074e+01 2.064544e+01 -9.066816e-01
000032 1.969166e+01 2.081649e+01 -9.204752e-01
000033 2.070872e+01 2.095890e+01 -9.323174e-01
000034 2.174157e+01 2.107450e+01 -9.423525e-01
000035 2.279076e+01 2.116118e+01 -9.484050e-01
000036 2.385365e+01 2.121468e+01 -9.510470e-01
000037 2.493112e+01 2.124069e+01 -9.519265e-01
000038 2.602348e+01 2.124027e+01 -9.509506e-01
000039 2.712723e+01 2.121564e+01 -9.489508e-01
000040 2.824249e+01 2.116969e+01 -9.456288e-01
000041 2.937022e+01 2.110741e+01 -9.414386e-01
000042 3.050291e+01 2.102960e+01 -9.363594e-01
000043 3.164196e+01 2.093984e+01 -9.296868e-01
000044 3.278682e+01 2.083696e+01 -9.216773e-01
000045 3.394232e+01 2.071859e+01 -9.117462e-01
000046 3.511473e+01 2.058533e+01 -9.007201e-01
000047 3.630912e+01 2.043698e+01 -8.891584e-01
000048 3.752680e+01 2.027890e+01 -8.781568e-01
000049 3.876733e+01 2.011085e+01 -8.670199e-01
000050 4.002403e+01 1.993253e+01 -8.564479e-01
000051 4.130550e+01 1.974648e+01 -8.460362e-01
000052 4.260679e+01 1.955065e+01 -8.375480e-01
000053 4.393278e+01 1.934786e+01 -8.295496e-01
000054 4.528137e+01 1.913753e+01 -8.187903e-01
000055 4.664850e+01 1.892231e+01 -8.059921e-01
000056 4.803559e+01 1.869944e+01 -7.907530e-01
000057 4.944201e+01 1.847318e+01 -7.765930e-01
000058 5.087125e+01 1.823994e+01 -7.612088e-01
000059 5.231634e+01 1.800571e+01 -7.488661e-01
000060 5.378414e+01 1.776822e+01 -7.385593e-01
000061 5.527561e+01 1.752865e+01 -7.282464e-01
000062 5.678690e+01 1.728947e+01 -7.193216e-01
000063 5.831970e+01 1.704698e+01 -7.090229e-01
000064 5.987004e+01 1.680555e+01 -6.982294e-01
000065 6.144932e+01 1.656009e+01 -6.898538e-01
000066 6.304564e+01 1.631483e+01 -6.822340e-01
000067 6.466146e+01 1.606555e+01 -6.742945e-01
000068 6.629273e+01 1.581429e+01 -6.659320e-01
000069 6.793358e+01 1.556429e+01 -6.566595e-01
000070 6.959146e+01 1.531065e+01 -6.495479e-01
000071 7.126348e+01 1.506048e+01 -6.455501e-01
000072 7.294957e+01 1.480708e+01 -6.411509e-01
000073 7.465679e+01 1.455382e+01 -6.351425e-01
000074 7.637583e+01 1.429583e+01 -6.266393e-01
000075 7.811207e+01 1.403765e+01 -6.192733e-01
000076 7.986417e+01 1.377611e+01 -6.121849e-01
000077 8.162656e+01 1.351471e+01 -6.069533e-01
000078 8.340315e+01 1.324930e+01 -6.037449e-01
000079 8.519377e+01 1.298000e+01 -6.018080e-01
000080 8.700538e+01 1.270711e+01 -5.994816e-01
000081 8.882747e+01 1.242843e+01 -5.948763e-01
000082 9.066661e+01 1.214861e+01 -5.892579e-01
000083 9.251613e+01 1.186127e+01 -5.822604e-01
000084 9.438417e+01 1.156935e+01 -5.761580e-01
000085 9.626377e+01 1.126751e+01 -5.690865e-01
000086 9.815387e+01 1.095901e+01 -5.670654e-01
000087 1.000527e+02 1.063988e+01 -5.652429e-01
000088 1.019553e+02 1.030991e+01 -5.641477e-01
000089 1.038698e+02 9.966128e+00 -5.624452e-01
000090 1.057910e+02 9.611618e+00 -5.643553e-01
000091 1.077248e+02 9.246382e+00 -5.687973e-01
000092 1.096683e+02 8.871585e+00 -5.717942e-01
000093 1.116206e+02 8.486629e+00 -5.733449e-01
000094 1.135815e+02 8.086921e+00 -5.728043e-01
000095 1.155478e+02 7.674193e+00 -5.705380e-01
000096 1.175182e+02 7.246929e+00 -5.680584e-01
000097 1.194963e+02 6.808278e+00 -5.658779e-01
000098 1.214861e+02 6.351224e+00 -5.645652e-01
000099 1.234817e+02 5.883248e+00 -5.636678e-01
000100 1.254794e+02 5.403529e+00 -5.607338e-01
000101 1.274889e+02 4.911013e+00 -5.591517e-01
000102 1.295004e+02 4.402279e+00 -5.556139e-01
000103 1.315233e+02 3.880107e+00 -5.494115e-01
000104 1.335486e+02 3.348158e+00 -5.427542e-01
000105 1.355837e+02 2.806947e+00 -5.360354e-01
000106 1.376250e+02 2.257989e+00 -5.295973e-01
000107 1.396797e+02 1.699296e+00 -5.224538e-01
000108 1.417304e+02 1.132152e+00 -5.179993e-01
000109 1.437927e+02 5.515872e-01 -5.127373e-01
000110 1.458618e+02 -4.137210e-02 -5.061993e-01
000111 1.479305e+02 -6.449311e-01 -5.006247e-01
000112 1.500068e+02 -1.261108e+00 -4.959689e-01
000113 1.520968e+02 -1.892338e+00 -4.898301e-01
000114 1.541812e+02 -2.533182e+00 -4.829921e-01
000115 1.562753e+02 -3.187653e+00 -4.753909e-01
000116 1.583734e+02 -3.851462e+00 -4.676840e-01
000117 1.604737e+02 -4.525316e+00 -4.608735e-01
000118 1.625875e+02 -5.211974e+00 -4.555311e-01
000119 1.647037e+02 -5.908582e+00 -4.525483e-01
000120 1.668257e+02 -6.614701e+00 -4.495307e-01
000121 1.689537e+02 -7.331463e+00 -4.456125e-01
000122 1.710871e+02 -8.063072e+00 -4.416744e-01
000123 1.732245e+02 -8.806086e+00 -4.365523e-01
000124 1.753665e+02 -9.557829e+00 -4.294089e-01
000125 1.775169e+02 -1.031827e+01 -4.209330e-01
000126 1.796714e+02 -1.108560e+01 -4.118277e-01
000127 1.818303e+02 -1.186225e+01 -4.043634e-01
000128 1.839969e+02 -1.264986e+01 -3.985802e-01
000129 1.861699e+02 -1.344797e+01 -3.990509e-01
000130 1.883440e+02 -1.425545e+01 -4.000549e-01
000131 1.905195e+02 -1.507493e+01 -4.013833e-01
000132 1.927087e+02 -1.590879e+01 -4.038655e-01
000133 1.949010e+02 -1.675316e+01 -4.035663e-01
000134 1.970930e+02 -1.760738e+01 -4.021162e-01
000135 1.992958e+02 -1.847484e+01 -4.006638e-01
000136 2.014804e+02 -1.934449e+01 -4.011965e-01
000137 2.036882e+02 -2.023459e+01 -4.030819e-01
000138 2.058770e+02 -2.112723e+01 -4.061955e-01
000139 2.080748e+02 -2.203665e+01 -4.083230e-01
000140 2.102746e+02 -2.295396e+01 -4.072563e-01
000141 2.124744e+02 -2.387896e+01 -4.051777e-01
000142 2.146697e+02 -2.480688e+01 -4.036944e-01
000143 2.168716e+02 -2.574520e+01 -4.053455e-01
000144 2.190854e+02 -2.669513e+01 -4.089666e-01
000145 2.212752e+02 -2.764230e+01 -4.145729e-01
000146 2.234748e+02 -2.859890e+01 -4.227878e-01
000147 2.256743e+02 -2.956630e+01 -4.323730e-01
000148 2.278686e+02 -3.054211e+01 -4.418329e-01
000149 2.300656e+02 -3.152450e+01 -4.485622e-01
000150 2.322584e+02 -3.251137e+01 -4.502008e-01
000151 2.344478e+02 -3.350409e+01 -4.516442e-01
000152 2.366402e+02 -3.450713e+01 -4.545615e-01
000153 2.388266e+02 -3.551552e+01 -4.565040e-01
000154 2.410098e+02 -3.653355e+01 -4.583595e-01
000155 2.431866e+02 -3.755871e+01 -4.598154e-01
000156 2.453571e+02 -3.859114e+01 -4.618584e-01
000157 2.475244e+02 -3.963198e+01 -4.614750e-01
000158 2.496839e+02 -4.068364e+01 -4.614460e-01
000159 2.518424e+02 -4.174631e+01 -4.628392e-01
000160 2.539896e+02 -4.281371e+01 -4.623208e-01
000161 2.561425e+02 -4.389031e+01 -4.599411e-01
000162 2.582951e+02 -4.497777e+01 -4.566041e-01
000163 2.604446e+02 -4.607408e+01 -4.515860e-01
000164 2.625925e+02 -4.718398e+01 -4.468931e-01
000165 2.647340e+02 -4.830007e+01 -4.443228e-01
000166 2.668920e+02 -4.943452e+01 -4.426920e-01
000167 2.690255e+02 -5.056793e+01 -4.394885e-01
000168 2.711744e+02 -5.172041e+01 -4.357941e-01
000169 2.733318e+02 -5.288771e+01 -4.312748e-01
000170 2.754870e+02 -5.406212e+01 -4.244063e-01
000171 2.776580e+02 -5.525311e+01 -4.182424e-01
000172 2.798273e+02 -5.645514e+01 -4.128268e-01
000173 2.820168e+02 -5.767414e+01 -4.105826e-01
000174 2.841885e+02 -5.889251e+01 -4.095589e-01
000175 2.863724e+02 -6.012956e+01 -4.079618e-01
000176 2.885702e+02 -6.138495e+01 -4.045488e-01
000177 2.907704e+02 -6.264929e+01 -3.986685e-01
000178 2.929827e+02 -6.392341e+01 -3.908822e-01
000179 2.951953e+02 -6.520624e+01 -3.821466e-01
000180 2.974212e+02 -6.650521e+01 -3.713999e-01
000181 2.996423e+02 -6.780874e+01 -3.587114e-01
000182 3.018763e+02 -6.912560e+01 -3.470056e-01
000183 3.041141e+02 -7.045170e+01 -3.372516e-01
000184 3.063593e+02 -7.179168e+01 -3.307952e-01
000185 3.086134e+02 -7.314403e+01 -3.233356e-01
000186 3.108714e+02 -7.451245e+01 -3.126191e-01
000187 3.131301e+02 -7.590012e+01 -2.971879e-01
000188 3.153852e+02 -7.730725e+01 -2.796424e-01
000189 3.176383e+02 -7.872988e+01 -2.578412e-01
000190 3.198954e+02 -8.017271e+01 -2.381554e-01
000191 3.221579e+02 -8.163211e+01 -2.197853e-01
000192 3.244120e+02 -8.310009e+01 -2.016825e-01
000193 3.266626e+02 -8.457972e+01 -1.825361e-01
000194 3.289055e+02 -8.606826e+01 -1.608324e-01
000195 3.311477e+02 -8.757051e+01 -1.383913e-01
000196 3.333840e+02 -8.908675e+01 -1.125608e-01
000197 3.356133e+02 -9.061426e+01 -8.455148e-02
000198 3.378389e+02 -9.215154e+01 -5.242768e-02
000199 3.400560e+02 -9.370014e+01 -1.599584e-02
000200 3.422752e+02 -9.526502e+01 2.333862e-02
000201 3.444892e+02 -9.683616e+01 6.337510e-02
000202 3.467010e+02 -9.841195e+01 1.024766e-01
000203 3.489103e+02 -9.999813e+01 1.402984e-01
000204 3.511094e+02 -1.015909e+02 1.754218e-01
000205 3.533107e+02 -1.032033e+02 2.141195e-01
000206 3.554996e+02 -1.048170e+02 2.539708e-01
000207 3.576809e+02 -1.064411e+02 2.903191e-01
000208 3.598670e+02 -1.080781e+02 3.297903e-01
000209 3.620386e+02 -1.097167e+02 3.801369e-01
000210 3.642051e+02 -1.113631e+02 4.335940e-01
000211 3.663626e+02 -1.130176e+02 4.855505e-01
000212 3.685148e+02 -1.146817e+02 5.357534e-01
000213 3.706543e+02 -1.163494e+02 5.857535e-01
000214 3.727925e+02 -1.180262e+02 6.347512e-01
000215 3.749322e+02 -1.197055e+02 6.806409e-01
000216 3.770444e+02 -1.213733e+02 7.141844e-01
000217 3.791489e+02 -1.230734e+02 7.322390e-01
000218 3.812460e+02 -1.247861e+02 7.514499e-01
000219 3.833531e+02 -1.264979e+02 7.912642e-01
000220 3.854625e+02 -1.282062e+02 8.581189e-01
000221 3.875638e+02 -1.299140e+02 9.375737e-01
000222 3.896489e+02 -1.316273e+02 1.015440e+00
000223 3.917168e+02 -1.333507e+02 1.088896e+00
000224 3.937800e+02 -1.350831e+02 1.154913e+00
000225 3.958385e+02 -1.368244e+02 1.214067e+00
000226 3.978934e+02 -1.385702e+02 1.272858e+00
000227 3.999429e+02 -1.403176e+02 1.334967e+00
000228 4.019775e+02 -1.420688e+02 1.399861e+00
000229 4.040132e+02 -1.438398e+02 1.463950e+00
000230 4.060396e+02 -1.456094e+02 1.530570e+00
000231 4.080639e+02 -1.473861e+02 1.596786e+00
000232 4.100865e+02 -1.491653e+02 1.665192e+00
000233 4.120999e+02 -1.509391e+02 1.739480e+00
000234 4.141199e+02 -1.527256e+02 1.820766e+00
000235 4.161297e+02 -1.545063e+02 1.902123e+00
000236 4.181369e+02 -1.562858e+02 1.980352e+00
000237 4.201401e+02 -1.580701e+02 2.051261e+00
000238 4.221413e+02 -1.598579e+02 2.117805e+00
000239 4.241424e+02 -1.616509e+02 2.186326e+00
000240 4.261357e+02 -1.634423e+02 2.256082e+00
000241 4.281288e+02 -1.652378e+02 2.325413e+00
000242 4.301109e+02 -1.670320e+02 2.396912e+00
000243 4.320961e+02 -1.688310e+02 2.471810e+00
000244 4.340721e+02 -1.706280e+02 2.549279e+00
000245 4.360531e+02 -1.724221e+02 2.650572e+00
000246 4.380420e+02 -1.742029e+02 2.755615e+00
000247 4.400300e+02 -1.759705e+02 2.843910e+00
000248 4.420339e+02 -1.777475e+02 2.921911e+00
000249 4.440392e+02 -1.795200e+02 3.006852e+00
000250 4.460460e+02 -1.812884e+02 3.098726e+00
000251 4.480532e+02 -1.830447e+02 3.192574e+00
000252 4.500640e+02 -1.847916e+02 3.278015e+00
000253 4.520924e+02 -1.865327e+02 3.358861e+00
000254 4.541251e+02 -1.882652e+02 3.436998e+00
000255 4.561580e+02 -1.899924e+02 3.516788e+00
000256 4.581873e+02 -1.917203e+02 3.593514e+00
000257 4.602152e+02 -1.934519e+02 3.669483e+00
000258 4.622462e+02 -1.951830e+02 3.750848e+00
000259 4.642791e+02 -1.969059e+02 3.835891e+00
000260 4.663135e+02 -1.986214e+02 3.921999e+00
000261 4.683509e+02 -2.003376e+02 4.004216e+00
000262 4.703839e+02 -2.020483e+02 4.079549e+00
000263 4.724259e+02 -2.037656e+02 4.154116e+00
000264 4.744683e+02 -2.054787e+02 4.230210e+00
000265 4.765113e+02 -2.071855e+02 4.309712e+00
000266 4.785558e+02 -2.088868e+02 4.389454e+00
000267 4.806060e+02 -2.105886e+02 4.471449e+00
000268 4.826545e+02 -2.122853e+02 4.555624e+00
000269 4.847071e+02 -2.139826e+02 4.640076e+00
000270 4.867577e+02 -2.156770e+02 4.720801e+00
000271 4.888066e+02 -2.173707e+02 4.799764e+00
000272 4.908629e+02 -2.190659e+02 4.880930e+00
000273 4.929166e+02 -2.207576e+02 4.960767e+00
000274 4.949713e+02 -2.224476e+02 5.038016e+00
000275 4.970247e+02 -2.241389e+02 5.116707e+00
000276 4.990722e+02 -2.258270e+02 5.193552e+00
000277 5.011328e+02 -2.275274e+02 5.267707e+00
000278 5.031867e+02 -2.292205e+02 5.349108e+00
000279 5.052390e+02 -2.309143e+02 5.432770e+00
000280 5.072915e+02 -2.326072e+02 5.519275e+00
000281 5.093381e+02 -2.342975e+02 5.605249e+00
000282 5.113939e+02 -2.359969e+02 5.689304e+00
000283 5.134454e+02 -2.376908e+02 5.773309e+00
000284 5.154974e+02 -2.393843e+02 5.857608e+00
000285 5.175493e+02 -2.410762e+02 5.942483e+00
000286 5.196014e+02 -2.427680e+02 6.026971e+00
000287 5.216574e+02 -2.444639e+02 6.115358e+00
000288 5.237106e+02 -2.461557e+02 6.206642e+00
000289 5.257627e+02 -2.478455e+02 6.299720e+00
000290 5.278159e+02 -2.495367e+02 6.392878e+00
000291 5.298651e+02 -2.512228e+02 6.486799e+00
000292 5.319262e+02 -2.529158e+02 6.582378e+00
000293 5.339814e+02 -2.546036e+02 6.677372e+00
000294 5.360377e+02 -2.562925e+02 6.771372e+00
000295 5.380951e+02 -2.579830e+02 6.865967e+00
000296 5.401536e+02 -2.596746e+02 6.964906e+00
000297 5.422136e+02 -2.613661e+02 7.066817e+00
000298 5.442679e+02 -2.630547e+02 7.168745e+00
000299 5.463253e+02 -2.647478e+02 7.265256e+00
000300 5.483760e+02 -2.664366e+02 7.357150e+00
000301 5.504365e+02 -2.681343e+02 7.450904e+00
000302 5.524956e+02 -2.698319e+02 7.551427e+00
000303 5.545493e+02 -2.715254e+02 7.654529e+00
000304 5.566051e+02 -2.732200e+02 7.757167e+00
000305 5.586591e+02 -2.749141e+02 7.857401e+00
000306 5.607204e+02 -2.766146e+02 7.957556e+00
000307 5.627775e+02 -2.783114e+02 8.058037e+00
000308 5.648386e+02 -2.800085e+02 8.161795e+00
000309 5.668959e+02 -2.817021e+02 8.267916e+00
000310 5.689502e+02 -2.833947e+02 8.373989e+00
000311 5.710150e+02 -2.850936e+02 8.483450e+00
000312 5.730773e+02 -2.867871e+02 8.593947e+00
000313 5.751384e+02 -2.884766e+02 8.705148e+00
000314 5.772007e+02 -2.901677e+02 8.816896e+00
000315 5.792540e+02 -2.918529e+02 8.924907e+00
000316 5.813141e+02 -2.935428e+02 9.031620e+00
000317 5.833713e+02 -2.952267e+02 9.137328e+00
000318 5.854383e+02 -2.969139e+02 9.245509e+00
000319 5.875190e+02 -2.986121e+02 9.353208e+00
000320 5.895489e+02 -3.002630e+02 9.456599e+00
000321 5.916108e+02 -3.019383e+02 9.561344e+00
000322 5.936716e+02 -3.036091e+02 9.666809e+00
000323 5.957370e+02 -3.052800e+02 9.775807e+00
000324 5.978027e+02 -3.069488e+02 9.883665e+00
000325 5.998670e+02 -3.086131e+02 9.992222e+00
000326 6.019345e+02 -3.102813e+02 1.009861e+01
000327 6.040024e+02 -3.119523e+02 1.020684e+01
000328 6.060701e+02 -3.136242e+02 1.031717e+01
000329 6.081333e+02 -3.152902e+02 1.043016e+01
000330 6.102041e+02 -3.169635e+02 1.054205e+01
000331 6.122707e+02 -3.186358e+02 1.065103e+01
000332 6.143316e+02 -3.203039e+02 1.075646e+01
000333 6.164014e+02 -3.219781e+02 1.085851e+01
000334 6.184658e+02 -3.236462e+02 1.096062e+01
000335 6.205350e+02 -3.253171e+02 1.106765e+01
000336 6.226067e+02 -3.269891e+02 1.117705e+01
000337 6.246751e+02 -3.286575e+02 1.128685e+01
000338 6.267459e+02 -3.303270e+02 1.139641e+01
000339 6.288138e+02 -3.319942e+02 1.150486e+01
000340 6.308887e+02 -3.336656e+02 1.161229e+01
000341 6.329587e+02 -3.353308e+02 1.172232e+01
000342 6.350324e+02 -3.369998e+02 1.183193e+01
000343 6.370951e+02 -3.386594e+02 1.194090e+01
000344 6.391659e+02 -3.403234e+02 1.204805e+01
000345 6.412374e+02 -3.419886e+02 1.215564e+01
000346 6.433047e+02 -3.436496e+02 1.226642e+01
000347 6.453750e+02 -3.453101e+02 1.237656e+01
000348 6.474454e+02 -3.469686e+02 1.248249e+01
000349 6.495155e+02 -3.486239e+02 1.258629e+01
000350 6.515913e+02 -3.502820e+02 1.269235e+01
000351 6.536623e+02 -3.519355e+02 1.280042e+01
000352 6.557358e+02 -3.535870e+02 1.291009e+01
000353 6.578057e+02 -3.552341e+02 1.302023e+01
000354 6.598779e+02 -3.568806e+02 1.313000e+01
000355 6.619586e+02 -3.585328e+02 1.323887e+01
000356 6.640361e+02 -3.601819e+02 1.334665e+01
000357 6.661120e+02 -3.618289e+02 1.345227e+01
000358 6.681904e+02 -3.634752e+02 1.355813e+01
000359 6.702712e+02 -3.651232e+02 1.366357e+01
000360 6.723505e+02 -3.667695e+02 1.376872e+01
000361 6.744325e+02 -3.684192e+02 1.387413e+01
000362 6.765090e+02 -3.700675e+02 1.397893e+01
000363 6.785876e+02 -3.717203e+02 1.408324e+01
000364 6.806657e+02 -3.733743e+02 1.418850e+01
000365 6.827432e+02 -3.750304e+02 1.429713e+01
000366 6.848198e+02 -3.766842e+02 1.440571e+01
000367 6.868945e+02 -3.783370e+02 1.451349e+01
000368 6.889656e+02 -3.799902e+02 1.461921e+01
000369 6.910408e+02 -3.816488e+02 1.472406e+01
000370 6.931156e+02 -3.833046e+02 1.482707e+01
000371 6.951930e+02 -3.849613e+02 1.492975e+01
000372 6.972710e+02 -3.866143e+02 1.503283e+01
000373 6.993457e+02 -3.882646e+02 1.513859e+01
000374 7.014274e+02 -3.899181e+02 1.524435e+01
000375 7.035065e+02 -3.915686e+02 1.534668e+01
000376 7.055829e+02 -3.932168e+02 1.544804e+01
000377 7.076613e+02 -3.948665e+02 1.554996e+01
000378 7.097441e+02 -3.965177e+02 1.565581e+01
000379 7.118243e+02 -3.981607e+02 1.576531e+01
000380 7.139054e+02 -3.998001e+02 1.587836e+01
000381 7.159839e+02 -4.014338e+02 1.599116e+01
000382 7.180631e+02 -4.030674e+02 1.610183e+01
000383 7.201441e+02 -4.046980e+02 1.621513e+01
000384 7.222296e+02 -4.063296e+02 1.632798e+01
000385 7.243156e+02 -4.079582e+02 1.644029e+01
000386 7.264057e+02 -4.095850e+02 1.654399e+01
000387 7.284983e+02 -4.112077e+02 1.666273e+01
000388 7.305888e+02 -4.128287e+02 1.677343e+01
000389 7.326752e+02 -4.144501e+02 1.688104e+01
000390 7.347664e+02 -4.160734e+02 1.698171e+01
000391 7.368556e+02 -4.176935e+02 1.707951e+01
000392 7.389533e+02 -4.193157e+02 1.717540e+01
000393 7.410479e+02 -4.209340e+02 1.727242e+01
000394 7.431419e+02 -4.225508e+02 1.737146e+01
000395 7.452354e+02 -4.241692e+02 1.746720e+01
000396 7.473289e+02 -4.257917e+02 1.755500e+01
000397 7.494207e+02 -4.274134e+02 1.765191e+01
000398 7.515173e+02 -4.290362e+02 1.775413e+01
000399 7.536116e+02 -4.306541e+02 1.785404e+01
000400 7.557109e+02 -4.322706e+02 1.794006e+01
000401 7.578089e+02 -4.338840e+02 1.802205e+01
000402 7.599091e+02 -4.354976e+02 1.809594e+01
000403 7.620181e+02 -4.371125e+02 1.817308e+01
000404 7.641249e+02 -4.387221e+02 1.825478e+01
000405 7.662346e+02 -4.403295e+02 1.833932e+01
000406 7.683468e+02 -4.419355e+02 1.842281e+01
000407 7.704571e+02 -4.435378e+02 1.850284e+01
000408 7.725730e+02 -4.451404e+02 1.858489e+01
000409 7.746901e+02 -4.467409e+02 1.866585e+01
000410 7.768050e+02 -4.483389e+02 1.874823e+01
000411 7.789176e+02 -4.499322e+02 1.882798e+01
000412 7.810382e+02 -4.515290e+02 1.891026e+01
000413 7.831553e+02 -4.531207e+02 1.899428e+01
000414 7.852706e+02 -4.547110e+02 1.907913e+01
000415 7.873866e+02 -4.563036e+02 1.916217e+01
000416 7.894935e+02 -4.578927e+02 1.924372e+01
000417 7.916044e+02 -4.594876e+02 1.932538e+01
000418 7.937097e+02 -4.610817e+02 1.940541e+01
000419 7.958137e+02 -4.626772e+02 1.948576e+01
000420 7.979140e+02 -4.642714e+02 1.956981e+01
000421 8.000123e+02 -4.658635e+02 1.965533e+01
000422 8.021083e+02 -4.674543e+02 1.973792e+01
000423 8.042028e+02 -4.690448e+02 1.981630e+01
000424 8.062987e+02 -4.706373e+02 1.988938e+01
000425 8.083959e+02 -4.722307e+02 1.996249e+01
000426 8.104902e+02 -4.738196e+02 2.003686e+01
000427 8.125910e+02 -4.754125e+02 2.011443e+01
000428 8.146888e+02 -4.770013e+02 2.019413e+01
000429 8.167915e+02 -4.785905e+02 2.027321e+01
000430 8.188949e+02 -4.801748e+02 2.035380e+01
000431 8.210023e+02 -4.817573e+02 2.043563e+01
000432 8.231164e+02 -4.833404e+02 2.051693e+01
000433 8.252301e+02 -4.849182e+02 2.059912e+01
000434 8.273472e+02 -4.864927e+02 2.068385e+01
000435 8.294645e+02 -4.880614e+02 2.077068e+01
000436 8.315909e+02 -4.896319e+02 2.085797e+01
000437 8.337229e+02 -4.912049e+02 2.094602e+01
000438 8.358541e+02 -4.927761e+02 2.103407e+01
000439 8.379860e+02 -4.943446e+02 2.112295e+01
000440 8.401199e+02 -4.959132e+02 2.121212e+01
000441 8.422623e+02 -4.974854e+02 2.130359e+01
000442 8.444038e+02 -4.990558e+02 2.139780e+01
000443 8.465437e+02 -5.006257e+02 2.149439e+01
000444 8.486827e+02 -5.021964e+02 2.158726e+01
000445 8.508213e+02 -5.037670e+02 2.167907e+01
000446 8.529722e+02 -5.053431e+02 2.177339e+01
000447 8.551147e+02 -5.069135e+02 2.186598e+01
000448 8.572619e+02 -5.084874e+02 2.195643e+01
000449 8.594084e+02 -5.100613e+02 2.204762e+01
000450 8.615570e+02 -5.116370e+02 2.214020e+01
000451 8.637104e+02 -5.132137e+02 2.223641e+01
000452 8.658589e+02 -5.147848e+02 2.233432e+01
000453 8.680116e+02 -5.163554e+02 2.243636e+01
000454 8.701571e+02 -5.179222e+02 2.253588e+01
000455 8.722938e+02 -5.194836e+02 2.263292e+01
000456 8.744419e+02 -5.210493e+02 2.272987e+01
000457 8.765885e+02 -5.226080e+02 2.282659e+01
000458 8.787368e+02 -5.241609e+02 2.292504e+01
000459 8.808822e+02 -5.257065e+02 2.302388e+01
000460 8.830323e+02 -5.272479e+02 2.312541e+01
000461 8.852001e+02 -5.287963e+02 2.322957e+01
000462 8.873238e+02 -5.303079e+02 2.332974e+01
000463 8.894706e+02 -5.318310e+02 2.343087e+01
000464 8.916091e+02 -5.333456e+02 2.353263e+01
000465 8.937550e+02 -5.348619e+02 2.363418e+01
000466 8.958952e+02 -5.363697e+02 2.373415e+01
000467 8.980347e+02 -5.378732e+02 2.383529e+01
000468 9.001742e+02 -5.393743e+02 2.394138e+01
000469 9.023079e+02 -5.408662e+02 2.404861e+01
000470 9.044565e+02 -5.423632e+02 2.415887e+01
000471 9.065910e+02 -5.438481e+02 2.426707e+01
000472 9.087272e+02 -5.453321e+02 2.437286e+01
000473 9.108623e+02 -5.468143e+02 2.447974e+01
000474 9.129899e+02 -5.482919e+02 2.458493e+01
000475 9.151230e+02 -5.497727e+02 2.468802e+01
000476 9.172617e+02 -5.512578e+02 2.478905e+01
000477 9.194006e+02 -5.527312e+02 2.489471e+01
000478 9.215445e+02 -5.542024e+02 2.501399e+01
000479 9.236762e+02 -5.556621e+02 2.512190e+01
000480 9.258066e+02 -5.571257e+02 2.521008e+01
000481 9.279450e+02 -5.585951e+02 2.530080e+01
000482 9.300863e+02 -5.600649e+02 2.541005e+01
000483 9.322263e+02 -5.615352e+02 2.552985e+01
000484 9.343539e+02 -5.629959e+02 2.565168e+01
000485 9.364928e+02 -5.644662e+02 2.577269e+01
000486 9.386325e+02 -5.659327e+02 2.589232e+01
000487 9.407719e+02 -5.673969e+02 2.601411e+01
000488 9.429158e+02 -5.688595e+02 2.613759e+01
000489 9.450575e+02 -5.703220e+02 2.626007e+01
000490 9.472049e+02 -5.717862e+02 2.638159e+01
000491 9.493532e+02 -5.732481e+02 2.650083e+01
000492 9.515077e+02 -5.747102e+02 2.662079e+01
000493 9.536604e+02 -5.761661e+02 2.674228e+01
000494 9.558153e+02 -5.776191e+02 2.686169e+01
000495 9.579804e+02 -5.790749e+02 2.698219e+01
000496 9.601378e+02 -5.805258e+02 2.709965e+01
000497 9.623019e+02 -5.819778e+02 2.722009e+01
000498 9.644640e+02 -5.834246e+02 2.734830e+01
000499 9.666368e+02 -5.848741e+02 2.748447e+01
000500 9.688004e+02 -5.863150e+02 2.762785e+01
000501 9.709633e+02 -5.877582e+02 2.776619e+01
000502 9.731252e+02 -5.892041e+02 2.789962e+01
000503 9.752876e+02 -5.906491e+02 2.802995e+01
000504 9.774553e+02 -5.920933e+02 2.816051e+01
000505 9.796246e+02 -5.935333e+02 2.829193e+01
000506 9.817949e+02 -5.949757e+02 2.842396e+01
000507 9.839617e+02 -5.964211e+02 2.855465e+01
000508 9.861268e+02 -5.978687e+02 2.868428e+01
000509 9.882929e+02 -5.993177e+02 2.881455e+01
000510 9.904617e+02 -6.007664e+02 2.894540e+01
000511 9.926304e+02 -6.022122e+02 2.907443e+01
000512 9.947990e+02 -6.036558e+02 2.920365e+01
000513 9.969663e+02 -6.050961e+02 2.933236e+01
000514 9.991375e+02 -6.065369e+02 2.945851e+01
000515 1.001304e+03 -6.079732e+02 2.958125e+01
000516 1.003471e+03 -6.094078e+02 2.970297e+01
000517 1.005637e+03 -6.108397e+02 2.982681e+01
000518 1.007806e+03 -6.122697e+02 2.995555e+01
000519 1.009973e+03 -6.136954e+02 3.008734e+01
000520 1.012137e+03 -6.151186e+02 3.021781e+01
000521 1.014298e+03 -6.165381e+02 3.034490e+01
000522 1.016458e+03 -6.179592e+02 3.047099e+01
000523 1.018616e+03 -6.193811e+02 3.059832e+01
000524 1.020773e+03 -6.208006e+02 3.072311e+01
000525 1.022925e+03 -6.222172e+02 3.084525e+01
000526 1.025074e+03 -6.236311e+02 3.096719e+01
000527 1.027219e+03 -6.250420e+02 3.108777e+01
000528 1.029367e+03 -6.264527e+02 3.120927e+01
000529 1.031514e+03 -6.278572e+02 3.133270e+01
000530 1.033658e+03 -6.292527e+02 3.145684e+01
000531 1.035804e+03 -6.306416e+02 3.158219e+01
000532 1.037942e+03 -6.320242e+02 3.170698e+01
000533 1.040088e+03 -6.334108e+02 3.182813e+01
000534 1.042231e+03 -6.347988e+02 3.194674e+01
000535 1.044372e+03 -6.361849e+02 3.206456e+01
000536 1.046514e+03 -6.375675e+02 3.218651e+01
000537 1.048656e+03 -6.389462e+02 3.231052e+01
000538 1.050796e+03 -6.403174e+02 3.243167e+01
000539 1.052940e+03 -6.416850e+02 3.254722e+01
000540 1.055084e+03 -6.430515e+02 3.265961e+01
000541 1.057226e+03 -6.444173e+02 3.277429e+01
000542 1.059374e+03 -6.457840e+02 3.289861e+01
000543 1.061525e+03 -6.471441e+02 3.302930e+01
000544 1.063674e+03 -6.484919e+02 3.316135e+01
000545 1.065821e+03 -6.498375e+02 3.329059e+01
000546 1.067966e+03 -6.511855e+02 3.341620e+01
000547 1.070112e+03 -6.525347e+02 3.353835e+01
000548 1.072257e+03 -6.538847e+02 3.365737e+01
000549 1.074401e+03 -6.552353e+02 3.377429e+01
000550 1.076547e+03 -6.565901e+02 3.389027e+01
000551 1.078687e+03 -6.579412e+02 3.400470e+01
000552 1.080840e+03 -6.592934e+02 3.412492e+01
000553 1.082986e+03 -6.606391e+02 3.424794e+01
000554 1.085128e+03 -6.619814e+02 3.436709e+01
000555 1.087270e+03 -6.633284e+02 3.448078e+01
000556 1.089413e+03 -6.646693e+02 3.458710e+01
000557 1.091568e+03 -6.660140e+02 3.469434e+01
000558 1.093718e+03 -6.673474e+02 3.480575e+01
000559 1.095878e+03 -6.686777e+02 3.492102e+01
000560 1.098041e+03 -6.700112e+02 3.504702e+01
000561 1.100195e+03 -6.713409e+02 3.517977e+01
000562 1.102354e+03 -6.726726e+02 3.531100e+01
000563 1.104507e+03 -6.739958e+02 3.543368e+01
000564 1.106668e+03 -6.753171e+02 3.554872e+01
000565 1.108829e+03 -6.766374e+02 3.566545e+01
000566 1.110993e+03 -6.779581e+02 3.578536e+01
000567 1.113157e+03 -6.792720e+02 3.590472e+01
000568 1.115326e+03 -6.805868e+02 3.602658e+01
000569 1.117494e+03 -6.818958e+02 3.614825e+01
000570 1.119659e+03 -6.832010e+02 3.626861e+01
000571 1.121838e+03 -6.845117e+02 3.638796e+01
000572 1.124019e+03 -6.858237e+02 3.651109e+01
000573 1.126198e+03 -6.871319e+02 3.663445e+01
000574 1.128381e+03 -6.884392e+02 3.675667e+01
000575 1.130564e+03 -6.897431e+02 3.687463e+01
000576 1.132753e+03 -6.910464e+02 3.699032e+01
000577 1.134946e+03 -6.923504e+02 3.710266e+01
000578 1.137143e+03 -6.936540e+02 3.721242e+01
000579 1.139341e+03 -6.949554e+02 3.732204e+01
000580 1.141541e+03 -6.962551e+02 3.743261e+01
000581 1.143749e+03 -6.975560e+02 3.754673e+01
000582 1.145954e+03 -6.988522e+02 3.766114e+01
000583 1.148163e+03 -7.001487e+02 3.777645e+01
000584 1.150376e+03 -7.014450e+02 3.789135e+01
000585 1.152585e+03 -7.027408e+02 3.800681e+01
000586 1.154800e+03 -7.040408e+02 3.812449e+01
000587 1.157012e+03 -7.053377e+02 3.824356e+01
000588 1.159229e+03 -7.066378e+02 3.836214e+01
000589 1.161448e+03 -7.079363e+02 3.848244e+01
000590 1.163663e+03 -7.092369e+02 3.860075e+01
000591 1.165886e+03 -7.105384e+02 3.871705e+01
000592 1.168110e+03 -7.118436e+02 3.883461e+01
000593 1.170337e+03 -7.131505e+02 3.895544e+01
000594 1.172562e+03 -7.144590e+02 3.907728e+01
000595 1.174790e+03 -7.157678e+02 3.919328e+01
000596 1.177083e+03 -7.171122e+02 3.930786e+01
000597 1.179271e+03 -7.183940e+02 3.941873e+01
000598 1.181516e+03 -7.197105e+02 3.954154e+01
000599 1.183758e+03 -7.210223e+02 3.967071e+01
000600 1.186021e+03 -7.223448e+02 3.980234e+01
000601 1.188272e+03 -7.236591e+02 3.993274e+01
000602 1.190524e+03 -7.249743e+02 4.006015e+01
000603 1.192784e+03 -7.262948e+02 4.018605e+01
000604 1.195054e+03 -7.276201e+02 4.030956e+01
000605 1.197315e+03 -7.289370e+02 4.043252e+01
000606 1.199585e+03 -7.302584e+02 4.055332e+01
000607 1.201867e+03 -7.315819e+02 4.067201e+01
000608 1.204142e+03 -7.328978e+02 4.079001e+01
000609 1.206417e+03 -7.342126e+02 4.090637e+01
000610 1.208709e+03 -7.355340e+02 4.102557e+01
000611 1.210993e+03 -7.368459e+02 4.114443e+01
000612 1.213283e+03 -7.381592e+02 4.126512e+01
000613 1.215578e+03 -7.394756e+02 4.138330e+01
000614 1.217874e+03 -7.407904e+02 4.150237e+01
000615 1.220173e+03 -7.421052e+02 4.161726e+01
000616 1.222478e+03 -7.434152e+02 4.172981e+01
000617 1.224787e+03 -7.447223e+02 4.183738e+01
000618 1.227101e+03 -7.460279e+02 4.194350e+01
000619 1.229416e+03 -7.473281e+02 4.204989e+01
000620 1.231744e+03 -7.486314e+02 4.215831e+01
000621 1.234074e+03 -7.499294e+02 4.226955e+01
000622 1.236405e+03 -7.512267e+02 4.237920e+01
000623 1.238735e+03 -7.525197e+02 4.248429e+01
000624 1.241082e+03 -7.538235e+02 4.258650e+01
000625 1.243423e+03 -7.551203e+02 4.268651e+01
000626 1.245771e+03 -7.564194e+02 4.278686e+01
000627 1.248123e+03 -7.577175e+02 4.288754e+01
000628 1.250478e+03 -7.590137e+02 4.299082e+01
000629 1.252841e+03 -7.603120e+02 4.309761e+01
000630 1.255209e+03 -7.616116e+02 4.320690e+01
000631 1.257579e+03 -7.629110e+02 4.332063e+01
000632 1.259949e+03 -7.642087e+02 4.343590e+01
000633 1.262318e+03 -7.655015e+02 4.354782e+01
000634 1.264716e+03 -7.668074e+02 4.365179e+01
000635 1.267084e+03 -7.680952e+02 4.373951e+01
000636 1.269473e+03 -7.693932e+02 4.381598e+01
000637 1.271868e+03 -7.706928e+02 4.389318e+01
000638 1.274261e+03 -7.719869e+02 4.397657e+01
000639 1.276670e+03 -7.732870e+02 4.406634e+01
000640 1.279074e+03 -7.745821e+02 4.415904e+01
000641 1.281478e+03 -7.758763e+02 4.425252e+01
000642 1.283885e+03 -7.771708e+02 4.434661e+01
000643 1.286290e+03 -7.784617e+02 4.443881e+01
000644 1.288696e+03 -7.797516e+02 4.452846e+01
000645 1.291103e+03 -7.810407e+02 4.461411e+01
000646 1.293510e+03 -7.823282e+02 4.469610e+01
000647 1.295919e+03 -7.836147e+02 4.477631e+01
000648 1.298329e+03 -7.848990e+02 4.485866e+01
000649 1.300742e+03 -7.861825e+02 4.494119e+01
000650 1.303154e+03 -7.874640e+02 4.502280e+01
000651 1.305561e+03 -7.887421e+02 4.510370e+01
000652 1.307966e+03 -7.900173e+02 4.518137e+01
000653 1.310380e+03 -7.912954e+02 4.525492e+01
000654 1.312794e+03 -7.925713e+02 4.532493e+01
000655 1.315208e+03 -7.938437e+02 4.539321e+01
000656 1.317624e+03 -7.951168e+02 4.546362e+01
000657 1.320032e+03 -7.963846e+02 4.553831e+01
000658 1.322449e+03 -7.976481e+02 4.562651e+01
000659 1.324867e+03 -7.989070e+02 4.570716e+01
000660 1.327287e+03 -8.001723e+02 4.580071e+01
000661 1.329709e+03 -8.014285e+02 4.586664e+01
000662 1.332123e+03 -8.026887e+02 4.592005e+01
000663 1.334542e+03 -8.039500e+02 4.596958e+01
000664 1.336962e+03 -8.052106e+02 4.601545e+01
000665 1.339380e+03 -8.064689e+02 4.606417e+01
000666 1.341797e+03 -8.077231e+02 4.611465e+01
000667 1.344212e+03 -8.089741e+02 4.616921e+01
000668 1.346638e+03 -8.102296e+02 4.621961e+01
000669 1.349058e+03 -8.114819e+02 4.627189e+01
000670 1.351478e+03 -8.127339e+02 4.632033e+01
000671 1.353902e+03 -8.139856e+02 4.636595e+01
000672 1.356319e+03 -8.152327e+02 4.641171e+01
000673 1.358741e+03 -8.164808e+02 4.645846e+01
000674 1.361156e+03 -8.177234e+02 4.650728e+01
000675 1.363568e+03 -8.189605e+02 4.655681e+01
000676 1.365979e+03 -8.201971e+02 4.660484e+01
000677 1.368388e+03 -8.214312e+02 4.665299e+01
000678 1.370797e+03 -8.226635e+02 4.670062e+01
000679 1.373206e+03 -8.238932e+02 4.674966e+01
000680 1.375612e+03 -8.251194e+02 4.679807e+01
000681 1.378014e+03 -8.263424e+02 4.684358e+01
000682 1.380423e+03 -8.275660e+02 4.688691e+01
000683 1.382830e+03 -8.287850e+02 4.692624e+01
000684 1.385241e+03 -8.300028e+02 4.696243e+01
000685 1.387647e+03 -8.312155e+02 4.699431e+01
000686 1.390058e+03 -8.324280e+02 4.702338e+01
000687 1.392473e+03 -8.336398e+02 4.705185e+01
000688 1.394883e+03 -8.348470e+02 4.707894e+01
000689 1.397297e+03 -8.360545e+02 4.710779e+01
000690 1.399712e+03 -8.372586e+02 4.713563e+01
000691 1.402118e+03 -8.384586e+02 4.716495e+01
000692 1.404531e+03 -8.396596e+02 4.719420e+01
000693 1.406940e+03 -8.408560e+02 4.722089e+01
000694 1.409345e+03 -8.420488e+02 4.724749e+01
000695 1.411748e+03 -8.432372e+02 4.727064e+01
000696 1.414145e+03 -8.444199e+02 4.729259e+01
000697 1.416545e+03 -8.456026e+02 4.731261e+01
000698 1.418942e+03 -8.467820e+02 4.732869e+01
000699 1.421338e+03 -8.479587e+02 4.734203e+01
000700 1.423739e+03 -8.491316e+02 4.735820e+01
000701 1.426137e+03 -8.503038e+02 4.737431e+01
000702 1.428540e+03 -8.514737e+02 4.739107e+01
000703 1.430939e+03 -8.526428e+02 4.740614e+01
000704 1.433338e+03 -8.538098e+02 4.741639e+01
000705 1.435735e+03 -8.549747e+02 4.742141e+01
000706 1.438134e+03 -8.561389e+02 4.742352e+01
000707 1.440537e+03 -8.573020e+02 4.742646e+01
000708 1.442936e+03 -8.584621e+02 4.743237e+01
000709 1.445330e+03 -8.596177e+02 4.743887e+01
000710 1.447721e+03 -8.607713e+02 4.744620e+01
000711 1.450116e+03 -8.619226e+02 4.745202e+01
000712 1.452509e+03 -8.630706e+02 4.745636e+01
000713 1.454899e+03 -8.642129e+02 4.745953e+01
000714 1.457288e+03 -8.653539e+02 4.746458e+01
000715 1.459672e+03 -8.664905e+02 4.746995e+01
000716 1.462058e+03 -8.676272e+02 4.747405e+01
000717 1.464432e+03 -8.687581e+02 4.747977e+01
000718 1.466807e+03 -8.698865e+02 4.747599e+01
000719 1.469182e+03 -8.710138e+02 4.746689e+01
000720 1.471550e+03 -8.721350e+02 4.746029e+01
000721 1.473920e+03 -8.732573e+02 4.745073e+01
000722 1.476283e+03 -8.743734e+02 4.743923e+01
000723 1.478642e+03 -8.754851e+02 4.742685e+01
000724 1.481001e+03 -8.765934e+02 4.742477e+01
000725 1.483348e+03 -8.776953e+02 4.742592e+01
000726 1.485696e+03 -8.787965e+02 4.743611e+01
000727 1.488042e+03 -8.798970e+02 4.744804e+01
000728 1.490381e+03 -8.809934e+02 4.745675e+01
000729 1.492712e+03 -8.820850e+02 4.746804e+01
000730 1.495041e+03 -8.831750e+02 4.747876e+01
000731 1.497363e+03 -8.842612e+02 4.749161e+01
000732 1.499686e+03 -8.853464e+02 4.751405e+01
000733 1.501996e+03 -8.864270e+02 4.753210e+01
000734 1.504298e+03 -8.875023e+02 4.754396e+01
000735 1.506608e+03 -8.885793e+02 4.755386e+01
000736 1.508913e+03 -8.896524e+02 4.756552e+01
000737 1.511216e+03 -8.907229e+02 4.758029e+01
000738 1.513510e+03 -8.917874e+02 4.759751e+01
000739 1.515801e+03 -8.928485e+02 4.761124e+01
000740 1.518096e+03 -8.939096e+02 4.762399e+01
000741 1.520388e+03 -8.949665e+02 4.763313e+01
000742 1.522676e+03 -8.960191e+02 4.764596e+01
000743 1.524961e+03 -8.970705e+02 4.766736e+01
000744 1.527242e+03 -8.981170e+02 4.768706e+01
000745 1.529523e+03 -8.991623e+02 4.770517e+01
000746 1.531795e+03 -9.002017e+02 4.772020e+01
000747 1.534067e+03 -9.012401e+02 4.773131e+01
000748 1.536337e+03 -9.022742e+02 4.773818e+01
000749 1.538605e+03 -9.033060e+02 4.775082e+01
000750 1.540873e+03 -9.043349e+02 4.776928e+01
000751 1.543134e+03 -9.053584e+02 4.779346e+01
000752 1.545392e+03 -9.063787e+02 4.781679e+01
000753 1.547641e+03 -9.073939e+02 4.783343e+01
000754 1.549884e+03 -9.084067e+02 4.784794e+01
000755 1.552134e+03 -9.094203e+02 4.786034e+01
000756 1.554374e+03 -9.104252e+02 4.787274e+01
000757 1.556611e+03 -9.114271e+02 4.788768e+01
000758 1.558842e+03 -9.124266e+02 4.790468e+01
000759 1.561071e+03 -9.134263e+02 4.792615e+01
000760 1.563292e+03 -9.144261e+02 4.794997e+01
000761 1.565507e+03 -9.154256e+02 4.797397e+01
000762 1.567716e+03 -9.164241e+02 4.799707e+01
000763 1.569920e+03 -9.174222e+02 4.801985e+01
000764 1.572126e+03 -9.184232e+02 4.804377e+01
000765 1.574331e+03 -9.194263e+02 4.806802e+01
000766 1.576528e+03 -9.204289e+02 4.809301e+01
000767 1.578723e+03 -9.214312e+02 4.811923e+01
000768 1.580910e+03 -9.224315e+02 4.814314e+01
000769 1.583106e+03 -9.234386e+02 4.816606e+01
000770 1.585294e+03 -9.244438e+02 4.818910e+01
000771 1.587477e+03 -9.254494e+02 4.821155e+01
000772 1.589656e+03 -9.264574e+02 4.823639e+01
000773 1.591825e+03 -9.274666e+02 4.826260e+01
000774 1.593998e+03 -9.284840e+02 4.829025e+01
000775 1.596156e+03 -9.295025e+02 4.831939e+01
000776 1.598309e+03 -9.305255e+02 4.834906e+01
000777 1.600456e+03 -9.315523e+02 4.837802e+01
000778 1.602594e+03 -9.325808e+02 4.840548e+01
000779 1.604728e+03 -9.336148e+02 4.843406e+01
000780 1.606851e+03 -9.346535e+02 4.846143e+01
000781 1.608968e+03 -9.356991e+02 4.849195e+01
000782 1.611079e+03 -9.367470e+02 4.852624e+01
000783 1.613177e+03 -9.377953e+02 4.856114e+01
000784 1.615276e+03 -9.388488e+02 4.859697e+01
000785 1.617365e+03 -9.399034e+02 4.863325e+01
000786 1.619446e+03 -9.409606e+02 4.867009e+01
000787 1.621514e+03 -9.420174e+02 4.870767e+01
000788 1.623582e+03 -9.430798e+02 4.874551e+01
000789 1.625639e+03 -9.441387e+02 4.878112e+01
000790 1.627692e+03 -9.451948e+02 4.881364e+01
000791 1.629739e+03 -9.462493e+02 4.884336e+01
000792 1.631780e+03 -9.473020e+02 4.887178e+01
000793 1.633819e+03 -9.483574e+02 4.889792e+01
000794 1.635848e+03 -9.494093e+02 4.892252e+01
000795 1.637876e+03 -9.504616e+02 4.894713e+01
000796 1.639898e+03 -9.515090e+02 4.897459e+01
000797 1.641905e+03 -9.525509e+02 4.900261e+01
000798 1.643920e+03 -9.535981e+02 4.903083e+01
000799 1.645927e+03 -9.546358e+02 4.906123e+01
000800 1.647929e+03 -9.556718e+02 4.909362e+01
000801 1.649931e+03 -9.567025e+02 4.913070e+01
000802 1.651926e+03 -9.577232e+02 4.917785e+01
000803 1.653922e+03 -9.587392e+02 4.922771e+01
000804 1.655907e+03 -9.597429e+02 4.927404e+01
000805 1.657888e+03 -9.607445e+02 4.931059e+01
000806 1.659868e+03 -9.617407e+02 4.933671e+01
000807 1.661857e+03 -9.627322e+02 4.936368e+01
000808 1.663845e+03 -9.637141e+02 4.939845e+01
000809 1.665835e+03 -9.646864e+02 4.943882e+01
000810 1.667828e+03 -9.656520e+02 4.948118e+01
000811 1.669813e+03 -9.666100e+02 4.952421e+01
000812 1.671797e+03 -9.675649e+02 4.956456e+01
000813 1.673786e+03 -9.685170e+02 4.960599e+01
000814 1.675782e+03 -9.694644e+02 4.965130e+01
000815 1.677761e+03 -9.703985e+02 4.969653e+01
000816 1.679740e+03 -9.713312e+02 4.974000e+01
000817 1.681723e+03 -9.722641e+02 4.978185e+01
000818 1.683703e+03 -9.731964e+02 4.982334e+01
000819 1.685682e+03 -9.741288e+02 4.986559e+01
000820 1.687655e+03 -9.750597e+02 4.990905e+01
000821 1.689621e+03 -9.759855e+02 4.995262e+01
000822 1.691585e+03 -9.769105e+02 4.999582e+01
000823 1.693546e+03 -9.778338e+02 5.003776e+01
000824 1.695506e+03 -9.787577e+02 5.007832e+01
000825 1.697460e+03 -9.796789e+02 5.012017e+01
000826 1.699416e+03 -9.805994e+02 5.016515e+01
000827 1.701378e+03 -9.815203e+02 5.021139e+01
000828 1.703321e+03 -9.824311e+02 5.025832e+01
000829 1.705258e+03 -9.833354e+02 5.030572e+01
000830 1.707206e+03 -9.842435e+02 5.035512e+01
000831 1.709144e+03 -9.851451e+02 5.040598e+01
000832 1.711078e+03 -9.860442e+02 5.045685e+01
000833 1.713011e+03 -9.869390e+02 5.050409e+01
000834 1.714950e+03 -9.878314e+02 5.054622e+01
000835 1.716881e+03 -9.887143e+02 5.058931e+01
000836 1.718815e+03 -9.895928e+02 5.063886e+01
000837 1.720748e+03 -9.904667e+02 5.069222e+01
000838 1.722678e+03 -9.913366e+02 5.074708e+01
000839 1.724608e+03 -9.922037e+02 5.080392e+01
000840 1.726528e+03 -9.930631e+02 5.085882e+01
000841 1.728444e+03 -9.939181e+02 5.091307e+01
000842 1.730369e+03 -9.947738e+02 5.096953e+01
000843 1.732261e+03 -9.956156e+02 5.102122e+01
000844 1.734159e+03 -9.964578e+02 5.107170e+01
000845 1.736038e+03 -9.972930e+02 5.112203e+01
000846 1.737915e+03 -9.981264e+02 5.117020e+01
000847 1.739776e+03 -9.989527e+02 5.121849e+01
000848 1.741629e+03 -9.997741e+02 5.126880e+01
000849 1.743475e+03 -1.000590e+03 5.132253e+01
000850 1.745308e+03 -1.001398e+03 5.137573e+01
000851 1.747151e+03 -1.002199e+03 5.144766e+01
000852 1.748971e+03 -1.002990e+03 5.150814e+01
000853 1.750784e+03 -1.003788e+03 5.155995e+01
000854 1.752592e+03 -1.004589e+03 5.160635e+01
000855 1.754388e+03 -1.005375e+03 5.165386e+01
000856 1.756187e+03 -1.006165e+03 5.170578e+01
000857 1.757974e+03 -1.006957e+03 5.176265e+01
000858 1.759751e+03 -1.007751e+03 5.182311e+01
000859 1.761513e+03 -1.008544e+03 5.188342e+01
000860 1.763261e+03 -1.009335e+03 5.195285e+01
000861 1.764998e+03 -1.010123e+03 5.201045e+01
000862 1.766720e+03 -1.010909e+03 5.207058e+01
000863 1.768424e+03 -1.011690e+03 5.212901e+01
000864 1.770113e+03 -1.012467e+03 5.218615e+01
000865 1.771786e+03 -1.013242e+03 5.224293e+01
000866 1.773447e+03 -1.014014e+03 5.230027e+01
000867 1.775097e+03 -1.014785e+03 5.235761e+01
000868 1.776731e+03 -1.015552e+03 5.241430e+01
000869 1.778350e+03 -1.016316e+03 5.247129e+01
000870 1.779954e+03 -1.017080e+03 5.252858e+01
000871 1.781539e+03 -1.017840e+03 5.258609e+01
000872 1.783104e+03 -1.018596e+03 5.264253e+01
000873 1.784649e+03 -1.019347e+03 5.269797e+01
000874 1.786178e+03 -1.020097e+03 5.275441e+01
000875 1.787688e+03 -1.020850e+03 5.281142e+01
000876 1.789178e+03 -1.021604e+03 5.287006e+01
000877 1.790644e+03 -1.022359e+03 5.292871e+01
000878 1.792093e+03 -1.023119e+03 5.298756e+01
000879 1.793508e+03 -1.023881e+03 5.304491e+01
000880 1.794918e+03 -1.024665e+03 5.310413e+01
000881 1.796305e+03 -1.025467e+03 5.316251e+01
000882 1.797645e+03 -1.026269e+03 5.322561e+01
000883 1.798986e+03 -1.027105e+03 5.328640e+01
000884 1.800303e+03 -1.027957e+03 5.334948e+01
000885 1.801573e+03 -1.028814e+03 5.341860e+01
000886 1.802849e+03 -1.029705e+03 5.348746e+01
000887 1.804070e+03 -1.030593e+03 5.355687e+01
000888 1.805302e+03 -1.031525e+03 5.362778e+01
000889 1.806512e+03 -1.032479e+03 5.370201e+01
000890 1.807659e+03 -1.033436e+03 5.378134e+01
000891 1.808823e+03 -1.034439e+03 5.386369e+01
000892 1.809965e+03 -1.035467e+03 5.394892e+01
000893 1.811032e+03 -1.036486e+03 5.403157e+01
000894 1.812120e+03 -1.037563e+03 5.411921e+01
000895 1.813127e+03 -1.038631e+03 5.420740e+01
000896 1.814163e+03 -1.039764e+03 5.429748e+01
000897 1.815169e+03 -1.040921e+03 5.439358e+01
000898 1.816083e+03 -1.042062e+03 5.449432e+01
000899 1.817025e+03 -1.043266e+03 5.459850e+01
000900 1.817931e+03 -1.044484e+03 5.470465e+01
000901 1.818744e+03 -1.045693e+03 5.481008e+01
000902 1.819586e+03 -1.046959e+03 5.491601e+01
000903 1.820326e+03 -1.048207e+03 5.502254e+01
000904 1.821100e+03 -1.049517e+03 5.513095e+01
000905 1.821838e+03 -1.050848e+03 5.524358e+01
000906 1.822465e+03 -1.052152e+03 5.535588e+01
000907 1.823124e+03 -1.053518e+03 5.547132e+01
000908 1.823739e+03 -1.054897e+03 5.558596e+01
000909 1.824255e+03 -1.056260e+03 5.570364e+01
000910 1.824795e+03 -1.057672e+03 5.582355e+01
000911 1.825228e+03 -1.059056e+03 5.594070e+01
000912 1.825688e+03 -1.060491e+03 5.606658e+01
000913 1.826105e+03 -1.061934e+03 5.619032e+01
000914 1.826418e+03 -1.063357e+03 5.631631e+01
000915 1.826758e+03 -1.064825e+03 5.644401e+01
000916 1.827054e+03 -1.066300e+03 5.657325e+01
000917 1.827248e+03 -1.067744e+03 5.670276e+01
000918 1.827464e+03 -1.069230e+03 5.683518e+01
000919 1.827640e+03 -1.070726e+03 5.696880e+01
000920 1.827717e+03 -1.072185e+03 5.709951e+01
000921 1.827812e+03 -1.073687e+03 5.723215e+01
000922 1.827812e+03 -1.075152e+03 5.736580e+01
000923 1.827830e+03 -1.076658e+03 5.749929e+01
000924 1.827812e+03 -1.078165e+03 5.763595e+01
000925 1.827696e+03 -1.079636e+03 5.776981e+01
000926 1.827601e+03 -1.081139e+03 5.790771e+01
000927 1.827468e+03 -1.082643e+03 5.804396e+01
000928 1.827234e+03 -1.084111e+03 5.817193e+01
000929 1.827023e+03 -1.085615e+03 5.830230e+01
000930 1.826704e+03 -1.087072e+03 5.843592e+01
000931 1.826410e+03 -1.088569e+03 5.856608e+01
000932 1.826076e+03 -1.090056e+03 5.870315e+01
000933 1.825633e+03 -1.091489e+03 5.883384e+01
000934 1.825214e+03 -1.092954e+03 5.896963e+01
000935 1.824755e+03 -1.094410e+03 5.910201e+01
000936 1.824183e+03 -1.095811e+03 5.923540e+01
000937 1.823643e+03 -1.097240e+03 5.936850e+01
000938 1.823060e+03 -1.098648e+03 5.949507e+01
000939 1.822357e+03 -1.099995e+03 5.960684e+01
000940 1.821684e+03 -1.101364e+03 5.972051e+01
000941 1.820889e+03 -1.102660e+03 5.984234e+01
000942 1.820139e+03 -1.103994e+03 5.994356e+01
000943 1.819352e+03 -1.105305e+03 6.005208e+01
000944 1.818450e+03 -1.106542e+03 6.015961e+01
000945 1.817589e+03 -1.107799e+03 6.027091e+01
000946 1.816694e+03 -1.109029e+03 6.038345e+01
000947 1.815685e+03 -1.110182e+03 6.049128e+01
000948 1.814723e+03 -1.111351e+03 6.060227e+01
000949 1.813646e+03 -1.112443e+03 6.071216e+01
000950 1.812614e+03 -1.113551e+03 6.082078e+01
000951 1.811551e+03 -1.114626e+03 6.093013e+01
000952 1.810378e+03 -1.115622e+03 6.103586e+01
000953 1.809249e+03 -1.116631e+03 6.114424e+01
000954 1.808088e+03 -1.117606e+03 6.124884e+01
000955 1.806825e+03 -1.118505e+03 6.134899e+01
000956 1.805603e+03 -1.119412e+03 6.144839e+01
000957 1.804284e+03 -1.120246e+03 6.154684e+01
000958 1.803008e+03 -1.121087e+03 6.164582e+01
000959 1.801706e+03 -1.121892e+03 6.174346e+01
000960 1.800315e+03 -1.122623e+03 6.183906e+01
000961 1.798960e+03 -1.123358e+03 6.193421e+01
000962 1.797579e+03 -1.124058e+03 6.202920e+01
000963 1.796124e+03 -1.124692e+03 6.211734e+01
000964 1.794701e+03 -1.125325e+03 6.220732e+01
000965 1.793253e+03 -1.125928e+03 6.229534e+01
000966 1.791742e+03 -1.126471e+03 6.238523e+01
000967 1.790258e+03 -1.127004e+03 6.247435e+01
000968 1.788716e+03 -1.127485e+03 6.256090e+01
000969 1.787194e+03 -1.127955e+03 6.264482e+01
000970 1.785654e+03 -1.128395e+03 6.272812e+01
000971 1.784075e+03 -1.128793e+03 6.280871e+01
000972 1.782506e+03 -1.129180e+03 6.289076e+01
000973 1.780922e+03 -1.129541e+03 6.297071e+01
000974 1.779311e+03 -1.129873e+03 6.304728e+01
000975 1.777702e+03 -1.130193e+03 6.312234e+01
000976 1.776082e+03 -1.130494e+03 6.319501e+01
000977 1.774439e+03 -1.130771e+03 6.326738e+01
000978 1.772797e+03 -1.131038e+03 6.333921e+01
000979 1.771135e+03 -1.131284e+03 6.341172e+01
000980 1.769479e+03 -1.131517e+03 6.348361e+01
000981 1.767796e+03 -1.131740e+03 6.355799e+01
000982 1.766113e+03 -1.131949e+03 6.363222e+01
000983 1.764428e+03 -1.132152e+03 6.370596e+01
000984 1.762736e+03 -1.132348e+03 6.377872e+01
000985 1.761046e+03 -1.132534e+03 6.385109e+01
000986 1.759353e+03 -1.132713e+03 6.392280e+01
000987 1.757655e+03 -1.132885e+03 6.399476e+01
000988 1.755959e+03 -1.133051e+03 6.406682e+01
000989 1.754261e+03 -1.133210e+03 6.413795e+01
000990 1.752565e+03 -1.133366e+03 6.420815e+01
000991 1.750863e+03 -1.133519e+03 6.427888e+01
000992 1.749163e+03 -1.133669e+03 6.434811e+01
000993 1.747458e+03 -1.133818e+03 6.441721e+01
000994 1.745755e+03 -1.133964e+03 6.448641e+01
000995 1.744051e+03 -1.134108e+03 6.455659e+01
000996 1.742342e+03 -1.134251e+03 6.462863e+01
000997 1.740635e+03 -1.134391e+03 6.470178e+01
000998 1.738929e+03 -1.134530e+03 6.477564e+01
000999 1.737220e+03 -1.134667e+03 6.484950e+01
001000 1.735516e+03 -1.134802e+03 6.492197e+01
001001 1.733810e+03 -1.134934e+03 6.499470e+01
001002 1.732115e+03 -1.135064e+03 6.506585e+01
001003 1.730426e+03 -1.135192e+03 6.513665e+01
001004 1.728748e+03 -1.135319e+03 6.520511e+01
001005 1.727075e+03 -1.135441e+03 6.527167e+01
001006 1.725404e+03 -1.135561e+03 6.533481e+01
001007 1.723740e+03 -1.135676e+03 6.539481e+01
001008 1.722082e+03 -1.135788e+03 6.545266e+01
001009 1.720432e+03 -1.135894e+03 6.551240e+01
001010 1.718787e+03 -1.135995e+03 6.556950e+01
001011 1.717161e+03 -1.136086e+03 6.562471e+01
001012 1.715535e+03 -1.136161e+03 6.567949e+01
001013 1.713931e+03 -1.136225e+03 6.573199e+01
001014 1.712341e+03 -1.136271e+03 6.578231e+01
001015 1.710746e+03 -1.136295e+03 6.583270e+01
001016 1.709184e+03 -1.136308e+03 6.588013e+01
001017 1.707613e+03 -1.136285e+03 6.592724e+01
001018 1.706078e+03 -1.136253e+03 6.597128e+01
001019 1.704565e+03 -1.136194e+03 6.601230e+01
001020 1.703031e+03 -1.136085e+03 6.604779e+01
001021 1.701548e+03 -1.135967e+03 6.608116e+01
001022 1.700082e+03 -1.135821e+03 6.611041e+01
001023 1.698586e+03 -1.135613e+03 6.613649e+01
001024 1.697155e+03 -1.135401e+03 6.616215e+01
001025 1.695669e+03 -1.135102e+03 6.618653e+01
001026 1.694241e+03 -1.134791e+03 6.621043e+01
001027 1.692835e+03 -1.134472e+03 6.621801e+01
001028 1.691371e+03 -1.134067e+03 6.620730e+01
001029 1.689991e+03 -1.133671e+03 6.619591e+01
001030 1.688621e+03 -1.133232e+03 6.617116e+01
001031 1.687197e+03 -1.132693e+03 6.614385e+01
001032 1.685870e+03 -1.132171e+03 6.609641e+01
001033 1.684476e+03 -1.131541e+03 6.606232e+01
001034 1.683200e+03 -1.130935e+03 6.601776e+01
001035 1.681961e+03 -1.130284e+03 6.598452e+01
001036 1.680643e+03 -1.129520e+03 6.594241e+01
001037 1.679457e+03 -1.128777e+03 6.590758e+01
001038 1.678306e+03 -1.127996e+03 6.587101e+01
001039 1.677079e+03 -1.127102e+03 6.582757e+01
001040 1.675989e+03 -1.126240e+03 6.578896e+01
001041 1.674826e+03 -1.125267e+03 6.574585e+01
001042 1.673811e+03 -1.124329e+03 6.570668e+01
001043 1.672831e+03 -1.123355e+03 6.566320e+01
001044 1.671787e+03 -1.122274e+03 6.561313e+01
001045 1.670884e+03 -1.121227e+03 6.556276e+01
001046 1.670025e+03 -1.120149e+03 6.550954e+01
001047 1.669099e+03 -1.118972e+03 6.544746e+01
001048 1.668319e+03 -1.117831e+03 6.538886e+01
001049 1.667481e+03 -1.116599e+03 6.532217e+01
001050 1.666783e+03 -1.115408e+03 6.525392e+01
001051 1.666116e+03 -1.114183e+03 6.518499e+01
001052 1.665409e+03 -1.112881e+03 6.510462e+01
001053 1.664817e+03 -1.111609e+03 6.503254e+01
001054 1.664267e+03 -1.110320e+03 6.495835e+01
001055 1.663679e+03 -1.108960e+03 6.487654e+01
001056 1.663209e+03 -1.107637e+03 6.479507e+01
001057 1.662781e+03 -1.106297e+03 6.471287e+01
001058 1.662301e+03 -1.104878e+03 6.462431e+01
001059 1.661958e+03 -1.103507e+03 6.453800e+01
001060 1.661562e+03 -1.102062e+03 6.446915e+01
001061 1.661319e+03 -1.100685e+03 6.436320e+01
001062 1.661115e+03 -1.099284e+03 6.426554e+01
001063 1.660875e+03 -1.097802e+03 6.414444e+01
001064 1.660772e+03 -1.096370e+03 6.405174e+01
001065 1.660724e+03 -1.094939e+03 6.395351e+01
001066 1.660624e+03 -1.093444e+03 6.386049e+01
001067 1.660666e+03 -1.092014e+03 6.375655e+01
001068 1.660665e+03 -1.090516e+03 6.365347e+01
001069 1.660808e+03 -1.089081e+03 6.353899e+01
001070 1.660998e+03 -1.087649e+03 6.342386e+01
001071 1.661140e+03 -1.086159e+03 6.330548e+01
001072 1.661423e+03 -1.084736e+03 6.318844e+01
001073 1.661752e+03 -1.083312e+03 6.307257e+01
001074 1.662049e+03 -1.081841e+03 6.295694e+01
001075 1.662469e+03 -1.080424e+03 6.284239e+01
001076 1.662869e+03 -1.078968e+03 6.272406e+01
001077 1.663374e+03 -1.077556e+03 6.261487e+01
001078 1.663914e+03 -1.076148e+03 6.250419e+01
001079 1.664445e+03 -1.074719e+03 6.239675e+01
001080 1.665055e+03 -1.073325e+03 6.228661e+01
001081 1.665691e+03 -1.071933e+03 6.217659e+01
001082 1.666334e+03 -1.070534e+03 6.206217e+01
001083 1.667040e+03 -1.069131e+03 6.195260e+01
001084 1.667748e+03 -1.067757e+03 6.184362e+01
001085 1.668471e+03 -1.066365e+03 6.173872e+01
001086 1.669233e+03 -1.064989e+03 6.163280e+01
001087 1.670011e+03 -1.063611e+03 6.152604e+01
001088 1.670820e+03 -1.062227e+03 6.141849e+01
001089 1.671640e+03 -1.060840e+03 6.131031e+01
001090 1.672455e+03 -1.059464e+03 6.120477e+01
001091 1.673289e+03 -1.058082e+03 6.109890e+01
001092 1.674135e+03 -1.056683e+03 6.099427e+01
001093 1.674989e+03 -1.055278e+03 6.089092e+01
001094 1.675853e+03 -1.053860e+03 6.079000e+01
001095 1.676716e+03 -1.052451e+03 6.069111e+01
001096 1.677591e+03 -1.051033e+03 6.059208e+01
001097 1.678473e+03 -1.049604e+03 6.049193e+01
001098 1.679381e+03 -1.048145e+03 6.038454e+01
001099 1.680259e+03 -1.046739e+03 6.028089e+01
001100 1.681167e+03 -1.045291e+03 6.017613e+01
