000000 -5.551115e-17 2.220446e-16 -3.330669e-16
000001 -1.101102e-02 9.617130e-01 -1.712164e-02
000002 -1.699529e-02 1.924885e+00 -3.304158e-02
000003 -3.106702e-02 2.888054e+00 -6.341853e-02
000004 -4.462738e-02 3.848312e+00 -9.503621e-02
000005 -5.337242e-02 4.806551e+00 -1.222173e-01
000006 -6.458549e-02 5.738958e+00 -1.448705e-01
000007 -7.542792e-02 6.676395e+00 -1.535673e-01
000008 -8.936429e-02 7.606157e+00 -1.678814e-01
000009 -1.013034e-01 8.535486e+00 -1.791661e-01
000010 -1.141317e-01 9.465868e+00 -1.865848e-01
000011 -1.275574e-01 1.038892e+01 -1.916301e-01
000012 -1.421945e-01 1.133952e+01 -1.997185e-01
000013 -1.548813e-01 1.222345e+01 -2.155601e-01
000014 -1.693123e-01 1.313325e+01 -2.354858e-01
000015 -1.849063e-01 1.404136e+01 -2.602522e-01
000016 -1.992846e-01 1.494552e+01 -2.760574e-01
000017 -2.169483e-01 1.584627e+01 -2.851106e-01
000018 -2.367130e-01 1.674309e+01 -2.933610e-01
000019 -2.548521e-01 1.763484e+01 -2.982439e-01
000020 -2.730779e-01 1.852684e+01 -3.044055e-01
000021 -2.937433e-01 1.941419e+01 -3.138402e-01
000022 -3.146034e-01 2.029478e+01 -3.236882e-01
000023 -3.335669e-01 2.116890e+01 -3.220398e-01
000024 -3.517749e-01 2.203793e+01 -3.205089e-01
000025 -3.725490e-01 2.290089e+01 -3.172185e-01
000026 -3.933684e-01 2.375773e+01 -3.159266e-01
000027 -4.121035e-01 2.461543e+01 -3.140241e-01
000028 -4.280328e-01 2.544218e+01 -3.057383e-01
000029 -4.474023e-01 2.626621e+01 -2.988492e-01
000030 -4.690774e-01 2.708037e+01 -2.930490e-01
000031 -4.916230e-01 2.787697e+01 -2.934051e-01
000032 -5.147234e-01 2.866957e+01 -2.982767e-01
000033 -5.377287e-01 2.945471e+01 -3.030386e-01
000034 -5.610502e-01 3.022665e+01 -3.024561e-01
000035 -5.837097e-01 3.099325e+01 -2.893166e-01
000036 -6.098827e-01 3.175331e+01 -2.849460e-01
000037 -6.373473e-01 3.249745e+01 -2.859582e-01
000038 -6.694970e-01 3.323490e+01 -2.913155e-01
000039 -7.070281e-01 3.396228e+01 -2.980989e-01
000040 -7.475972e-01 3.470353e+01 -3.011809e-01
000041 -7.861231e-01 3.539317e+01 -3.012987e-01
000042 -8.225011e-01 3.608573e+01 -2.935002e-01
000043 -8.579745e-01 3.677338e+01 -2.845601e-01
000044 -8.979841e-01 3.744921e+01 -2.829222e-01
000045 -9.356939e-01 3.811124e+01 -2.753503e-01
000046 -9.662440e-01 3.876355e+01 -2.643952e-01
000047 -9.940685e-01 3.940063e+01 -2.590333e-01
000048 -1.022967e+00 4.003748e+01 -2.546909e-01
000049 -1.054571e+00 4.068683e+01 -2.561416e-01
000050 -1.082779e+00 4.129211e+01 -2.559993e-01
000051 -1.107347e+00 4.189089e+01 -2.542439e-01
000052 -1.127463e+00 4.247569e+01 -2.504927e-01
000053 -1.143225e+00 4.304425e+01 -2.472759e-01
000054 -1.156523e+00 4.359239e+01 -2.461265e-01
000055 -1.163695e+00 4.411947e+01 -2.463307e-01
000056 -1.165311e+00 4.462705e+01 -2.460311e-01
000057 -1.165281e+00 4.511047e+01 -2.401569e-01
000058 -1.162119e+00 4.557447e+01 -2.348502e-01
000059 -1.153911e+00 4.601395e+01 -2.368661e-01
000060 -1.139704e+00 4.643562e+01 -2.380301e-01
000061 -1.119110e+00 4.683267e+01 -2.395256e-01
000062 -1.098158e+00 4.720456e+01 -2.391747e-01
000063 -1.077742e+00 4.756732e+01 -2.387525e-01
000064 -1.059487e+00 4.787840e+01 -2.404154e-01
000065 -1.036133e+00 4.817664e+01 -2.443984e-01
000066 -1.006263e+00 4.845088e+01 -2.532706e-01
000067 -9.730963e-01 4.871656e+01 -2.607772e-01
000068 -9.369557e-01 4.897559e+01 -2.675893e-01
000069 -8.977462e-01 4.923239e+01 -2.734425e-01
000070 -8.567415e-01 4.948708e+01 -2.805680e-01
000071 -8.084309e-01 4.974970e+01 -2.860922e-01
000072 -7.577117e-01 4.998615e+01 -2.915714e-01
000073 -6.971579e-01 5.023058e+01 -2.967619e-01
000074 -6.296551e-01 5.047733e+01 -3.022908e-01
000075 -5.626253e-01 5.070727e+01 -3.067843e-01
000076 -4.889211e-01 5.094530e+01 -3.117062e-01
000077 -4.074937e-01 5.118149e+01 -3.179085e-01
000078 -3.172192e-01 5.142020e+01 -3.255041e-01
000079 -2.212449e-01 5.165930e+01 -3.340796e-01
000080 -1.147140e-01 5.190075e+01 -3.439537e-01
000081 2.735872e-04 5.212982e+01 -3.544958e-01
000082 1.309526e-01 5.235595e+01 -3.642721e-01
000083 2.760316e-01 5.258045e+01 -3.733939e-01
000084 4.279778e-01 5.280031e+01 -3.824345e-01
000085 5.907911e-01 5.301901e+01 -3.919068e-01
000086 7.701079e-01 5.324411e+01 -4.025973e-01
000087 9.652370e-01 5.347280e+01 -4.147601e-01
000088 1.172293e+00 5.369477e+01 -4.302534e-01
000089 1.401712e+00 5.392680e+01 -4.467404e-01
000090 1.658262e+00 5.415343e+01 -4.647131e-01
000091 1.946080e+00 5.436895e+01 -4.776399e-01
000092 2.269729e+00 5.458519e+01 -4.777691e-01
000093 2.612681e+00 5.478988e+01 -4.832195e-01
000094 2.973763e+00 5.498383e+01 -4.792758e-01
000095 3.359263e+00 5.516957e+01 -4.860892e-01
000096 3.766145e+00 5.533541e+01 -4.913921e-01
000097 4.198361e+00 5.548396e+01 -5.166196e-01
000098 4.641416e+00 5.561845e+01 -5.396177e-01
000099 5.103719e+00 5.572143e+01 -5.645924e-01
000100 5.585536e+00 5.580227e+01 -5.957735e-01
000101 6.088519e+00 5.585617e+01 -6.266796e-01
000102 6.612372e+00 5.590280e+01 -6.532414e-01
000103 7.126377e+00 5.593790e+01 -6.821309e-01
000104 7.658631e+00 5.595413e+01 -7.242890e-01
000105 8.209580e+00 5.597135e+01 -7.737852e-01
000106 8.774944e+00 5.597751e+01 -8.137508e-01
000107 9.351661e+00 5.598323e+01 -8.573790e-01
000108 9.933246e+00 5.598182e+01 -9.020616e-01
000109 1.053767e+01 5.597984e+01 -9.473740e-01
000110 1.113754e+01 5.597900e+01 -9.965387e-01
000111 1.175501e+01 5.596304e+01 -1.055254e+00
000112 1.238276e+01 5.592954e+01 -1.117194e+00
000113 1.302027e+01 5.590304e+01 -1.167977e+00
000114 1.367308e+01 5.588330e+01 -1.217524e+00
000115 1.433357e+01 5.585852e+01 -1.269538e+00
000116 1.501321e+01 5.582149e+01 -1.317429e+00
000117 1.569798e+01 5.577901e+01 -1.366117e+00
000118 1.638718e+01 5.574074e+01 -1.417061e+00
000119 1.708252e+01 5.570318e+01 -1.462354e+00
000120 1.778472e+01 5.567210e+01 -1.502437e+00
000121 1.850468e+01 5.564300e+01 -1.545746e+00
000122 1.924155e+01 5.561503e+01 -1.593908e+00
000123 1.997824e+01 5.559027e+01 -1.647724e+00
000124 2.071281e+01 5.556904e+01 -1.696725e+00
000125 2.143850e+01 5.553688e+01 -1.741686e+00
000126 2.216714e+01 5.551011e+01 -1.787932e+00
000127 2.290332e+01 5.550537e+01 -1.839076e+00
000128 2.363216e+01 5.550164e+01 -1.895775e+00
000129 2.437331e+01 5.548454e+01 -1.955801e+00
000130 2.511164e+01 5.546362e+01 -2.008471e+00
000131 2.583505e+01 5.546181e+01 -2.059391e+00
000132 2.656806e+01 5.547262e+01 -2.113697e+00
000133 2.730492e+01 5.548963e+01 -2.167614e+00
000134 2.804413e+01 5.549768e+01 -2.226546e+00
000135 2.877765e+01 5.551027e+01 -2.288673e+00
000136 2.951232e+01 5.552232e+01 -2.343893e+00
000137 3.024630e+01 5.553620e+01 -2.395401e+00
000138 3.098559e+01 5.554859e+01 -2.445222e+00
000139 3.172630e+01 5.556188e+01 -2.496112e+00
000140 3.246495e+01 5.558466e+01 -2.537443e+00
000141 3.320740e+01 5.561348e+01 -2.578228e+00
000142 3.395101e+01 5.563975e+01 -2.620601e+00
000143 3.469841e+01 5.567316e+01 -2.667716e+00
000144 3.544252e+01 5.570930e+01 -2.711893e+00
000145 3.619785e+01 5.574855e+01 -2.761384e+00
000146 3.695093e+01 5.578704e+01 -2.812393e+00
000147 3.770474e+01 5.582660e+01 -2.867554e+00
000148 3.846575e+01 5.586855e+01 -2.922992e+00
000149 3.923007e+01 5.592107e+01 -2.973413e+00
000150 4.000220e+01 5.597631e+01 -3.024315e+00
000151 4.077830e+01 5.602494e+01 -3.080932e+00
000152 4.155550e+01 5.607788e+01 -3.135919e+00
000153 4.233951e+01 5.614130e+01 -3.188774e+00
000154 4.313031e+01 5.620333e+01 -3.244326e+00
000155 4.393795e+01 5.626972e+01 -3.297181e+00
000156 4.471372e+01 5.634391e+01 -3.352539e+00
000157 4.550440e+01 5.642297e+01 -3.402580e+00
000158 4.630756e+01 5.650810e+01 -3.461241e+00
000159 4.712224e+01 5.660533e+01 -3.525277e+00
000160 4.791411e+01 5.670663e+01 -3.592468e+00
000161 4.872687e+01 5.681192e+01 -3.662244e+00
000162 4.954068e+01 5.692162e+01 -3.727642e+00
000163 5.035682e+01 5.704097e+01 -3.792894e+00
000164 5.116788e+01 5.716787e+01 -3.850124e+00
000165 5.198907e+01 5.729726e+01 -3.912550e+00
000166 5.277379e+01 5.742490e+01 -3.968025e+00
000167 5.356153e+01 5.756033e+01 -4.023164e+00
000168 5.434318e+01 5.769851e+01 -4.082523e+00
000169 5.510439e+01 5.783752e+01 -4.143701e+00
000170 5.587053e+01 5.797950e+01 -4.204409e+00
000171 5.664546e+01 5.812033e+01 -4.262120e+00
000172 5.738911e+01 5.826251e+01 -4.318314e+00
000173 5.813668e+01 5.841357e+01 -4.369152e+00
000174 5.887601e+01 5.856727e+01 -4.420802e+00
000175 5.959961e+01 5.871611e+01 -4.467621e+00
000176 6.031245e+01 5.886609e+01 -4.516372e+00
000177 6.101319e+01 5.902108e+01 -4.564529e+00
000178 6.170436e+01 5.917238e+01 -4.614787e+00
000179 6.238199e+01 5.932091e+01 -4.657586e+00
000180 6.305593e+01 5.946843e+01 -4.706379e+00
000181 6.372231e+01 5.961689e+01 -4.758759e+00
000182 6.438160e+01 5.976019e+01 -4.814707e+00
000183 6.503281e+01 5.990218e+01 -4.867829e+00
000184 6.567175e+01 6.003522e+01 -4.913385e+00
000185 6.630099e+01 6.016765e+01 -4.965400e+00
000186 6.692208e+01 6.029836e+01 -5.018319e+00
000187 6.754573e+01 6.043224e+01 -5.076711e+00
000188 6.812018e+01 6.055436e+01 -5.130339e+00
000189 6.872472e+01 6.067792e+01 -5.182058e+00
000190 6.930307e+01 6.080309e+01 -5.231855e+00
000191 6.988288e+01 6.091928e+01 -5.285896e+00
000192 7.044995e+01 6.103300e+01 -5.342758e+00
000193 7.100066e+01 6.114039e+01 -5.393054e+00
000194 7.154538e+01 6.124382e+01 -5.440828e+00
000195 7.208654e+01 6.134673e+01 -5.485365e+00
000196 7.262287e+01 6.145078e+01 -5.532216e+00
000197 7.315814e+01 6.155451e+01 -5.583135e+00
000198 7.370114e+01 6.165701e+01 -5.630170e+00
000199 7.424267e+01 6.174950e+01 -5.676448e+00
000200 7.478759e+01 6.184178e+01 -5.720800e+00
000201 7.533524e+01 6.194475e+01 -5.768173e+00
000202 7.588674e+01 6.205821e+01 -5.817062e+00
000203 7.643447e+01 6.217121e+01 -5.862448e+00
000204 7.699260e+01 6.229135e+01 -5.912287e+00
000205 7.756843e+01 6.242394e+01 -5.961148e+00
000206 7.812868e+01 6.255305e+01 -6.008758e+00
000207 7.869259e+01 6.269195e+01 -6.059871e+00
000208 7.928502e+01 6.284580e+01 -6.107865e+00
000209 7.985086e+01 6.300502e+01 -6.150779e+00
000210 8.045340e+01 6.317985e+01 -6.192815e+00
000211 8.104837e+01 6.335684e+01 -6.239009e+00
000212 8.165468e+01 6.354111e+01 -6.285674e+00
000213 8.226579e+01 6.374049e+01 -6.324963e+00
000214 8.289509e+01 6.394808e+01 -6.371173e+00
000215 8.353476e+01 6.416680e+01 -6.414738e+00
000216 8.419403e+01 6.439981e+01 -6.458457e+00
000217 8.486139e+01 6.463735e+01 -6.498607e+00
000218 8.553876e+01 6.488814e+01 -6.545009e+00
000219 8.622445e+01 6.515377e+01 -6.585584e+00
000220 8.692746e+01 6.542840e+01 -6.605047e+00
000221 8.763165e+01 6.570333e+01 -6.624344e+00
000222 8.835787e+01 6.599341e+01 -6.646336e+00
000223 8.907692e+01 6.628897e+01 -6.684073e+00
000224 8.979244e+01 6.659944e+01 -6.725361e+00
000225 9.050245e+01 6.690709e+01 -6.763694e+00
000226 9.121810e+01 6.722868e+01 -6.813377e+00
000227 9.192183e+01 6.755932e+01 -6.870738e+00
000228 9.260904e+01 6.790371e+01 -6.914272e+00
000229 9.328887e+01 6.824748e+01 -6.975179e+00
000230 9.396130e+01 6.858083e+01 -7.034880e+00
000231 9.463312e+01 6.892013e+01 -7.110019e+00
000232 9.527546e+01 6.924820e+01 -7.183014e+00
000233 9.592749e+01 6.958240e+01 -7.259679e+00
000234 9.658342e+01 6.991299e+01 -7.329268e+00
000235 9.720647e+01 7.023613e+01 -7.398532e+00
000236 9.784561e+01 7.056975e+01 -7.469536e+00
000237 9.843505e+01 7.088389e+01 -7.533159e+00
000238 9.903309e+01 7.119793e+01 -7.592121e+00
000239 9.962790e+01 7.150888e+01 -7.650212e+00
000240 1.002122e+02 7.181621e+01 -7.709739e+00
000241 1.007869e+02 7.212549e+01 -7.766662e+00
000242 1.013530e+02 7.243265e+01 -7.823540e+00
000243 1.019055e+02 7.273582e+01 -7.883340e+00
000244 1.024447e+02 7.303236e+01 -7.943074e+00
000245 1.029830e+02 7.332849e+01 -8.002376e+00
000246 1.035115e+02 7.362090e+01 -8.053690e+00
000247 1.040361e+02 7.390981e+01 -8.096619e+00
000248 1.045505e+02 7.419588e+01 -8.139292e+00
000249 1.050601e+02 7.448234e+01 -8.181955e+00
000250 1.055640e+02 7.476626e+01 -8.223750e+00
000251 1.060641e+02 7.505403e+01 -8.265059e+00
000252 1.065650e+02 7.534311e+01 -8.308372e+00
000253 1.070595e+02 7.563421e+01 -8.363102e+00
000254 1.075403e+02 7.592569e+01 -8.418748e+00
000255 1.080289e+02 7.622883e+01 -8.475876e+00
000256 1.085079e+02 7.653231e+01 -8.530283e+00
000257 1.089938e+02 7.684080e+01 -8.586122e+00
000258 1.094846e+02 7.716092e+01 -8.642339e+00
000259 1.099856e+02 7.748994e+01 -8.706456e+00
000260 1.104964e+02 7.782451e+01 -8.763095e+00
000261 1.110125e+02 7.817109e+01 -8.817849e+00
000262 1.115367e+02 7.851965e+01 -8.867411e+00
000263 1.120557e+02 7.887613e+01 -8.915374e+00
000264 1.125829e+02 7.924678e+01 -8.963221e+00
000265 1.131161e+02 7.962766e+01 -9.011645e+00
000266 1.136686e+02 8.001888e+01 -9.057118e+00
000267 1.142286e+02 8.042589e+01 -9.105368e+00
000268 1.147933e+02 8.084871e+01 -9.158005e+00
000269 1.153671e+02 8.128451e+01 -9.217043e+00
000270 1.159476e+02 8.172926e+01 -9.273702e+00
000271 1.165301e+02 8.218891e+01 -9.317811e+00
000272 1.171091e+02 8.266397e+01 -9.366338e+00
000273 1.177001e+02 8.315109e+01 -9.410224e+00
000274 1.182986e+02 8.365236e+01 -9.457628e+00
000275 1.189071e+02 8.416417e+01 -9.501459e+00
000276 1.195230e+02 8.468521e+01 -9.549903e+00
000277 1.201636e+02 8.522386e+01 -9.590647e+00
000278 1.207812e+02 8.574376e+01 -9.635230e+00
000279 1.214334e+02 8.629266e+01 -9.682937e+00
000280 1.220849e+02 8.685165e+01 -9.728697e+00
000281 1.227300e+02 8.740500e+01 -9.773963e+00
000282 1.233777e+02 8.797821e+01 -9.820354e+00
000283 1.240203e+02 8.855484e+01 -9.868055e+00
000284 1.246768e+02 8.916047e+01 -9.916275e+00
000285 1.253111e+02 8.975362e+01 -9.964397e+00
000286 1.259636e+02 9.035993e+01 -1.001373e+01
000287 1.266190e+02 9.097676e+01 -1.005780e+01
000288 1.272756e+02 9.159686e+01 -1.010087e+01
000289 1.279271e+02 9.221818e+01 -1.014276e+01
000290 1.285815e+02 9.284078e+01 -1.018420e+01
000291 1.292245e+02 9.346390e+01 -1.023342e+01
000292 1.298788e+02 9.410638e+01 -1.028691e+01
000293 1.305065e+02 9.474426e+01 -1.034070e+01
000294 1.311491e+02 9.540323e+01 -1.039963e+01
000295 1.317916e+02 9.607042e+01 -1.045600e+01
000296 1.324272e+02 9.674200e+01 -1.050523e+01
000297 1.330590e+02 9.741926e+01 -1.055248e+01
000298 1.336847e+02 9.810439e+01 -1.060432e+01
000299 1.343191e+02 9.879631e+01 -1.066004e+01
000300 1.349539e+02 9.948856e+01 -1.071551e+01
000301 1.356011e+02 1.001963e+02 -1.077139e+01
000302 1.362215e+02 1.008793e+02 -1.081998e+01
000303 1.368528e+02 1.015789e+02 -1.086978e+01
000304 1.374843e+02 1.022803e+02 -1.091832e+01
000305 1.381207e+02 1.029852e+02 -1.096869e+01
000306 1.387684e+02 1.037008e+02 -1.101807e+01
000307 1.393904e+02 1.043827e+02 -1.106529e+01
000308 1.400213e+02 1.050727e+02 -1.111507e+01
000309 1.406686e+02 1.057715e+02 -1.116410e+01
000310 1.413096e+02 1.064570e+02 -1.121534e+01
000311 1.419472e+02 1.071334e+02 -1.126171e+01
000312 1.425933e+02 1.078056e+02 -1.130940e+01
000313 1.432295e+02 1.084648e+02 -1.135965e+01
000314 1.438589e+02 1.091244e+02 -1.141070e+01
000315 1.444994e+02 1.097839e+02 -1.146260e+01
000316 1.451538e+02 1.104492e+02 -1.152141e+01
000317 1.457899e+02 1.110957e+02 -1.157854e+01
000318 1.464484e+02 1.117540e+02 -1.163357e+01
000319 1.470826e+02 1.123782e+02 -1.168264e+01
000320 1.477333e+02 1.130076e+02 -1.173221e+01
000321 1.483963e+02 1.136394e+02 -1.178416e+01
000322 1.490522e+02 1.142503e+02 -1.183500e+01
000323 1.497073e+02 1.148427e+02 -1.188352e+01
000324 1.503763e+02 1.154384e+02 -1.192783e+01
000325 1.510476e+02 1.160372e+02 -1.197578e+01
000326 1.517272e+02 1.166342e+02 -1.202409e+01
000327 1.524041e+02 1.172224e+02 -1.207204e+01
000328 1.530860e+02 1.178158e+02 -1.212501e+01
000329 1.537739e+02 1.183992e+02 -1.217933e+01
000330 1.544786e+02 1.189893e+02 -1.223831e+01
000331 1.551890e+02 1.195662e+02 -1.229900e+01
000332 1.559127e+02 1.201520e+02 -1.236503e+01
000333 1.566454e+02 1.207245e+02 -1.242646e+01
000334 1.573838e+02 1.212983e+02 -1.247643e+01
000335 1.581338e+02 1.218681e+02 -1.252578e+01
000336 1.589058e+02 1.224322e+02 -1.258374e+01
000337 1.596460e+02 1.229716e+02 -1.263933e+01
000338 1.604008e+02 1.235094e+02 -1.270216e+01
000339 1.611947e+02 1.240636e+02 -1.277762e+01
000340 1.619638e+02 1.245828e+02 -1.285193e+01
000341 1.627291e+02 1.250909e+02 -1.291940e+01
000342 1.634987e+02 1.256019e+02 -1.298726e+01
000343 1.642698e+02 1.261138e+02 -1.305527e+01
000344 1.650417e+02 1.266042e+02 -1.312226e+01
000345 1.658008e+02 1.270920e+02 -1.318289e+01
000346 1.665531e+02 1.275770e+02 -1.323954e+01
000347 1.672915e+02 1.280524e+02 -1.329978e+01
000348 1.680469e+02 1.285271e+02 -1.336429e+01
000349 1.687640e+02 1.289792e+02 -1.342431e+01
000350 1.694764e+02 1.294289e+02 -1.348459e+01
000351 1.701931e+02 1.298817e+02 -1.354899e+01
000352 1.709121e+02 1.303215e+02 -1.361181e+01
000353 1.716213e+02 1.307525e+02 -1.367121e+01
000354 1.723205e+02 1.311750e+02 -1.372813e+01
000355 1.730101e+02 1.315931e+02 -1.378410e+01
000356 1.736861e+02 1.320073e+02 -1.384508e+01
000357 1.743545e+02 1.324182e+02 -1.390627e+01
000358 1.750350e+02 1.328270e+02 -1.396378e+01
000359 1.756897e+02 1.332184e+02 -1.401825e+01
000360 1.763532e+02 1.336308e+02 -1.407865e+01
000361 1.770072e+02 1.340303e+02 -1.413400e+01
000362 1.776520e+02 1.344121e+02 -1.418089e+01
000363 1.782937e+02 1.347778e+02 -1.422293e+01
000364 1.789314e+02 1.351404e+02 -1.426465e+01
000365 1.795573e+02 1.355048e+02 -1.431261e+01
000366 1.801748e+02 1.358638e+02 -1.436322e+01
000367 1.807795e+02 1.362166e+02 -1.441258e+01
000368 1.813913e+02 1.365576e+02 -1.445852e+01
000369 1.819903e+02 1.368908e+02 -1.450312e+01
000370 1.825812e+02 1.372138e+02 -1.454745e+01
000371 1.831665e+02 1.375326e+02 -1.459096e+01
000372 1.837467e+02 1.378441e+02 -1.463103e+01
000373 1.843283e+02 1.381496e+02 -1.467151e+01
000374 1.849104e+02 1.384500e+02 -1.471237e+01
000375 1.855029e+02 1.387526e+02 -1.475510e+01
000376 1.860967e+02 1.390562e+02 -1.479763e+01
000377 1.867023e+02 1.393564e+02 -1.484501e+01
000378 1.873167e+02 1.396500e+02 -1.489366e+01
000379 1.879390e+02 1.399420e+02 -1.494259e+01
000380 1.885640e+02 1.402354e+02 -1.499292e+01
000381 1.891978e+02 1.405266e+02 -1.503908e+01
000382 1.898399e+02 1.408155e+02 -1.508795e+01
000383 1.904965e+02 1.410981e+02 -1.514579e+01
000384 1.911667e+02 1.413810e+02 -1.520551e+01
000385 1.918455e+02 1.416544e+02 -1.526383e+01
000386 1.925394e+02 1.419287e+02 -1.532526e+01
000387 1.932450e+02 1.422045e+02 -1.538822e+01
000388 1.939627e+02 1.424808e+02 -1.545199e+01
000389 1.946963e+02 1.427543e+02 -1.551367e+01
000390 1.954600e+02 1.430263e+02 -1.557305e+01
000391 1.962138e+02 1.432937e+02 -1.562684e+01
000392 1.969859e+02 1.435675e+02 -1.568196e+01
000393 1.977721e+02 1.438336e+02 -1.574033e+01
000394 1.985592e+02 1.440967e+02 -1.579846e+01
000395 1.993386e+02 1.443500e+02 -1.585428e+01
000396 2.001451e+02 1.446074e+02 -1.592437e+01
000397 2.009751e+02 1.448679e+02 -1.600532e+01
000398 2.018244e+02 1.451297e+02 -1.608857e+01
000399 2.026924e+02 1.453976e+02 -1.617598e+01
000400 2.035316e+02 1.456544e+02 -1.626124e+01
000401 2.043673e+02 1.459080e+02 -1.633869e+01
000402 2.052495e+02 1.461719e+02 -1.642655e+01
000403 2.061048e+02 1.464228e+02 -1.651609e+01
000404 2.069819e+02 1.466776e+02 -1.660980e+01
000405 2.078609e+02 1.469260e+02 -1.669858e+01
000406 2.087471e+02 1.471708e+02 -1.678439e+01
000407 2.096440e+02 1.474068e+02 -1.687390e+01
000408 2.105492e+02 1.476436e+02 -1.696319e+01
000409 2.114620e+02 1.478807e+02 -1.705443e+01
000410 2.123811e+02 1.481148e+02 -1.714388e+01
000411 2.133004e+02 1.483482e+02 -1.723376e+01
000412 2.142272e+02 1.485829e+02 -1.732239e+01
000413 2.151568e+02 1.488145e+02 -1.741109e+01
000414 2.160841e+02 1.490489e+02 -1.750032e+01
000415 2.170093e+02 1.492778e+02 -1.758912e+01
000416 2.179343e+02 1.495044e+02 -1.767768e+01
000417 2.188603e+02 1.497262e+02 -1.776862e+01
000418 2.197937e+02 1.499499e+02 -1.785886e+01
000419 2.207197e+02 1.501656e+02 -1.794623e+01
000420 2.216448e+02 1.503821e+02 -1.803413e+01
000421 2.225742e+02 1.506004e+02 -1.812038e+01
000422 2.235075e+02 1.508144e+02 -1.820847e+01
000423 2.244121e+02 1.510218e+02 -1.829363e+01
000424 2.253277e+02 1.512317e+02 -1.838635e+01
000425 2.262731e+02 1.514464e+02 -1.848080e+01
000426 2.271676e+02 1.516432e+02 -1.856752e+01
000427 2.281038e+02 1.518450e+02 -1.865508e+01
000428 2.290056e+02 1.520382e+02 -1.873661e+01
000429 2.299189e+02 1.522303e+02 -1.881652e+01
000430 2.308378e+02 1.524181e+02 -1.889376e+01
000431 2.317587e+02 1.526032e+02 -1.896992e+01
000432 2.326895e+02 1.527858e+02 -1.904112e+01
000433 2.336155e+02 1.529646e+02 -1.911494e+01
000434 2.345305e+02 1.531401e+02 -1.918701e+01
000435 2.354493e+02 1.533132e+02 -1.926118e+01
000436 2.363787e+02 1.534780e+02 -1.933366e+01
000437 2.372897e+02 1.536418e+02 -1.941011e+01
000438 2.381998e+02 1.538032e+02 -1.949555e+01
000439 2.391054e+02 1.539590e+02 -1.957930e+01
000440 2.400191e+02 1.541100e+02 -1.966444e+01
000441 2.409342e+02 1.542564e+02 -1.975257e+01
000442 2.418500e+02 1.543982e+02 -1.983999e+01
000443 2.427628e+02 1.545354e+02 -1.992378e+01
000444 2.436688e+02 1.546684e+02 -2.000434e+01
000445 2.445757e+02 1.547979e+02 -2.008388e+01
000446 2.454743e+02 1.549236e+02 -2.016399e+01
000447 2.463684e+02 1.550412e+02 -2.024532e+01
000448 2.472733e+02 1.551446e+02 -2.032350e+01
000449 2.481739e+02 1.552524e+02 -2.040379e+01
000450 2.490698e+02 1.553582e+02 -2.048204e+01
000451 2.499549e+02 1.554527e+02 -2.055749e+01
000452 2.508345e+02 1.555425e+02 -2.063460e+01
000453 2.517259e+02 1.556328e+02 -2.071972e+01
000454 2.526209e+02 1.557215e+02 -2.080615e+01
000455 2.535136e+02 1.558057e+02 -2.089449e+01
000456 2.544024e+02 1.558813e+02 -2.098217e+01
000457 2.552821e+02 1.559558e+02 -2.106516e+01
000458 2.561621e+02 1.560255e+02 -2.114494e+01
000459 2.570428e+02 1.560897e+02 -2.122381e+01
000460 2.579199e+02 1.561451e+02 -2.130232e+01
000461 2.587907e+02 1.561854e+02 -2.137550e+01
000462 2.596601e+02 1.562240e+02 -2.144205e+01
000463 2.605270e+02 1.562580e+02 -2.151116e+01
000464 2.613989e+02 1.562883e+02 -2.158418e+01
000465 2.622717e+02 1.563158e+02 -2.165347e+01
000466 2.631403e+02 1.563324e+02 -2.172636e+01
000467 2.640060e+02 1.563451e+02 -2.179663e+01
000468 2.648657e+02 1.563569e+02 -2.186707e+01
000469 2.657295e+02 1.563616e+02 -2.194115e+01
000470 2.665945e+02 1.563599e+02 -2.201710e+01
000471 2.674594e+02 1.563596e+02 -2.209328e+01
000472 2.683206e+02 1.563531e+02 -2.216749e+01
000473 2.691826e+02 1.563491e+02 -2.224240e+01
000474 2.700395e+02 1.563437e+02 -2.231694e+01
000475 2.708934e+02 1.563409e+02 -2.239231e+01
000476 2.717439e+02 1.563340e+02 -2.246937e+01
000477 2.725882e+02 1.563300e+02 -2.255275e+01
000478 2.734367e+02 1.563283e+02 -2.263729e+01
000479 2.742406e+02 1.563276e+02 -2.271743e+01
000480 2.750562e+02 1.563301e+02 -2.279801e+01
000481 2.758616e+02 1.563361e+02 -2.287783e+01
000482 2.766656e+02 1.563455e+02 -2.295477e+01
000483 2.774484e+02 1.563596e+02 -2.302961e+01
000484 2.782238e+02 1.563778e+02 -2.310166e+01
000485 2.789862e+02 1.564029e+02 -2.317205e+01
000486 2.797382e+02 1.564295e+02 -2.323843e+01
000487 2.804806e+02 1.564550e+02 -2.330168e+01
000488 2.812202e+02 1.564848e+02 -2.336731e+01
000489 2.819382e+02 1.565202e+02 -2.343189e+01
000490 2.826515e+02 1.565600e+02 -2.349597e+01
000491 2.833383e+02 1.565937e+02 -2.355164e+01
000492 2.840121e+02 1.566340e+02 -2.361050e+01
000493 2.846753e+02 1.566761e+02 -2.366960e+01
000494 2.853276e+02 1.567166e+02 -2.372680e+01
000495 2.859670e+02 1.567616e+02 -2.378128e+01
000496 2.865937e+02 1.568069e+02 -2.383446e+01
000497 2.872092e+02 1.568523e+02 -2.389017e+01
000498 2.878108e+02 1.568983e+02 -2.394344e+01
000499 2.884106e+02 1.569431e+02 -2.399582e+01
000500 2.889746e+02 1.569918e+02 -2.404626e+01
000501 2.895493e+02 1.570416e+02 -2.410169e+01
000502 2.901099e+02 1.570886e+02 -2.415117e+01
000503 2.906604e+02 1.571342e+02 -2.419669e+01
000504 2.911990e+02 1.571804e+02 -2.424004e+01
000505 2.917281e+02 1.572288e+02 -2.428194e+01
000506 2.922488e+02 1.572772e+02 -2.432193e+01
000507 2.927596e+02 1.573242e+02 -2.436116e+01
000508 2.932587e+02 1.573722e+02 -2.440494e+01
000509 2.937527e+02 1.574213e+02 -2.444767e+01
000510 2.942374e+02 1.574678e+02 -2.449148e+01
000511 2.947246e+02 1.575174e+02 -2.453746e+01
000512 2.952096e+02 1.575670e+02 -2.458496e+01
000513 2.957020e+02 1.576170e+02 -2.463307e+01
000514 2.961993e+02 1.576689e+02 -2.467824e+01
000515 2.967013e+02 1.577197e+02 -2.472333e+01
000516 2.972090e+02 1.577654e+02 -2.477055e+01
000517 2.977199e+02 1.578091e+02 -2.482169e+01
000518 2.982403e+02 1.578477e+02 -2.487488e+01
000519 2.987679e+02 1.578894e+02 -2.492374e+01
000520 2.993114e+02 1.579364e+02 -2.496956e+01
000521 2.998664e+02 1.579801e+02 -2.502054e+01
000522 3.004328e+02 1.580169e+02 -2.508500e+01
000523 3.010133e+02 1.580468e+02 -2.515046e+01
000524 3.015988e+02 1.580882e+02 -2.521321e+01
000525 3.021893e+02 1.581416e+02 -2.527483e+01
000526 3.027896e+02 1.581930e+02 -2.533868e+01
000527 3.034095e+02 1.582314e+02 -2.540269e+01
000528 3.040385e+02 1.582678e+02 -2.546722e+01
000529 3.046811e+02 1.583096e+02 -2.553204e+01
000530 3.053328e+02 1.583588e+02 -2.559815e+01
000531 3.059952e+02 1.584057e+02 -2.566221e+01
000532 3.066661e+02 1.584467e+02 -2.572467e+01
000533 3.073491e+02 1.584838e+02 -2.579503e+01
000534 3.080487e+02 1.585319e+02 -2.586821e+01
000535 3.087476e+02 1.585802e+02 -2.594126e+01
000536 3.094569e+02 1.586244e+02 -2.601685e+01
000537 3.101745e+02 1.586611e+02 -2.609606e+01
000538 3.108972e+02 1.586982e+02 -2.617480e+01
000539 3.116329e+02 1.587386e+02 -2.625448e+01
000540 3.123814e+02 1.587711e+02 -2.634091e+01
000541 3.131397e+02 1.588018e+02 -2.643175e+01
000542 3.139052e+02 1.588338e+02 -2.652053e+01
000543 3.146762e+02 1.588676e+02 -2.660789e+01
000544 3.154536e+02 1.589033e+02 -2.669381e+01
000545 3.162406e+02 1.589387e+02 -2.678025e+01
000546 3.170373e+02 1.589755e+02 -2.687072e+01
000547 3.178436e+02 1.590134e+02 -2.696318e+01
000548 3.186531e+02 1.590532e+02 -2.705549e+01
000549 3.194779e+02 1.590967e+02 -2.714548e+01
000550 3.203018e+02 1.591401e+02 -2.723538e+01
000551 3.211391e+02 1.591855e+02 -2.732655e+01
000552 3.219833e+02 1.592317e+02 -2.741810e+01
000553 3.228344e+02 1.592816e+02 -2.750858e+01
000554 3.236909e+02 1.593323e+02 -2.759901e+01
000555 3.245567e+02 1.593854e+02 -2.768936e+01
000556 3.254350e+02 1.594432e+02 -2.778207e+01
000557 3.263133e+02 1.595010e+02 -2.787480e+01
000558 3.271990e+02 1.595617e+02 -2.796791e+01
000559 3.280932e+02 1.596224e+02 -2.806283e+01
000560 3.289883e+02 1.596885e+02 -2.815786e+01
000561 3.298880e+02 1.597631e+02 -2.825775e+01
000562 3.307890e+02 1.598373e+02 -2.835861e+01
000563 3.316970e+02 1.599145e+02 -2.845992e+01
000564 3.326065e+02 1.599925e+02 -2.856250e+01
000565 3.335180e+02 1.600736e+02 -2.866639e+01
000566 3.344313e+02 1.601589e+02 -2.877189e+01
000567 3.353462e+02 1.602423e+02 -2.887348e+01
000568 3.362589e+02 1.603277e+02 -2.897212e+01
000569 3.371754e+02 1.604126e+02 -2.907108e+01
000570 3.380878e+02 1.605022e+02 -2.917312e+01
000571 3.389981e+02 1.605872e+02 -2.927516e+01
000572 3.399061e+02 1.606703e+02 -2.937509e+01
000573 3.408083e+02 1.607513e+02 -2.947693e+01
000574 3.417122e+02 1.608345e+02 -2.957782e+01
000575 3.426161e+02 1.609116e+02 -2.968020e+01
000576 3.435205e+02 1.609891e+02 -2.978018e+01
000577 3.444236e+02 1.610668e+02 -2.987756e+01
000578 3.453276e+02 1.611449e+02 -2.997769e+01
000579 3.462235e+02 1.612272e+02 -3.007709e+01
000580 3.471167e+02 1.613076e+02 -3.017753e+01
000581 3.480099e+02 1.613912e+02 -3.027574e+01
000582 3.489065e+02 1.614741e+02 -3.037548e+01
000583 3.498059e+02 1.615564e+02 -3.047413e+01
000584 3.506977e+02 1.616370e+02 -3.056953e+01
000585 3.515901e+02 1.617177e+02 -3.066501e+01
000586 3.524825e+02 1.617983e+02 -3.076035e+01
000587 3.533785e+02 1.618840e+02 -3.086050e+01
000588 3.542731e+02 1.619694e+02 -3.096097e+01
000589 3.551700e+02 1.620527e+02 -3.105569e+01
000590 3.560658e+02 1.621440e+02 -3.114982e+01
000591 3.569660e+02 1.622399e+02 -3.124424e+01
000592 3.578634e+02 1.623464e+02 -3.134268e+01
000593 3.587644e+02 1.624482e+02 -3.143232e+01
000594 3.596666e+02 1.625502e+02 -3.152203e+01
000595 3.605743e+02 1.626543e+02 -3.160985e+01
000596 3.614763e+02 1.627695e+02 -3.169958e+01
000597 3.623757e+02 1.628963e+02 -3.179176e+01
000598 3.632722e+02 1.630348e+02 -3.188456e+01
000599 3.641687e+02 1.631733e+02 -3.197736e+01
000600 3.650628e+02 1.633230e+02 -3.207264e+01
000601 3.659547e+02 1.634848e+02 -3.216864e+01
000602 3.668412e+02 1.636594e+02 -3.226554e+01
000603 3.677270e+02 1.638508e+02 -3.236548e+01
000604 3.686005e+02 1.640490e+02 -3.246696e+01
000605 3.694767e+02 1.642602e+02 -3.256385e+01
000606 3.703486e+02 1.644754e+02 -3.265824e+01
000607 3.712200e+02 1.646956e+02 -3.275253e+01
000608 3.720932e+02 1.649156e+02 -3.284871e+01
000609 3.729644e+02 1.651387e+02 -3.294965e+01
000610 3.738419e+02 1.653620e+02 -3.304904e+01
000611 3.747198e+02 1.655911e+02 -3.314733e+01
000612 3.755998e+02 1.658267e+02 -3.324711e+01
000613 3.764772e+02 1.660669e+02 -3.334844e+01
000614 3.773568e+02 1.663146e+02 -3.345186e+01
000615 3.782299e+02 1.665661e+02 -3.355204e+01
000616 3.790956e+02 1.668284e+02 -3.365147e+01
000617 3.799484e+02 1.670928e+02 -3.375068e+01
000618 3.808018e+02 1.673575e+02 -3.385006e+01
000619 3.816460e+02 1.676218e+02 -3.394947e+01
000620 3.824797e+02 1.678984e+02 -3.405166e+01
000621 3.833184e+02 1.681718e+02 -3.415042e+01
000622 3.841565e+02 1.684494e+02 -3.424855e+01
000623 3.849855e+02 1.687309e+02 -3.434893e+01
000624 3.858082e+02 1.690139e+02 -3.444909e+01
000625 3.866213e+02 1.692932e+02 -3.454404e+01
000626 3.874349e+02 1.695726e+02 -3.463900e+01
000627 3.882465e+02 1.698564e+02 -3.473778e+01
000628 3.890518e+02 1.701379e+02 -3.483651e+01
000629 3.898585e+02 1.704198e+02 -3.493537e+01
000630 3.906508e+02 1.706950e+02 -3.503121e+01
000631 3.914405e+02 1.709678e+02 -3.512143e+01
000632 3.922273e+02 1.712375e+02 -3.521056e+01
000633 3.930148e+02 1.715035e+02 -3.529819e+01
000634 3.938158e+02 1.717624e+02 -3.537808e+01
000635 3.946157e+02 1.720196e+02 -3.545946e+01
000636 3.954044e+02 1.722841e+02 -3.554302e+01
000637 3.961902e+02 1.725390e+02 -3.562299e+01
000638 3.969791e+02 1.727964e+02 -3.570992e+01
000639 3.977804e+02 1.730637e+02 -3.579994e+01
000640 3.985862e+02 1.733316e+02 -3.589106e+01
000641 3.993940e+02 1.736026e+02 -3.598738e+01
000642 4.002054e+02 1.738740e+02 -3.608162e+01
000643 4.010420e+02 1.741460e+02 -3.617291e+01
000644 4.018570e+02 1.744114e+02 -3.626143e+01
000645 4.027259e+02 1.746994e+02 -3.635992e+01
000646 4.035400e+02 1.749704e+02 -3.645650e+01
000647 4.043866e+02 1.752516e+02 -3.655987e+01
000648 4.052387e+02 1.755298e+02 -3.665818e+01
000649 4.060994e+02 1.758119e+02 -3.676127e+01
000650 4.069522e+02 1.760920e+02 -3.686062e+01
000651 4.078104e+02 1.763696e+02 -3.696060e+01
000652 4.086653e+02 1.766545e+02 -3.705716e+01
000653 4.095217e+02 1.769473e+02 -3.714867e+01
000654 4.103808e+02 1.772463e+02 -3.723727e+01
000655 4.112375e+02 1.775323e+02 -3.732340e+01
000656 4.120933e+02 1.778160e+02 -3.740675e+01
000657 4.129441e+02 1.780918e+02 -3.749169e+01
000658 4.138009e+02 1.783624e+02 -3.757270e+01
000659 4.146582e+02 1.786362e+02 -3.766188e+01
000660 4.155021e+02 1.789073e+02 -3.774912e+01
000661 4.163431e+02 1.791783e+02 -3.783262e+01
000662 4.171677e+02 1.794502e+02 -3.791664e+01
000663 4.179870e+02 1.797220e+02 -3.800097e+01
000664 4.187969e+02 1.799864e+02 -3.808222e+01
000665 4.196091e+02 1.802456e+02 -3.815827e+01
000666 4.204007e+02 1.804990e+02 -3.823307e+01
000667 4.211854e+02 1.807477e+02 -3.830596e+01
000668 4.219594e+02 1.809889e+02 -3.837484e+01
000669 4.227235e+02 1.812296e+02 -3.844427e+01
000670 4.234737e+02 1.814720e+02 -3.852223e+01
000671 4.242251e+02 1.817147e+02 -3.860018e+01
000672 4.249706e+02 1.819531e+02 -3.868180e+01
000673 4.257139e+02 1.821916e+02 -3.876538e+01
000674 4.264553e+02 1.824274e+02 -3.884576e+01
000675 4.271913e+02 1.826547e+02 -3.891860e+01
000676 4.279167e+02 1.828782e+02 -3.898930e+01
000677 4.286390e+02 1.831044e+02 -3.906082e+01
000678 4.293649e+02 1.833307e+02 -3.913224e+01
000679 4.300878e+02 1.835566e+02 -3.920176e+01
000680 4.308055e+02 1.837827e+02 -3.926661e+01
000681 4.315424e+02 1.840151e+02 -3.932909e+01
000682 4.322521e+02 1.842421e+02 -3.938552e+01
000683 4.329778e+02 1.844755e+02 -3.944566e+01
000684 4.337097e+02 1.847061e+02 -3.951541e+01
000685 4.344438e+02 1.849369e+02 -3.958607e+01
000686 4.351772e+02 1.851676e+02 -3.965560e+01
000687 4.358944e+02 1.853968e+02 -3.972678e+01
000688 4.365933e+02 1.856247e+02 -3.980189e+01
000689 4.372950e+02 1.858583e+02 -3.987998e+01
000690 4.379870e+02 1.860948e+02 -3.996184e+01
000691 4.386578e+02 1.863220e+02 -4.003698e+01
000692 4.393183e+02 1.865498e+02 -4.011521e+01
000693 4.399765e+02 1.867754e+02 -4.019335e+01
000694 4.406294e+02 1.869990e+02 -4.026688e+01
000695 4.412583e+02 1.872107e+02 -4.033301e+01
000696 4.418895e+02 1.874232e+02 -4.039940e+01
000697 4.425242e+02 1.876386e+02 -4.046910e+01
000698 4.431116e+02 1.878378e+02 -4.053170e+01
000699 4.437097e+02 1.880413e+02 -4.058993e+01
000700 4.443114e+02 1.882466e+02 -4.065105e+01
000701 4.448710e+02 1.884403e+02 -4.071269e+01
000702 4.454493e+02 1.886415e+02 -4.077681e+01
000703 4.459827e+02 1.888272e+02 -4.083615e+01
000704 4.465258e+02 1.890156e+02 -4.089361e+01
000705 4.470563e+02 1.892012e+02 -4.094722e+01
000706 4.475777e+02 1.893847e+02 -4.100285e+01
000707 4.480907e+02 1.895643e+02 -4.105680e+01
000708 4.485905e+02 1.897399e+02 -4.111097e+01
000709 4.490822e+02 1.899127e+02 -4.116507e+01
000710 4.495511e+02 1.900814e+02 -4.122241e+01
000711 4.500150e+02 1.902493e+02 -4.127840e+01
000712 4.504737e+02 1.904150e+02 -4.133399e+01
000713 4.509162e+02 1.905699e+02 -4.138482e+01
000714 4.513527e+02 1.907215e+02 -4.143116e+01
000715 4.517763e+02 1.908714e+02 -4.147778e+01
000716 4.521892e+02 1.910192e+02 -4.152320e+01
000717 4.525961e+02 1.911612e+02 -4.157027e+01
000718 4.529753e+02 1.912926e+02 -4.161612e+01
000719 4.533477e+02 1.914237e+02 -4.166274e+01
000720 4.537102e+02 1.915502e+02 -4.170389e+01
000721 4.540561e+02 1.916725e+02 -4.174707e+01
000722 4.544021e+02 1.917949e+02 -4.179023e+01
000723 4.547312e+02 1.919114e+02 -4.183460e+01
000724 4.550471e+02 1.920290e+02 -4.187896e+01
000725 4.553537e+02 1.921421e+02 -4.191510e+01
000726 4.556532e+02 1.922468e+02 -4.194952e+01
000727 4.559458e+02 1.923442e+02 -4.197617e+01
000728 4.562262e+02 1.924409e+02 -4.200704e+01
000729 4.565053e+02 1.925337e+02 -4.203355e+01
000730 4.567802e+02 1.926304e+02 -4.206007e+01
000731 4.570499e+02 1.927285e+02 -4.208984e+01
000732 4.573193e+02 1.928262e+02 -4.211960e+01
000733 4.575849e+02 1.929215e+02 -4.214874e+01
000734 4.578478e+02 1.930158e+02 -4.217833e+01
000735 4.581099e+02 1.931115e+02 -4.220107e+01
000736 4.583727e+02 1.932069e+02 -4.222298e+01
000737 4.586339e+02 1.933069e+02 -4.224587e+01
000738 4.588966e+02 1.934109e+02 -4.227315e+01
000739 4.591567e+02 1.935220e+02 -4.230207e+01
000740 4.594284e+02 1.936404e+02 -4.232982e+01
000741 4.596977e+02 1.937601e+02 -4.235796e+01
000742 4.599699e+02 1.938837e+02 -4.238822e+01
000743 4.602494e+02 1.940183e+02 -4.241641e+01
000744 4.605317e+02 1.941659e+02 -4.244519e+01
000745 4.608164e+02 1.943198e+02 -4.246997e+01
000746 4.610905e+02 1.944719e+02 -4.249464e+01
000747 4.613703e+02 1.946318e+02 -4.252156e+01
000748 4.616462e+02 1.947973e+02 -4.255214e+01
000749 4.619028e+02 1.949670e+02 -4.258029e+01
000750 4.621586e+02 1.951399e+02 -4.260070e+01
000751 4.624096e+02 1.953093e+02 -4.262020e+01
000752 4.626558e+02 1.954678e+02 -4.264180e+01
000753 4.628996e+02 1.956128e+02 -4.266193e+01
000754 4.631354e+02 1.957438e+02 -4.268335e+01
000755 4.633755e+02 1.958647e+02 -4.269452e+01
000756 4.635862e+02 1.959620e+02 -4.270011e+01
000757 4.638526e+02 1.960754e+02 -4.271946e+01
000758 4.641011e+02 1.961766e+02 -4.273706e+01
000759 4.643543e+02 1.962736e+02 -4.275047e+01
000760 4.646036e+02 1.963641e+02 -4.276345e+01
000761 4.648704e+02 1.964577e+02 -4.278446e+01
000762 4.651394e+02 1.965508e+02 -4.281190e+01
000763 4.654025e+02 1.966346e+02 -4.283862e+01
000764 4.656751e+02 1.967174e+02 -4.287317e+01
000765 4.659486e+02 1.967998e+02 -4.290391e+01
000766 4.662106e+02 1.968705e+02 -4.293432e+01
000767 4.664742e+02 1.969409e+02 -4.297107e+01
000768 4.667140e+02 1.970063e+02 -4.300329e+01
000769 4.669526e+02 1.970727e+02 -4.303319e+01
000770 4.671914e+02 1.971423e+02 -4.305471e+01
000771 4.674097e+02 1.972090e+02 -4.307618e+01
000772 4.676176e+02 1.972758e+02 -4.309856e+01
000773 4.678226e+02 1.973493e+02 -4.312385e+01
000774 4.680046e+02 1.974270e+02 -4.315132e+01
000775 4.681669e+02 1.974971e+02 -4.318329e+01
000776 4.683295e+02 1.975723e+02 -4.320345e+01
000777 4.684910e+02 1.976433e+02 -4.322371e+01
000778 4.686283e+02 1.976916e+02 -4.324139e+01
000779 4.687634e+02 1.977388e+02 -4.325910e+01
000780 4.688842e+02 1.977883e+02 -4.327329e+01
000781 4.689924e+02 1.978525e+02 -4.328474e+01
000782 4.690948e+02 1.979181e+02 -4.329185e+01
000783 4.692040e+02 1.979843e+02 -4.329579e+01
000784 4.692991e+02 1.980352e+02 -4.329833e+01
000785 4.693867e+02 1.980824e+02 -4.330684e+01
000786 4.694730e+02 1.981348e+02 -4.331315e+01
000787 4.695559e+02 1.981810e+02 -4.331632e+01
000788 4.696341e+02 1.982243e+02 -4.331351e+01
000789 4.697087e+02 1.982622e+02 -4.332229e+01
000790 4.697717e+02 1.983029e+02 -4.333560e+01
000791 4.698181e+02 1.983492e+02 -4.334418e+01
000792 4.698578e+02 1.984001e+02 -4.334935e+01
000793 4.698944e+02 1.984424e+02 -4.335196e+01
000794 4.699367e+02 1.984781e+02 -4.335745e+01
000795 4.699846e+02 1.985051e+02 -4.336013e+01
000796 4.700301e+02 1.985343e+02 -4.336564e+01
000797 4.700664e+02 1.985661e+02 -4.337479e+01
000798 4.700932e+02 1.986001e+02 -4.338690e+01
000799 4.701173e+02 1.986341e+02 -4.338980e+01
000800 4.701424e+02 1.986644e+02 -4.339187e+01
