000000 -5.551115e-17 2.220446e-16 0.000000e+00
000001 1.289128e-03 1.310643e+00 -1.821616e-02
000002 4.448326e-04 2.625299e+00 -4.203318e-02
000003 2.037581e-03 3.941730e+00 -6.302801e-02
000004 2.777892e-03 5.261017e+00 -8.483761e-02
000005 4.157928e-03 6.581638e+00 -1.014678e-01
000006 7.571022e-03 7.908775e+00 -1.165874e-01
000007 8.323818e-03 9.238962e+00 -1.328035e-01
000008 7.728339e-03 1.056963e+01 -1.497649e-01
000009 6.780918e-03 1.190426e+01 -1.634547e-01
000010 3.419395e-03 1.324208e+01 -1.767480e-01
000011 -1.862182e-03 1.458048e+01 -1.959202e-01
000012 -5.851755e-03 1.593066e+01 -2.177602e-01
000013 -4.267715e-03 1.728222e+01 -2.364140e-01
000014 4.827890e-04 1.863469e+01 -2.537475e-01
000015 5.006086e-03 1.998670e+01 -2.699101e-01
000016 4.134686e-03 2.134127e+01 -2.931092e-01
000017 -7.654745e-04 2.270575e+01 -3.222297e-01
000018 -7.369324e-03 2.407210e+01 -3.468119e-01
000019 -9.719264e-03 2.544868e+01 -3.687424e-01
000020 -5.061181e-03 2.682030e+01 -3.871399e-01
000021 1.962273e-03 2.819472e+01 -4.099385e-01
000022 5.281593e-03 2.957012e+01 -4.328977e-01
000023 7.939024e-03 3.094984e+01 -4.591179e-01
000024 6.827076e-03 3.233531e+01 -4.850133e-01
000025 8.305167e-03 3.371780e+01 -5.122367e-01
000026 1.017340e-02 3.511083e+01 -5.431160e-01
000027 1.211940e-02 3.650789e+01 -5.746233e-01
000028 1.511478e-02 3.790589e+01 -5.999006e-01
000029 1.696851e-02 3.930156e+01 -6.238526e-01
000030 1.942949e-02 4.070437e+01 -6.437120e-01
000031 1.916344e-02 4.211100e+01 -6.707246e-01
000032 2.134431e-02 4.351858e+01 -6.941320e-01
000033 2.622364e-02 4.492821e+01 -7.178581e-01
000034 3.086036e-02 4.634127e+01 -7.390250e-01
000035 3.408031e-02 4.775704e+01 -7.610315e-01
000036 3.359221e-02 4.917963e+01 -7.839856e-01
000037 3.175532e-02 5.060218e+01 -8.056350e-01
000038 2.895795e-02 5.202831e+01 -8.265408e-01
000039 2.536977e-02 5.345716e+01 -8.453836e-01
000040 2.082938e-02 5.488464e+01 -8.668316e-01
000041 1.680870e-02 5.631660e+01 -8.868800e-01
000042 1.322910e-02 5.774550e+01 -9.072442e-01
000043 1.007535e-02 5.917365e+01 -9.249469e-01
000044 6.524255e-03 6.060318e+01 -9.446035e-01
000045 2.764210e-03 6.202795e+01 -9.647484e-01
000046 -1.308243e-03 6.345198e+01 -9.878100e-01
000047 -2.873604e-03 6.487187e+01 -1.008175e+00
000048 -5.953934e-03 6.628940e+01 -1.029700e+00
000049 -1.002031e-02 6.770311e+01 -1.050203e+00
000050 -1.936440e-02 6.911593e+01 -1.076075e+00
000051 -2.702275e-02 7.053000e+01 -1.097831e+00
000052 -3.513442e-02 7.193978e+01 -1.118231e+00
000053 -4.214650e-02 7.333986e+01 -1.135987e+00
000054 -4.677589e-02 7.474245e+01 -1.153311e+00
000055 -5.327678e-02 7.614450e+01 -1.177226e+00
000056 -5.458511e-02 7.754079e+01 -1.197942e+00
000057 -5.287325e-02 7.893496e+01 -1.218035e+00
000058 -4.954250e-02 8.032545e+01 -1.236655e+00
000059 -4.883212e-02 8.171095e+01 -1.258287e+00
000060 -4.838807e-02 8.309721e+01 -1.278676e+00
000061 -5.269073e-02 8.448367e+01 -1.300031e+00
000062 -6.072004e-02 8.586562e+01 -1.320245e+00
000063 -7.518042e-02 8.725015e+01 -1.343695e+00
000064 -8.437620e-02 8.862909e+01 -1.362982e+00
000065 -9.813229e-02 9.000634e+01 -1.382640e+00
000066 -1.110475e-01 9.137524e+01 -1.399781e+00
000067 -1.283351e-01 9.274128e+01 -1.418059e+00
000068 -1.454603e-01 9.410339e+01 -1.435964e+00
000069 -1.697048e-01 9.546076e+01 -1.456190e+00
000070 -1.913409e-01 9.681382e+01 -1.476213e+00
000071 -2.120314e-01 9.816545e+01 -1.496478e+00
000072 -2.344056e-01 9.951513e+01 -1.517683e+00
000073 -2.485715e-01 1.008603e+02 -1.534999e+00
000074 -2.694021e-01 1.022054e+02 -1.556018e+00
000075 -2.867601e-01 1.035459e+02 -1.575247e+00
000076 -3.053256e-01 1.048845e+02 -1.596046e+00
000077 -3.153955e-01 1.062208e+02 -1.613299e+00
000078 -3.343086e-01 1.075653e+02 -1.638432e+00
000079 -3.508131e-01 1.089064e+02 -1.661275e+00
000080 -3.737761e-01 1.102446e+02 -1.686739e+00
000081 -3.943149e-01 1.115766e+02 -1.710102e+00
000082 -4.137129e-01 1.129050e+02 -1.733997e+00
000083 -4.219683e-01 1.142286e+02 -1.753986e+00
000084 -4.295899e-01 1.155601e+02 -1.775004e+00
000085 -4.334779e-01 1.168930e+02 -1.794230e+00
000086 -4.334151e-01 1.182274e+02 -1.811794e+00
000087 -4.306137e-01 1.195613e+02 -1.825847e+00
000088 -4.334146e-01 1.209045e+02 -1.846322e+00
000089 -4.472932e-01 1.222684e+02 -1.880929e+00
000090 -4.560744e-01 1.236242e+02 -1.910030e+00
000091 -4.622549e-01 1.249835e+02 -1.940325e+00
000092 -4.641329e-01 1.263371e+02 -1.966295e+00
000093 -4.708495e-01 1.276925e+02 -2.006026e+00
000094 -4.718094e-01 1.290496e+02 -2.038343e+00
000095 -4.742800e-01 1.304070e+02 -2.073189e+00
000096 -4.701254e-01 1.317557e+02 -2.099489e+00
000097 -4.656937e-01 1.331097e+02 -2.127702e+00
000098 -4.651028e-01 1.344614e+02 -2.162932e+00
000099 -4.661197e-01 1.358146e+02 -2.198388e+00
000100 -4.644953e-01 1.371606e+02 -2.226309e+00
000101 -4.645723e-01 1.385124e+02 -2.254854e+00
000102 -4.641807e-01 1.398626e+02 -2.281749e+00
000103 -4.674418e-01 1.412129e+02 -2.314866e+00
000104 -4.704574e-01 1.425622e+02 -2.341886e+00
000105 -4.747020e-01 1.439099e+02 -2.367455e+00
000106 -4.789013e-01 1.452578e+02 -2.395024e+00
000107 -4.813925e-01 1.466011e+02 -2.426593e+00
000108 -4.844150e-01 1.479538e+02 -2.462969e+00
000109 -4.832843e-01 1.493030e+02 -2.489366e+00
000110 -4.887986e-01 1.506481e+02 -2.518617e+00
000111 -4.979854e-01 1.519917e+02 -2.545628e+00
000112 -5.139897e-01 1.533373e+02 -2.581792e+00
000113 -5.203405e-01 1.546843e+02 -2.611885e+00
000114 -5.188374e-01 1.560329e+02 -2.641449e+00
000115 -5.104870e-01 1.573829e+02 -2.666163e+00
000116 -4.996047e-01 1.587319e+02 -2.689150e+00
000117 -4.908894e-01 1.600786e+02 -2.711383e+00
000118 -4.848759e-01 1.614290e+02 -2.736780e+00
000119 -4.836516e-01 1.627788e+02 -2.760604e+00
000120 -4.767803e-01 1.641295e+02 -2.787254e+00
000121 -4.687840e-01 1.654807e+02 -2.810667e+00
000122 -4.599264e-01 1.668390e+02 -2.835558e+00
000123 -4.494840e-01 1.682000e+02 -2.861986e+00
000124 -4.424438e-01 1.695602e+02 -2.886560e+00
000125 -4.389717e-01 1.709198e+02 -2.914240e+00
000126 -4.111543e-01 1.722841e+02 -2.932731e+00
000127 -3.881120e-01 1.736528e+02 -2.960771e+00
000128 -3.779301e-01 1.750291e+02 -2.986448e+00
000129 -3.588782e-01 1.764086e+02 -3.008539e+00
000130 -3.405308e-01 1.777852e+02 -3.013913e+00
000131 -3.214042e-01 1.791607e+02 -3.022953e+00
000132 -3.136545e-01 1.805420e+02 -3.041123e+00
000133 -3.089995e-01 1.819214e+02 -3.062100e+00
000134 -3.140564e-01 1.833098e+02 -3.088158e+00
000135 -3.186558e-01 1.847039e+02 -3.114466e+00
000136 -3.141305e-01 1.860994e+02 -3.137555e+00
000137 -3.087277e-01 1.874988e+02 -3.164478e+00
000138 -3.089327e-01 1.889003e+02 -3.193945e+00
000139 -3.070211e-01 1.903048e+02 -3.221858e+00
000140 -3.030042e-01 1.917128e+02 -3.250530e+00
000141 -3.007558e-01 1.931213e+02 -3.281162e+00
000142 -2.979338e-01 1.945397e+02 -3.314135e+00
000143 -2.945301e-01 1.959592e+02 -3.344375e+00
000144 -2.955048e-01 1.973809e+02 -3.384557e+00
000145 -2.998637e-01 1.988011e+02 -3.419365e+00
000146 -3.150034e-01 2.002242e+02 -3.471363e+00
000147 -3.321987e-01 2.016573e+02 -3.515079e+00
000148 -3.485808e-01 2.030948e+02 -3.555576e+00
000149 -3.518432e-01 2.045325e+02 -3.580327e+00
000150 -3.481359e-01 2.059704e+02 -3.604083e+00
000151 -3.438313e-01 2.074183e+02 -3.628674e+00
000152 -3.421980e-01 2.088679e+02 -3.650886e+00
000153 -3.429638e-01 2.103232e+02 -3.674360e+00
000154 -3.479510e-01 2.117849e+02 -3.708945e+00
000155 -3.533161e-01 2.132453e+02 -3.741769e+00
000156 -3.575809e-01 2.147142e+02 -3.778065e+00
000157 -3.574839e-01 2.161864e+02 -3.809987e+00
000158 -3.559812e-01 2.176615e+02 -3.837087e+00
000159 -3.604882e-01 2.191419e+02 -3.867619e+00
000160 -3.669047e-01 2.206192e+02 -3.899694e+00
000161 -3.711882e-01 2.221053e+02 -3.933170e+00
000162 -3.755068e-01 2.235894e+02 -3.961696e+00
000163 -3.771503e-01 2.250789e+02 -3.990503e+00
000164 -3.787707e-01 2.265691e+02 -4.017067e+00
000165 -3.785266e-01 2.280602e+02 -4.048136e+00
000166 -3.786614e-01 2.295511e+02 -4.075078e+00
000167 -3.766086e-01 2.310454e+02 -4.099044e+00
000168 -3.745701e-01 2.325421e+02 -4.124994e+00
000169 -3.739626e-01 2.340378e+02 -4.153624e+00
000170 -3.764692e-01 2.355390e+02 -4.186333e+00
000171 -3.784077e-01 2.370446e+02 -4.220226e+00
000172 -3.814943e-01 2.385499e+02 -4.253315e+00
000173 -3.829065e-01 2.400603e+02 -4.285388e+00
000174 -3.820924e-01 2.415712e+02 -4.315103e+00
000175 -3.818797e-01 2.430873e+02 -4.347138e+00
000176 -3.796393e-01 2.446020e+02 -4.377646e+00
000177 -3.770780e-01 2.461231e+02 -4.404696e+00
000178 -3.721572e-01 2.476477e+02 -4.432022e+00
000179 -3.683885e-01 2.491682e+02 -4.458219e+00
000180 -3.658944e-01 2.506964e+02 -4.487063e+00
000181 -3.629857e-01 2.522241e+02 -4.511301e+00
000182 -3.598899e-01 2.537570e+02 -4.535745e+00
000183 -3.565283e-01 2.552885e+02 -4.558441e+00
000184 -3.518994e-01 2.568230e+02 -4.584940e+00
000185 -3.474488e-01 2.583612e+02 -4.611578e+00
000186 -3.407995e-01 2.599003e+02 -4.637604e+00
000187 -3.346776e-01 2.614352e+02 -4.662237e+00
000188 -3.291338e-01 2.629731e+02 -4.686551e+00
000189 -3.253738e-01 2.645113e+02 -4.715745e+00
000190 -3.249046e-01 2.660572e+02 -4.748173e+00
000191 -3.208179e-01 2.675981e+02 -4.788372e+00
000192 -3.173943e-01 2.691377e+02 -4.824679e+00
000193 -3.166024e-01 2.706771e+02 -4.866052e+00
000194 -3.155943e-01 2.722185e+02 -4.906588e+00
000195 -3.140401e-01 2.737649e+02 -4.950219e+00
000196 -3.112309e-01 2.753072e+02 -4.987626e+00
000197 -3.114206e-01 2.768535e+02 -5.039836e+00
000198 -3.062026e-01 2.783952e+02 -5.082755e+00
000199 -3.011292e-01 2.799451e+02 -5.134136e+00
000200 -2.897536e-01 2.814958e+02 -5.172038e+00
000201 -2.764899e-01 2.830498e+02 -5.210037e+00
000202 -2.599233e-01 2.846005e+02 -5.241690e+00
000203 -2.447296e-01 2.861454e+02 -5.277598e+00
000204 -2.301583e-01 2.876999e+02 -5.316244e+00
000205 -2.170805e-01 2.892536e+02 -5.355148e+00
000206 -2.045251e-01 2.908103e+02 -5.390475e+00
000207 -1.926927e-01 2.923692e+02 -5.424878e+00
000208 -1.828271e-01 2.939316e+02 -5.462578e+00
000209 -1.753107e-01 2.955007e+02 -5.502144e+00
000210 -1.681708e-01 2.970723e+02 -5.542654e+00
000211 -1.571664e-01 2.986502e+02 -5.573209e+00
000212 -1.498301e-01 3.002367e+02 -5.605662e+00
000213 -1.436567e-01 3.018211e+02 -5.638056e+00
000214 -1.362308e-01 3.034130e+02 -5.674045e+00
000215 -1.245796e-01 3.050095e+02 -5.704927e+00
000216 -1.113075e-01 3.066086e+02 -5.740563e+00
000217 -1.009905e-01 3.082116e+02 -5.775938e+00
000218 -9.649990e-02 3.098189e+02 -5.821106e+00
000219 -9.324941e-02 3.114331e+02 -5.863046e+00
000220 -9.658434e-02 3.130445e+02 -5.907766e+00
000221 -1.065230e-01 3.146682e+02 -5.952029e+00
000222 -1.079811e-01 3.162953e+02 -5.990688e+00
000223 -1.086696e-01 3.179241e+02 -6.032426e+00
000224 -1.058419e-01 3.195525e+02 -6.068362e+00
000225 -1.039698e-01 3.211823e+02 -6.106845e+00
000226 -1.009179e-01 3.228139e+02 -6.143404e+00
000227 -9.883113e-02 3.244397e+02 -6.185282e+00
000228 -9.648438e-02 3.260682e+02 -6.224088e+00
000229 -9.411052e-02 3.276976e+02 -6.268819e+00
000230 -8.496956e-02 3.293242e+02 -6.305428e+00
000231 -7.442718e-02 3.309508e+02 -6.342113e+00
000232 -6.421231e-02 3.325694e+02 -6.372244e+00
000233 -5.844895e-02 3.341893e+02 -6.413497e+00
000234 -5.434961e-02 3.358024e+02 -6.450780e+00
000235 -4.949748e-02 3.374097e+02 -6.492551e+00
000236 -4.548042e-02 3.390211e+02 -6.532188e+00
000237 -4.257007e-02 3.406287e+02 -6.571397e+00
000238 -3.930296e-02 3.422462e+02 -6.601811e+00
000239 -3.681003e-02 3.438528e+02 -6.628918e+00
000240 -3.514659e-02 3.454525e+02 -6.652782e+00
000241 -3.454790e-02 3.470554e+02 -6.677644e+00
000242 -3.707175e-02 3.486551e+02 -6.708152e+00
000243 -4.156332e-02 3.502532e+02 -6.737239e+00
000244 -5.261018e-02 3.518478e+02 -6.773059e+00
000245 -6.277075e-02 3.534464e+02 -6.805862e+00
000246 -7.506606e-02 3.550379e+02 -6.843564e+00
000247 -8.570356e-02 3.566308e+02 -6.882552e+00
000248 -9.729989e-02 3.582218e+02 -6.921763e+00
000249 -1.091014e-01 3.598125e+02 -6.958715e+00
000250 -1.223014e-01 3.614037e+02 -6.995935e+00
000251 -1.322206e-01 3.629890e+02 -7.034017e+00
000252 -1.419952e-01 3.645867e+02 -7.072717e+00
000253 -1.552999e-01 3.661838e+02 -7.112398e+00
000254 -1.668615e-01 3.677811e+02 -7.146884e+00
000255 -1.858911e-01 3.693866e+02 -7.188290e+00
000256 -2.029185e-01 3.709753e+02 -7.225081e+00
000257 -2.229981e-01 3.726154e+02 -7.268840e+00
000258 -2.378134e-01 3.742253e+02 -7.306808e+00
000259 -2.519893e-01 3.757811e+02 -7.344936e+00
000260 -2.625878e-01 3.773873e+02 -7.379336e+00
000261 -2.704012e-01 3.789929e+02 -7.414418e+00
000262 -2.783585e-01 3.806071e+02 -7.448411e+00
000263 -2.877925e-01 3.822202e+02 -7.485057e+00
000264 -2.960866e-01 3.838408e+02 -7.522079e+00
000265 -3.039652e-01 3.854512e+02 -7.558709e+00
000266 -3.110174e-01 3.870678e+02 -7.596748e+00
000267 -3.164538e-01 3.886857e+02 -7.631598e+00
000268 -3.206582e-01 3.903059e+02 -7.664429e+00
000269 -3.238003e-01 3.919359e+02 -7.696195e+00
000270 -3.237896e-01 3.935579e+02 -7.731691e+00
