000000 0.000000e+00 2.220446e-16 -1.110223e-16
000001 -1.401751e-02 1.198998e+00 -2.820321e-02
000002 -2.787365e-02 2.384181e+00 -5.608120e-02
000003 -4.180320e-02 3.575628e+00 -8.410629e-02
000004 -5.573543e-02 4.767291e+00 -1.121362e-01
000005 -6.970674e-02 5.962283e+00 -1.402442e-01
000006 -8.362554e-02 7.152769e+00 -1.682458e-01
000007 -9.756958e-02 8.345400e+00 -1.962977e-01
000008 -1.114989e-01 9.536762e+00 -2.243193e-01
000009 -1.254307e-01 1.072832e+01 -2.523452e-01
000010 -1.393621e-01 1.191983e+01 -2.803697e-01
000011 -1.533004e-01 1.311191e+01 -3.084073e-01
000012 -1.671408e-01 1.430348e+01 -3.362948e-01
000013 -1.818140e-01 1.549659e+01 -3.654237e-01
000014 -1.950729e-01 1.668758e+01 -3.924445e-01
000015 -2.081761e-01 1.788104e+01 -4.191514e-01
000016 -2.220687e-01 1.907663e+01 -4.450814e-01
000017 -2.372951e-01 2.027019e+01 -4.715143e-01
000018 -2.531559e-01 2.146468e+01 -4.977817e-01
000019 -2.707637e-01 2.265883e+01 -5.247441e-01
000020 -2.887908e-01 2.385296e+01 -5.527301e-01
000021 -3.071147e-01 2.504684e+01 -5.812326e-01
000022 -3.273512e-01 2.624310e+01 -6.069839e-01
000023 -3.472488e-01 2.744168e+01 -6.329432e-01
000024 -3.677985e-01 2.863712e+01 -6.565642e-01
000025 -3.892136e-01 2.982830e+01 -6.824261e-01
000026 -4.112762e-01 3.102794e+01 -7.087202e-01
000027 -4.357161e-01 3.223193e+01 -7.356474e-01
000028 -4.596533e-01 3.342024e+01 -7.632533e-01
000029 -4.846981e-01 3.461480e+01 -7.915945e-01
000030 -5.098190e-01 3.581256e+01 -8.182722e-01
000031 -5.367057e-01 3.700928e+01 -8.457827e-01
000032 -5.627412e-01 3.820690e+01 -8.734675e-01
000033 -5.904619e-01 3.940549e+01 -9.001114e-01
000034 -6.181703e-01 4.060244e+01 -9.268582e-01
000035 -6.466319e-01 4.179871e+01 -9.531287e-01
000036 -6.756680e-01 4.299592e+01 -9.776312e-01
000037 -7.080160e-01 4.419563e+01 -1.000412e+00
000038 -7.358613e-01 4.539563e+01 -1.020365e+00
000039 -7.617275e-01 4.659612e+01 -1.037444e+00
000040 -7.844470e-01 4.780149e+01 -1.051207e+00
000041 -8.050204e-01 4.900454e+01 -1.064092e+00
000042 -8.220020e-01 5.020348e+01 -1.073850e+00
000043 -8.402902e-01 5.140457e+01 -1.085315e+00
000044 -8.594630e-01 5.260583e+01 -1.098286e+00
000045 -8.753783e-01 5.381125e+01 -1.112635e+00
000046 -8.928730e-01 5.501520e+01 -1.127883e+00
000047 -9.118602e-01 5.622027e+01 -1.143152e+00
000048 -9.332309e-01 5.742777e+01 -1.160687e+00
000049 -9.562150e-01 5.863262e+01 -1.175655e+00
000050 -9.814360e-01 5.983857e+01 -1.190278e+00
000051 -1.006715e+00 6.104209e+01 -1.205600e+00
000052 -1.031126e+00 6.224563e+01 -1.221320e+00
000053 -1.053863e+00 6.344747e+01 -1.237483e+00
000054 -1.078473e+00 6.464755e+01 -1.251701e+00
000055 -1.103193e+00 6.585040e+01 -1.267101e+00
000056 -1.129538e+00 6.704761e+01 -1.281112e+00
000057 -1.157680e+00 6.824107e+01 -1.293922e+00
000058 -1.186930e+00 6.943527e+01 -1.309417e+00
000059 -1.215316e+00 7.062616e+01 -1.324678e+00
000060 -1.243226e+00 7.181600e+01 -1.339456e+00
000061 -1.268567e+00 7.300219e+01 -1.355743e+00
000062 -1.292838e+00 7.418749e+01 -1.371470e+00
000063 -1.310252e+00 7.536554e+01 -1.390125e+00
000064 -1.320138e+00 7.654079e+01 -1.407515e+00
000065 -1.330920e+00 7.771630e+01 -1.427085e+00
000066 -1.337950e+00 7.889460e+01 -1.448797e+00
000067 -1.340942e+00 8.006843e+01 -1.468534e+00
000068 -1.342290e+00 8.123454e+01 -1.485826e+00
000069 -1.335651e+00 8.239913e+01 -1.506096e+00
000070 -1.323865e+00 8.355801e+01 -1.530312e+00
000071 -1.309268e+00 8.471745e+01 -1.555472e+00
000072 -1.292993e+00 8.587696e+01 -1.580587e+00
000073 -1.273121e+00 8.703114e+01 -1.605074e+00
000074 -1.247131e+00 8.818383e+01 -1.630673e+00
000075 -1.216671e+00 8.933336e+01 -1.656163e+00
000076 -1.182745e+00 9.048344e+01 -1.683163e+00
000077 -1.144128e+00 9.163655e+01 -1.710419e+00
000078 -1.101750e+00 9.279129e+01 -1.736086e+00
000079 -1.056015e+00 9.394713e+01 -1.760650e+00
000080 -1.006119e+00 9.510262e+01 -1.785071e+00
000081 -9.539660e-01 9.625538e+01 -1.809543e+00
000082 -8.975398e-01 9.741317e+01 -1.834871e+00
000083 -8.410031e-01 9.857222e+01 -1.861916e+00
000084 -7.820453e-01 9.973968e+01 -1.891643e+00
000085 -7.233569e-01 1.009141e+02 -1.922457e+00
000086 -6.655319e-01 1.020947e+02 -1.953029e+00
000087 -6.077182e-01 1.032788e+02 -1.983093e+00
000088 -5.505715e-01 1.044700e+02 -2.012875e+00
000089 -4.977483e-01 1.056679e+02 -2.041118e+00
000090 -4.483272e-01 1.068672e+02 -2.069739e+00
000091 -4.053771e-01 1.080719e+02 -2.098282e+00
000092 -3.651076e-01 1.092786e+02 -2.127000e+00
000093 -3.290753e-01 1.104916e+02 -2.156853e+00
000094 -2.985283e-01 1.117073e+02 -2.185665e+00
000095 -2.726718e-01 1.129237e+02 -2.213402e+00
000096 -2.537792e-01 1.141425e+02 -2.240145e+00
000097 -2.415523e-01 1.153628e+02 -2.267804e+00
000098 -2.340717e-01 1.165860e+02 -2.296830e+00
000099 -2.325711e-01 1.178116e+02 -2.327575e+00
000100 -2.372931e-01 1.190399e+02 -2.358001e+00
000101 -2.464440e-01 1.202714e+02 -2.388148e+00
000102 -2.562318e-01 1.215013e+02 -2.417424e+00
000103 -2.696789e-01 1.227424e+02 -2.444635e+00
000104 -2.835717e-01 1.239829e+02 -2.471500e+00
000105 -2.970155e-01 1.252241e+02 -2.498919e+00
000106 -3.168152e-01 1.264702e+02 -2.521615e+00
000107 -3.360760e-01 1.277202e+02 -2.543289e+00
000108 -3.532043e-01 1.289699e+02 -2.561295e+00
000109 -3.704424e-01 1.302201e+02 -2.578125e+00
000110 -3.845450e-01 1.314756e+02 -2.596170e+00
000111 -3.976226e-01 1.327335e+02 -2.614808e+00
000112 -4.133731e-01 1.339959e+02 -2.631357e+00
000113 -4.299121e-01 1.352593e+02 -2.646140e+00
000114 -4.438867e-01 1.365226e+02 -2.660056e+00
000115 -4.570556e-01 1.377895e+02 -2.675992e+00
000116 -4.720570e-01 1.390568e+02 -2.693213e+00
000117 -4.908150e-01 1.403306e+02 -2.711316e+00
000118 -5.099508e-01 1.416060e+02 -2.728134e+00
000119 -5.316574e-01 1.428802e+02 -2.744134e+00
000120 -5.501461e-01 1.441530e+02 -2.759529e+00
000121 -5.681071e-01 1.454241e+02 -2.775354e+00
000122 -5.862240e-01 1.466940e+02 -2.794830e+00
000123 -6.015689e-01 1.479611e+02 -2.818864e+00
000124 -6.184009e-01 1.492270e+02 -2.844547e+00
000125 -6.344428e-01 1.504924e+02 -2.875057e+00
000126 -6.492857e-01 1.517562e+02 -2.908757e+00
000127 -6.669047e-01 1.530248e+02 -2.939717e+00
000128 -6.841745e-01 1.542883e+02 -2.969914e+00
000129 -7.034750e-01 1.555533e+02 -2.997619e+00
000130 -7.212308e-01 1.568169e+02 -3.024885e+00
000131 -7.401339e-01 1.580778e+02 -3.051707e+00
000132 -7.581397e-01 1.593422e+02 -3.079341e+00
000133 -7.785169e-01 1.606037e+02 -3.107330e+00
000134 -7.989665e-01 1.618641e+02 -3.135262e+00
000135 -8.210143e-01 1.631262e+02 -3.162340e+00
000136 -8.448485e-01 1.643903e+02 -3.191224e+00
000137 -8.676072e-01 1.656519e+02 -3.221845e+00
000138 -8.915914e-01 1.669143e+02 -3.252329e+00
000139 -9.159259e-01 1.681765e+02 -3.282708e+00
000140 -9.418036e-01 1.694414e+02 -3.313952e+00
000141 -9.682551e-01 1.707047e+02 -3.344600e+00
000142 -9.957698e-01 1.719707e+02 -3.373848e+00
000143 -1.024319e+00 1.732343e+02 -3.402447e+00
000144 -1.053647e+00 1.744983e+02 -3.431925e+00
000145 -1.083166e+00 1.757590e+02 -3.461238e+00
000146 -1.111965e+00 1.770264e+02 -3.491932e+00
000147 -1.140940e+00 1.782891e+02 -3.523533e+00
000148 -1.167498e+00 1.795492e+02 -3.555449e+00
000149 -1.193384e+00 1.808107e+02 -3.587083e+00
000150 -1.220912e+00 1.820722e+02 -3.617217e+00
000151 -1.249819e+00 1.833367e+02 -3.644685e+00
000152 -1.280267e+00 1.845934e+02 -3.669131e+00
000153 -1.311919e+00 1.858431e+02 -3.694209e+00
000154 -1.342768e+00 1.870923e+02 -3.722358e+00
000155 -1.371475e+00 1.883388e+02 -3.752664e+00
000156 -1.400872e+00 1.895856e+02 -3.781861e+00
000157 -1.429913e+00 1.908308e+02 -3.811043e+00
000158 -1.456920e+00 1.920697e+02 -3.839753e+00
000159 -1.482347e+00 1.933035e+02 -3.868861e+00
000160 -1.504387e+00 1.945344e+02 -3.897568e+00
000161 -1.525428e+00 1.957610e+02 -3.929306e+00
000162 -1.543340e+00 1.969816e+02 -3.962116e+00
000163 -1.561315e+00 1.981987e+02 -3.994523e+00
000164 -1.577337e+00 1.994115e+02 -4.025379e+00
000165 -1.593225e+00 2.006192e+02 -4.055718e+00
000166 -1.607052e+00 2.018207e+02 -4.084508e+00
000167 -1.619569e+00 2.030155e+02 -4.112611e+00
000168 -1.629855e+00 2.042033e+02 -4.142166e+00
000169 -1.639698e+00 2.053821e+02 -4.168995e+00
000170 -1.649074e+00 2.065525e+02 -4.196218e+00
000171 -1.655974e+00 2.077094e+02 -4.223531e+00
000172 -1.663162e+00 2.088522e+02 -4.250230e+00
000173 -1.670517e+00 2.099818e+02 -4.277047e+00
000174 -1.680916e+00 2.110937e+02 -4.301812e+00
000175 -1.692609e+00 2.121907e+02 -4.326860e+00
000176 -1.705386e+00 2.132749e+02 -4.351615e+00
000177 -1.717659e+00 2.143453e+02 -4.376802e+00
000178 -1.730641e+00 2.154046e+02 -4.402081e+00
000179 -1.744177e+00 2.164482e+02 -4.426871e+00
000180 -1.758097e+00 2.174854e+02 -4.450451e+00
000181 -1.775959e+00 2.185077e+02 -4.472509e+00
000182 -1.796549e+00 2.195114e+02 -4.494237e+00
000183 -1.820190e+00 2.204950e+02 -4.513126e+00
000184 -1.844527e+00 2.214612e+02 -4.532452e+00
000185 -1.871601e+00 2.224026e+02 -4.553298e+00
000186 -1.900504e+00 2.233228e+02 -4.574348e+00
000187 -1.931080e+00 2.242192e+02 -4.594192e+00
000188 -1.963226e+00 2.250932e+02 -4.613875e+00
000189 -1.999321e+00 2.259462e+02 -4.634336e+00
000190 -2.036110e+00 2.267758e+02 -4.655490e+00
000191 -2.076063e+00 2.275885e+02 -4.674144e+00
000192 -2.113952e+00 2.283820e+02 -4.692285e+00
000193 -2.149429e+00 2.291590e+02 -4.710568e+00
000194 -2.182836e+00 2.299166e+02 -4.728951e+00
000195 -2.215172e+00 2.306577e+02 -4.746558e+00
000196 -2.247910e+00 2.313882e+02 -4.762455e+00
000197 -2.278813e+00 2.321156e+02 -4.778921e+00
000198 -2.309140e+00 2.328383e+02 -4.795655e+00
000199 -2.338553e+00 2.335600e+02 -4.813178e+00
000200 -2.364800e+00 2.342776e+02 -4.830531e+00
000201 -2.389577e+00 2.349915e+02 -4.847959e+00
000202 -2.414706e+00 2.357021e+02 -4.864866e+00
000203 -2.437161e+00 2.364085e+02 -4.881579e+00
000204 -2.458270e+00 2.371116e+02 -4.896919e+00
000205 -2.475218e+00 2.378114e+02 -4.912132e+00
000206 -2.489243e+00 2.385076e+02 -4.929647e+00
000207 -2.501543e+00 2.391999e+02 -4.947554e+00
000208 -2.511949e+00 2.398878e+02 -4.965562e+00
000209 -2.520293e+00 2.405753e+02 -4.981740e+00
000210 -2.528203e+00 2.412639e+02 -4.998210e+00
000211 -2.534352e+00 2.419573e+02 -5.015660e+00
000212 -2.538348e+00 2.426535e+02 -5.032044e+00
000213 -2.543393e+00 2.433559e+02 -5.048170e+00
000214 -2.545596e+00 2.440590e+02 -5.064282e+00
000215 -2.546852e+00 2.447634e+02 -5.080295e+00
000216 -2.546619e+00 2.454715e+02 -5.094783e+00
000217 -2.545576e+00 2.461863e+02 -5.109038e+00
000218 -2.543734e+00 2.469081e+02 -5.126143e+00
000219 -2.542056e+00 2.476359e+02 -5.145191e+00
000220 -2.541896e+00 2.483695e+02 -5.164585e+00
000221 -2.542204e+00 2.491114e+02 -5.185382e+00
000222 -2.540944e+00 2.498573e+02 -5.205979e+00
000223 -2.535403e+00 2.506100e+02 -5.227370e+00
000224 -2.529259e+00 2.513708e+02 -5.246305e+00
000225 -2.529475e+00 2.521450e+02 -5.263872e+00
000226 -2.534412e+00 2.529289e+02 -5.282956e+00
000227 -2.531730e+00 2.537160e+02 -5.300222e+00
000228 -2.522827e+00 2.545107e+02 -5.316153e+00
000229 -2.516895e+00 2.553056e+02 -5.328791e+00
000230 -2.508908e+00 2.561119e+02 -5.345294e+00
000231 -2.495854e+00 2.569296e+02 -5.364407e+00
000232 -2.476437e+00 2.577578e+02 -5.385775e+00
000233 -2.451908e+00 2.585928e+02 -5.406872e+00
000234 -2.426274e+00 2.594295e+02 -5.425049e+00
000235 -2.401831e+00 2.602685e+02 -5.445288e+00
000236 -2.377452e+00 2.611028e+02 -5.467449e+00
000237 -2.347909e+00 2.619398e+02 -5.488513e+00
000238 -2.315586e+00 2.627787e+02 -5.509575e+00
000239 -2.282743e+00 2.636212e+02 -5.533299e+00
000240 -2.249292e+00 2.644631e+02 -5.557575e+00
000241 -2.211671e+00 2.653026e+02 -5.580169e+00
000242 -2.169031e+00 2.661456e+02 -5.601556e+00
000243 -2.120601e+00 2.669886e+02 -5.622751e+00
000244 -2.070929e+00 2.678345e+02 -5.642388e+00
000245 -2.020152e+00 2.686821e+02 -5.662313e+00
000246 -1.972336e+00 2.695293e+02 -5.683949e+00
000247 -1.923826e+00 2.703816e+02 -5.705921e+00
000248 -1.875688e+00 2.712341e+02 -5.726987e+00
000249 -1.829452e+00 2.720891e+02 -5.750154e+00
000250 -1.783337e+00 2.729432e+02 -5.773108e+00
000251 -1.741198e+00 2.737954e+02 -5.793806e+00
000252 -1.700845e+00 2.746511e+02 -5.814912e+00
000253 -1.660663e+00 2.755035e+02 -5.835884e+00
000254 -1.622669e+00 2.763544e+02 -5.858238e+00
000255 -1.585579e+00 2.772037e+02 -5.879709e+00
000256 -1.550632e+00 2.780516e+02 -5.901149e+00
000257 -1.517863e+00 2.788967e+02 -5.921904e+00
000258 -1.489305e+00 2.797354e+02 -5.941918e+00
000259 -1.466242e+00 2.805687e+02 -5.960750e+00
000260 -1.447757e+00 2.813897e+02 -5.978025e+00
000261 -1.431895e+00 2.822031e+02 -5.994410e+00
000262 -1.419054e+00 2.830036e+02 -6.010847e+00
000263 -1.412086e+00 2.837879e+02 -6.026687e+00
000264 -1.411252e+00 2.845553e+02 -6.040170e+00
000265 -1.414317e+00 2.853052e+02 -6.053988e+00
000266 -1.417779e+00 2.860359e+02 -6.069167e+00
000267 -1.423417e+00 2.867440e+02 -6.085125e+00
000268 -1.435822e+00 2.874331e+02 -6.101380e+00
000269 -1.454441e+00 2.881005e+02 -6.117454e+00
000270 -1.477649e+00 2.887511e+02 -6.132605e+00
000271 -1.506373e+00 2.893890e+02 -6.149396e+00
000272 -1.545617e+00 2.900173e+02 -6.167037e+00
000273 -1.597157e+00 2.906281e+02 -6.182453e+00
000274 -1.665044e+00 2.912300e+02 -6.196964e+00
000275 -1.742378e+00 2.918062e+02 -6.210196e+00
000276 -1.834488e+00 2.923790e+02 -6.224247e+00
000277 -1.942994e+00 2.929374e+02 -6.237015e+00
000278 -2.067997e+00 2.934679e+02 -6.247853e+00
000279 -2.209538e+00 2.939981e+02 -6.257666e+00
000280 -2.367902e+00 2.945121e+02 -6.271075e+00
000281 -2.543375e+00 2.949879e+02 -6.285270e+00
000282 -2.739392e+00 2.954667e+02 -6.297631e+00
000283 -2.949047e+00 2.959018e+02 -6.307941e+00
000284 -3.178542e+00 2.963492e+02 -6.314604e+00
000285 -3.425572e+00 2.967828e+02 -6.320980e+00
000286 -3.687333e+00 2.971641e+02 -6.328231e+00
000287 -3.968958e+00 2.975634e+02 -6.332760e+00
000288 -4.268559e+00 2.979439e+02 -6.336992e+00
000289 -4.586321e+00 2.982617e+02 -6.339444e+00
000290 -4.922654e+00 2.985997e+02 -6.345184e+00
000291 -5.270323e+00 2.988694e+02 -6.347814e+00
000292 -5.635576e+00 2.991672e+02 -6.343982e+00
000293 -6.014393e+00 2.994337e+02 -6.339964e+00
000294 -6.404391e+00 2.996092e+02 -6.332310e+00
000295 -6.808874e+00 2.998050e+02 -6.331276e+00
000296 -7.216405e+00 2.999751e+02 -6.326098e+00
000297 -7.620091e+00 3.000619e+02 -6.315633e+00
000298 -8.027228e+00 3.001811e+02 -6.304576e+00
000299 -8.436151e+00 3.002200e+02 -6.292308e+00
000300 -8.849753e+00 3.002873e+02 -6.282888e+00
000301 -9.270289e+00 3.003291e+02 -6.271213e+00
000302 -9.696194e+00 3.002840e+02 -6.256955e+00
000303 -1.013605e+01 3.002712e+02 -6.242546e+00
000304 -1.058129e+01 3.002293e+02 -6.224323e+00
000305 -1.103111e+01 3.000970e+02 -6.199526e+00
000306 -1.148794e+01 2.999941e+02 -6.178297e+00
000307 -1.194318e+01 2.997982e+02 -6.150180e+00
000308 -1.240289e+01 2.996328e+02 -6.123531e+00
000309 -1.285980e+01 2.994338e+02 -6.094784e+00
000310 -1.331090e+01 2.991429e+02 -6.063773e+00
000311 -1.376340e+01 2.988742e+02 -6.028358e+00
000312 -1.421251e+01 2.985219e+02 -5.989762e+00
000313 -1.466311e+01 2.981811e+02 -5.950116e+00
000314 -1.511616e+01 2.978016e+02 -5.913525e+00
000315 -1.556917e+01 2.973601e+02 -5.871992e+00
000316 -1.602426e+01 2.969179e+02 -5.830931e+00
000317 -1.647064e+01 2.964013e+02 -5.783464e+00
000318 -1.690392e+01 2.958766e+02 -5.737737e+00
000319 -1.732241e+01 2.952843e+02 -5.692386e+00
000320 -1.772918e+01 2.946844e+02 -5.645499e+00
000321 -1.812343e+01 2.940467e+02 -5.596317e+00
000322 -1.850534e+01 2.933496e+02 -5.550791e+00
000323 -1.887203e+01 2.926362e+02 -5.509383e+00
000324 -1.921381e+01 2.918625e+02 -5.472940e+00
000325 -1.953852e+01 2.910794e+02 -5.435497e+00
000326 -1.984548e+01 2.902408e+02 -5.397191e+00
000327 -2.012922e+01 2.893905e+02 -5.364689e+00
000328 -2.038184e+01 2.885047e+02 -5.330467e+00
000329 -2.061251e+01 2.875677e+02 -5.296130e+00
000330 -2.081155e+01 2.866208e+02 -5.265003e+00
000331 -2.097738e+01 2.856322e+02 -5.231887e+00
000332 -2.111659e+01 2.846297e+02 -5.198232e+00
000333 -2.122691e+01 2.835931e+02 -5.169612e+00
000334 -2.130702e+01 2.825205e+02 -5.143301e+00
000335 -2.135871e+01 2.814312e+02 -5.118237e+00
000336 -2.138358e+01 2.803112e+02 -5.092068e+00
000337 -2.137724e+01 2.791733e+02 -5.068634e+00
000338 -2.134556e+01 2.780075e+02 -5.044246e+00
000339 -2.128976e+01 2.768295e+02 -5.021530e+00
000340 -2.120924e+01 2.756388e+02 -5.001358e+00
000341 -2.111193e+01 2.744313e+02 -4.983245e+00
000342 -2.100190e+01 2.732075e+02 -4.965436e+00
000343 -2.088617e+01 2.719630e+02 -4.946924e+00
000344 -2.077685e+01 2.707050e+02 -4.927465e+00
000345 -2.066591e+01 2.694279e+02 -4.906062e+00
000346 -2.055522e+01 2.681360e+02 -4.883412e+00
000347 -2.044759e+01 2.668306e+02 -4.861751e+00
000348 -2.034586e+01 2.655097e+02 -4.838516e+00
000349 -2.024967e+01 2.641794e+02 -4.817703e+00
000350 -2.015628e+01 2.628481e+02 -4.799526e+00
000351 -2.007085e+01 2.615173e+02 -4.780284e+00
000352 -1.999327e+01 2.601902e+02 -4.760491e+00
000353 -1.992130e+01 2.588499e+02 -4.738614e+00
000354 -1.985530e+01 2.575113e+02 -4.717988e+00
000355 -1.979675e+01 2.561702e+02 -4.696286e+00
000356 -1.974591e+01 2.548239e+02 -4.673674e+00
000357 -1.970344e+01 2.534746e+02 -4.648388e+00
000358 -1.966817e+01 2.521232e+02 -4.618642e+00
000359 -1.963934e+01 2.507731e+02 -4.586765e+00
000360 -1.961368e+01 2.494162e+02 -4.556415e+00
000361 -1.959029e+01 2.480644e+02 -4.529158e+00
000362 -1.956928e+01 2.467060e+02 -4.501374e+00
000363 -1.955134e+01 2.453382e+02 -4.473848e+00
000364 -1.953800e+01 2.439698e+02 -4.445003e+00
000365 -1.952666e+01 2.425957e+02 -4.411335e+00
000366 -1.951383e+01 2.412224e+02 -4.378260e+00
000367 -1.950318e+01 2.398385e+02 -4.346093e+00
000368 -1.949325e+01 2.384577e+02 -4.316996e+00
000369 -1.948099e+01 2.370732e+02 -4.286446e+00
000370 -1.946668e+01 2.356839e+02 -4.255713e+00
000371 -1.945014e+01 2.342911e+02 -4.223798e+00
000372 -1.943040e+01 2.328928e+02 -4.186692e+00
000373 -1.940660e+01 2.314922e+02 -4.152924e+00
000374 -1.938129e+01 2.300914e+02 -4.121142e+00
000375 -1.935555e+01 2.286877e+02 -4.091351e+00
000376 -1.933238e+01 2.272832e+02 -4.061083e+00
000377 -1.930936e+01 2.258709e+02 -4.031202e+00
000378 -1.928821e+01 2.244541e+02 -4.003413e+00
000379 -1.926526e+01 2.230339e+02 -3.975161e+00
000380 -1.924098e+01 2.216106e+02 -3.945563e+00
000381 -1.921490e+01 2.201863e+02 -3.915755e+00
000382 -1.919066e+01 2.187565e+02 -3.884537e+00
000383 -1.916474e+01 2.173282e+02 -3.851913e+00
000384 -1.914051e+01 2.158915e+02 -3.816692e+00
000385 -1.911492e+01 2.144523e+02 -3.783819e+00
000386 -1.908395e+01 2.130109e+02 -3.744539e+00
000387 -1.905320e+01 2.115703e+02 -3.706671e+00
000388 -1.902208e+01 2.101235e+02 -3.670204e+00
000389 -1.899038e+01 2.086722e+02 -3.634175e+00
000390 -1.896021e+01 2.072186e+02 -3.596747e+00
000391 -1.892786e+01 2.057582e+02 -3.559153e+00
000392 -1.889614e+01 2.042948e+02 -3.524788e+00
000393 -1.886476e+01 2.028318e+02 -3.487637e+00
000394 -1.883712e+01 2.013684e+02 -3.453039e+00
000395 -1.880904e+01 1.999091e+02 -3.419171e+00
000396 -1.878081e+01 1.984404e+02 -3.384783e+00
000397 -1.875193e+01 1.969762e+02 -3.350644e+00
000398 -1.872357e+01 1.955153e+02 -3.313855e+00
000399 -1.869718e+01 1.940556e+02 -3.276436e+00
000400 -1.867123e+01 1.926001e+02 -3.241513e+00
000401 -1.864803e+01 1.911441e+02 -3.205048e+00
000402 -1.862849e+01 1.896915e+02 -3.170622e+00
000403 -1.861037e+01 1.882429e+02 -3.138275e+00
000404 -1.859411e+01 1.867945e+02 -3.107703e+00
000405 -1.857686e+01 1.853525e+02 -3.075839e+00
000406 -1.856047e+01 1.839085e+02 -3.044236e+00
000407 -1.854600e+01 1.824687e+02 -3.011131e+00
000408 -1.853340e+01 1.810316e+02 -2.977267e+00
000409 -1.852315e+01 1.796010e+02 -2.942176e+00
000410 -1.851524e+01 1.781753e+02 -2.908289e+00
000411 -1.851072e+01 1.767507e+02 -2.873542e+00
000412 -1.851025e+01 1.753373e+02 -2.838653e+00
000413 -1.851326e+01 1.739296e+02 -2.803213e+00
000414 -1.851829e+01 1.725375e+02 -2.769552e+00
000415 -1.852671e+01 1.711562e+02 -2.736025e+00
000416 -1.853710e+01 1.697919e+02 -2.701364e+00
000417 -1.855169e+01 1.684471e+02 -2.666950e+00
000418 -1.856810e+01 1.671265e+02 -2.633527e+00
000419 -1.858704e+01 1.658218e+02 -2.599237e+00
000420 -1.860503e+01 1.645390e+02 -2.565877e+00
000421 -1.862542e+01 1.632792e+02 -2.533595e+00
000422 -1.864444e+01 1.620471e+02 -2.502804e+00
000423 -1.866211e+01 1.608371e+02 -2.473852e+00
000424 -1.868207e+01 1.596532e+02 -2.447586e+00
000425 -1.870043e+01 1.584929e+02 -2.422217e+00
000426 -1.871715e+01 1.573598e+02 -2.396857e+00
000427 -1.873344e+01 1.562503e+02 -2.370798e+00
000428 -1.874892e+01 1.551689e+02 -2.347373e+00
000429 -1.876231e+01 1.541173e+02 -2.322647e+00
000430 -1.877790e+01 1.530881e+02 -2.297427e+00
000431 -1.879239e+01 1.520873e+02 -2.274461e+00
000432 -1.880437e+01 1.511111e+02 -2.252345e+00
000433 -1.881642e+01 1.501621e+02 -2.230220e+00
000434 -1.882738e+01 1.492397e+02 -2.209938e+00
000435 -1.883766e+01 1.483393e+02 -2.187753e+00
000436 -1.884754e+01 1.474612e+02 -2.164801e+00
000437 -1.885476e+01 1.465989e+02 -2.144196e+00
000438 -1.886279e+01 1.457538e+02 -2.123511e+00
000439 -1.887376e+01 1.449223e+02 -2.100874e+00
000440 -1.888239e+01 1.441037e+02 -2.078341e+00
000441 -1.888627e+01 1.433024e+02 -2.059412e+00
000442 -1.889195e+01 1.425198e+02 -2.042113e+00
000443 -1.890126e+01 1.417522e+02 -2.022990e+00
000444 -1.890872e+01 1.409929e+02 -2.005121e+00
000445 -1.891348e+01 1.402422e+02 -1.989403e+00
000446 -1.891945e+01 1.394994e+02 -1.974562e+00
000447 -1.892677e+01 1.387654e+02 -1.960534e+00
000448 -1.893511e+01 1.380440e+02 -1.944374e+00
000449 -1.894438e+01 1.373298e+02 -1.928158e+00
000450 -1.895464e+01 1.366214e+02 -1.914991e+00
000451 -1.896431e+01 1.359170e+02 -1.905325e+00
000452 -1.897372e+01 1.352161e+02 -1.895274e+00
000453 -1.897911e+01 1.345169e+02 -1.881347e+00
000454 -1.898311e+01 1.338197e+02 -1.867920e+00
000455 -1.899097e+01 1.331238e+02 -1.854861e+00
000456 -1.900389e+01 1.324286e+02 -1.839020e+00
000457 -1.900820e+01 1.317402e+02 -1.829069e+00
000458 -1.900738e+01 1.310599e+02 -1.823556e+00
000459 -1.901169e+01 1.303774e+02 -1.813487e+00
000460 -1.902656e+01 1.296926e+02 -1.799997e+00
000461 -1.902976e+01 1.289952e+02 -1.790406e+00
000462 -1.902968e+01 1.282867e+02 -1.783236e+00
000463 -1.903291e+01 1.275639e+02 -1.773597e+00
000464 -1.903689e+01 1.268317e+02 -1.762349e+00
000465 -1.904093e+01 1.260904e+02 -1.751742e+00
000466 -1.904310e+01 1.253386e+02 -1.739549e+00
000467 -1.904060e+01 1.245754e+02 -1.721883e+00
000468 -1.903398e+01 1.237928e+02 -1.704964e+00
000469 -1.902609e+01 1.229911e+02 -1.689113e+00
000470 -1.901737e+01 1.221724e+02 -1.671608e+00
000471 -1.900788e+01 1.213372e+02 -1.651373e+00
000472 -1.899551e+01 1.204889e+02 -1.630463e+00
000473 -1.898110e+01 1.196223e+02 -1.606831e+00
000474 -1.896236e+01 1.187404e+02 -1.583863e+00
000475 -1.894089e+01 1.178410e+02 -1.562360e+00
000476 -1.891249e+01 1.169209e+02 -1.539442e+00
000477 -1.888164e+01 1.159843e+02 -1.518580e+00
000478 -1.884566e+01 1.150276e+02 -1.495740e+00
000479 -1.880738e+01 1.140573e+02 -1.472691e+00
000480 -1.876261e+01 1.130721e+02 -1.449607e+00
000481 -1.871096e+01 1.120705e+02 -1.425819e+00
000482 -1.865467e+01 1.110501e+02 -1.402779e+00
000483 -1.859273e+01 1.100104e+02 -1.382089e+00
000484 -1.852665e+01 1.089547e+02 -1.362588e+00
000485 -1.845845e+01 1.078847e+02 -1.343346e+00
000486 -1.838974e+01 1.067965e+02 -1.326090e+00
000487 -1.832377e+01 1.056929e+02 -1.307555e+00
000488 -1.825676e+01 1.045622e+02 -1.288139e+00
000489 -1.818725e+01 1.034111e+02 -1.269054e+00
000490 -1.811737e+01 1.022464e+02 -1.244731e+00
000491 -1.804504e+01 1.010740e+02 -1.219976e+00
000492 -1.797200e+01 9.988171e+01 -1.195663e+00
000493 -1.789756e+01 9.867175e+01 -1.172886e+00
000494 -1.782503e+01 9.744780e+01 -1.151222e+00
000495 -1.775374e+01 9.620855e+01 -1.126795e+00
000496 -1.768421e+01 9.495275e+01 -1.102525e+00
000497 -1.761270e+01 9.367749e+01 -1.077492e+00
000498 -1.754366e+01 9.239323e+01 -1.049972e+00
000499 -1.747710e+01 9.109028e+01 -1.022258e+00
000500 -1.740999e+01 8.977477e+01 -9.990056e-01
000501 -1.735065e+01 8.845413e+01 -9.753403e-01
000502 -1.729334e+01 8.710974e+01 -9.584784e-01
000503 -1.723975e+01 8.573751e+01 -9.440549e-01
000504 -1.718834e+01 8.435171e+01 -9.218292e-01
000505 -1.713847e+01 8.295643e+01 -8.925921e-01
000506 -1.709087e+01 8.155322e+01 -8.621183e-01
000507 -1.704828e+01 8.012646e+01 -8.330614e-01
000508 -1.700912e+01 7.868382e+01 -8.053784e-01
000509 -1.697362e+01 7.722778e+01 -7.771295e-01
000510 -1.693890e+01 7.575752e+01 -7.478602e-01
000511 -1.690538e+01 7.428435e+01 -7.187593e-01
000512 -1.687364e+01 7.280871e+01 -6.886180e-01
000513 -1.684487e+01 7.133452e+01 -6.588975e-01
000514 -1.682112e+01 6.986187e+01 -6.266962e-01
000515 -1.679851e+01 6.839401e+01 -5.936207e-01
000516 -1.677917e+01 6.692462e+01 -5.617780e-01
000517 -1.676019e+01 6.545693e+01 -5.300473e-01
000518 -1.674127e+01 6.398723e+01 -4.983233e-01
000519 -1.672374e+01 6.252254e+01 -4.662392e-01
000520 -1.670738e+01 6.105928e+01 -4.342216e-01
000521 -1.669261e+01 5.958850e+01 -4.028967e-01
000522 -1.667728e+01 5.811853e+01 -3.696661e-01
000523 -1.666067e+01 5.665100e+01 -3.318750e-01
000524 -1.664289e+01 5.518855e+01 -2.928006e-01
000525 -1.662286e+01 5.373519e+01 -2.553499e-01
000526 -1.660088e+01 5.227704e+01 -2.238776e-01
000527 -1.657777e+01 5.082074e+01 -1.950878e-01
000528 -1.655446e+01 4.936683e+01 -1.667537e-01
000529 -1.653154e+01 4.791138e+01 -1.361189e-01
000530 -1.650590e+01 4.646111e+01 -1.018661e-01
000531 -1.647825e+01 4.501382e+01 -6.682977e-02
000532 -1.645171e+01 4.357573e+01 -3.390796e-02
000533 -1.642535e+01 4.213696e+01 -4.286154e-03
000534 -1.640183e+01 4.069789e+01 2.267275e-02
000535 -1.638003e+01 3.926177e+01 5.139880e-02
000536 -1.635679e+01 3.782483e+01 8.060552e-02
000537 -1.633245e+01 3.639684e+01 1.118254e-01
000538 -1.630758e+01 3.497003e+01 1.414094e-01
000539 -1.628474e+01 3.354441e+01 1.706823e-01
000540 -1.626400e+01 3.212471e+01 1.998713e-01
000541 -1.624608e+01 3.070783e+01 2.279988e-01
000542 -1.622987e+01 2.928474e+01 2.572810e-01
000543 -1.621276e+01 2.786760e+01 2.860073e-01
000544 -1.619488e+01 2.645737e+01 3.156601e-01
000545 -1.617482e+01 2.505017e+01 3.455316e-01
000546 -1.615363e+01 2.364610e+01 3.743586e-01
000547 -1.613407e+01 2.224839e+01 4.041376e-01
000548 -1.611623e+01 2.085659e+01 4.323654e-01
000549 -1.610044e+01 1.947255e+01 4.615578e-01
000550 -1.608658e+01 1.808843e+01 4.926781e-01
000551 -1.607258e+01 1.670842e+01 5.236603e-01
000552 -1.605730e+01 1.533299e+01 5.539333e-01
000553 -1.604039e+01 1.396230e+01 5.822458e-01
000554 -1.601956e+01 1.259501e+01 6.052059e-01
000555 -1.599987e+01 1.122152e+01 6.277813e-01
000556 -1.598184e+01 9.852998e+00 6.536360e-01
000557 -1.596753e+01 8.487382e+00 6.821976e-01
000558 -1.595764e+01 7.122797e+00 7.126679e-01
000559 -1.594956e+01 5.763789e+00 7.443265e-01
000560 -1.593877e+01 4.400318e+00 7.787213e-01
000561 -1.592590e+01 3.038918e+00 8.125999e-01
000562 -1.590918e+01 1.676097e+00 8.446651e-01
000563 -1.588963e+01 3.089439e-01 8.754178e-01
000564 -1.587121e+01 -1.063172e+00 9.045038e-01
000565 -1.585397e+01 -2.436523e+00 9.332548e-01
000566 -1.583843e+01 -3.813595e+00 9.601236e-01
000567 -1.582320e+01 -5.192326e+00 9.870965e-01
000568 -1.580825e+01 -6.576470e+00 1.014088e+00
000569 -1.579123e+01 -7.966034e+00 1.041956e+00
000570 -1.577390e+01 -9.357139e+00 1.070725e+00
000571 -1.575586e+01 -1.075522e+01 1.100590e+00
000572 -1.573852e+01 -1.214993e+01 1.129671e+00
000573 -1.572233e+01 -1.354746e+01 1.159922e+00
000574 -1.570577e+01 -1.495103e+01 1.188722e+00
000575 -1.569090e+01 -1.635914e+01 1.214563e+00
000576 -1.567519e+01 -1.776435e+01 1.238904e+00
000577 -1.565947e+01 -1.917351e+01 1.258378e+00
000578 -1.564353e+01 -2.058415e+01 1.279114e+00
000579 -1.562986e+01 -2.200393e+01 1.298206e+00
000580 -1.561782e+01 -2.342439e+01 1.320134e+00
000581 -1.560601e+01 -2.484504e+01 1.342475e+00
000582 -1.559027e+01 -2.626783e+01 1.362532e+00
000583 -1.557331e+01 -2.768798e+01 1.381668e+00
000584 -1.555401e+01 -2.911536e+01 1.401278e+00
000585 -1.553676e+01 -3.054783e+01 1.423844e+00
000586 -1.552140e+01 -3.197309e+01 1.450596e+00
000587 -1.550772e+01 -3.339613e+01 1.474487e+00
000588 -1.549326e+01 -3.481999e+01 1.496909e+00
000589 -1.547662e+01 -3.624448e+01 1.519635e+00
000590 -1.546088e+01 -3.766558e+01 1.542757e+00
000591 -1.544410e+01 -3.908217e+01 1.566849e+00
000592 -1.542668e+01 -4.049901e+01 1.593713e+00
000593 -1.540927e+01 -4.191388e+01 1.621146e+00
000594 -1.539245e+01 -4.332259e+01 1.647343e+00
000595 -1.537523e+01 -4.472465e+01 1.670185e+00
000596 -1.535699e+01 -4.613041e+01 1.689780e+00
000597 -1.533783e+01 -4.753795e+01 1.710257e+00
000598 -1.531710e+01 -4.894398e+01 1.733637e+00
000599 -1.529715e+01 -5.034660e+01 1.757778e+00
000600 -1.527696e+01 -5.174850e+01 1.783280e+00
000601 -1.525676e+01 -5.315272e+01 1.808697e+00
000602 -1.523749e+01 -5.454794e+01 1.833987e+00
000603 -1.521771e+01 -5.594950e+01 1.859642e+00
000604 -1.519945e+01 -5.735212e+01 1.883021e+00
000605 -1.518410e+01 -5.875141e+01 1.905888e+00
000606 -1.517008e+01 -6.015069e+01 1.927806e+00
000607 -1.515697e+01 -6.154936e+01 1.949198e+00
000608 -1.514226e+01 -6.295149e+01 1.969588e+00
000609 -1.512801e+01 -6.435076e+01 1.989950e+00
000610 -1.511338e+01 -6.575074e+01 2.010300e+00
000611 -1.510121e+01 -6.714653e+01 2.031551e+00
000612 -1.509141e+01 -6.853878e+01 2.052437e+00
000613 -1.508303e+01 -6.993462e+01 2.071234e+00
000614 -1.507453e+01 -7.132326e+01 2.087360e+00
000615 -1.506438e+01 -7.270839e+01 2.102811e+00
000616 -1.505383e+01 -7.409527e+01 2.117081e+00
000617 -1.504316e+01 -7.547624e+01 2.130723e+00
000618 -1.503084e+01 -7.685642e+01 2.146554e+00
000619 -1.501678e+01 -7.822646e+01 2.163460e+00
000620 -1.499833e+01 -7.959325e+01 2.179823e+00
000621 -1.497930e+01 -8.095360e+01 2.191194e+00
000622 -1.495957e+01 -8.231728e+01 2.200916e+00
000623 -1.494128e+01 -8.368053e+01 2.214391e+00
000624 -1.492467e+01 -8.503495e+01 2.232509e+00
000625 -1.490817e+01 -8.638401e+01 2.250863e+00
000626 -1.489187e+01 -8.772673e+01 2.268643e+00
000627 -1.487398e+01 -8.907040e+01 2.282365e+00
000628 -1.485657e+01 -9.040801e+01 2.296993e+00
000629 -1.483919e+01 -9.174112e+01 2.311152e+00
000630 -1.482426e+01 -9.307672e+01 2.326927e+00
000631 -1.481076e+01 -9.440039e+01 2.341502e+00
000632 -1.479798e+01 -9.572436e+01 2.357904e+00
000633 -1.478703e+01 -9.704551e+01 2.374193e+00
000634 -1.477603e+01 -9.836341e+01 2.389834e+00
000635 -1.476703e+01 -9.967660e+01 2.407843e+00
000636 -1.475854e+01 -1.009838e+02 2.426874e+00
000637 -1.475176e+01 -1.022903e+02 2.444391e+00
000638 -1.474410e+01 -1.035926e+02 2.462669e+00
000639 -1.473960e+01 -1.048920e+02 2.480363e+00
000640 -1.473425e+01 -1.061858e+02 2.498308e+00
000641 -1.473066e+01 -1.074728e+02 2.514949e+00
000642 -1.472824e+01 -1.087629e+02 2.530663e+00
000643 -1.472729e+01 -1.100459e+02 2.547386e+00
000644 -1.472555e+01 -1.113291e+02 2.563690e+00
000645 -1.472479e+01 -1.126054e+02 2.582153e+00
000646 -1.472153e+01 -1.138771e+02 2.600374e+00
000647 -1.471960e+01 -1.151477e+02 2.617244e+00
000648 -1.471780e+01 -1.164111e+02 2.634202e+00
000649 -1.471582e+01 -1.176691e+02 2.650909e+00
000650 -1.471284e+01 -1.189238e+02 2.667793e+00
000651 -1.470983e+01 -1.201734e+02 2.685657e+00
000652 -1.470566e+01 -1.214141e+02 2.703911e+00
000653 -1.470294e+01 -1.226449e+02 2.719941e+00
000654 -1.470054e+01 -1.238671e+02 2.735913e+00
000655 -1.469881e+01 -1.250815e+02 2.751503e+00
000656 -1.469830e+01 -1.262871e+02 2.767801e+00
000657 -1.469852e+01 -1.274852e+02 2.784821e+00
000658 -1.470118e+01 -1.286704e+02 2.801395e+00
000659 -1.470614e+01 -1.298453e+02 2.817529e+00
000660 -1.471233e+01 -1.310089e+02 2.833172e+00
000661 -1.471896e+01 -1.321621e+02 2.848691e+00
000662 -1.472488e+01 -1.332996e+02 2.863999e+00
000663 -1.473334e+01 -1.344174e+02 2.880267e+00
000664 -1.474314e+01 -1.355140e+02 2.895211e+00
000665 -1.474619e+01 -1.365942e+02 2.913166e+00
000666 -1.475233e+01 -1.376542e+02 2.928943e+00
000667 -1.475847e+01 -1.386869e+02 2.946711e+00
000668 -1.476466e+01 -1.396957e+02 2.964758e+00
000669 -1.477357e+01 -1.406763e+02 2.979529e+00
000670 -1.478487e+01 -1.416311e+02 2.993256e+00
000671 -1.479743e+01 -1.425562e+02 3.006784e+00
000672 -1.480845e+01 -1.434522e+02 3.020005e+00
000673 -1.481802e+01 -1.443211e+02 3.032842e+00
000674 -1.482330e+01 -1.451550e+02 3.044707e+00
000675 -1.481877e+01 -1.459633e+02 3.055661e+00
000676 -1.479757e+01 -1.467445e+02 3.065594e+00
000677 -1.475456e+01 -1.474992e+02 3.071965e+00
000678 -1.468816e+01 -1.482245e+02 3.079106e+00
000679 -1.459929e+01 -1.489260e+02 3.086043e+00
000680 -1.449202e+01 -1.495947e+02 3.088830e+00
000681 -1.436420e+01 -1.502250e+02 3.087775e+00
000682 -1.421312e+01 -1.508335e+02 3.089330e+00
000683 -1.403648e+01 -1.514162e+02 3.090778e+00
000684 -1.383342e+01 -1.519504e+02 3.086577e+00
000685 -1.360854e+01 -1.524769e+02 3.076710e+00
000686 -1.336041e+01 -1.529502e+02 3.060860e+00
000687 -1.308243e+01 -1.534240e+02 3.046760e+00
000688 -1.277723e+01 -1.538743e+02 3.032264e+00
000689 -1.244653e+01 -1.542672e+02 3.015235e+00
000690 -1.209330e+01 -1.546664e+02 2.992923e+00
000691 -1.171655e+01 -1.550328e+02 2.969218e+00
000692 -1.131815e+01 -1.553310e+02 2.947184e+00
000693 -1.090107e+01 -1.556301e+02 2.926439e+00
000694 -1.046589e+01 -1.558564e+02 2.901563e+00
000695 -1.002043e+01 -1.560826e+02 2.872763e+00
000696 -9.567123e+00 -1.562778e+02 2.844586e+00
000697 -9.106293e+00 -1.564059e+02 2.815747e+00
000698 -8.642035e+00 -1.565389e+02 2.787238e+00
000699 -8.174402e+00 -1.566351e+02 2.755500e+00
000700 -7.699412e+00 -1.566631e+02 2.722687e+00
000701 -7.221458e+00 -1.566903e+02 2.690343e+00
000702 -6.734167e+00 -1.566510e+02 2.665011e+00
000703 -6.243160e+00 -1.566171e+02 2.641270e+00
000704 -5.751237e+00 -1.565444e+02 2.615199e+00
000705 -5.261917e+00 -1.563936e+02 2.593307e+00
000706 -4.779011e+00 -1.562439e+02 2.569364e+00
000707 -4.305429e+00 -1.560244e+02 2.552946e+00
000708 -3.838336e+00 -1.558078e+02 2.542408e+00
000709 -3.375344e+00 -1.555541e+02 2.534833e+00
000710 -2.922418e+00 -1.552209e+02 2.530704e+00
000711 -2.480572e+00 -1.548906e+02 2.522617e+00
000712 -2.057963e+00 -1.544839e+02 2.510377e+00
000713 -1.653879e+00 -1.540795e+02 2.499815e+00
000714 -1.268487e+00 -1.536401e+02 2.493093e+00
000715 -8.983582e-01 -1.531409e+02 2.487045e+00
000716 -5.510777e-01 -1.526325e+02 2.478814e+00
000717 -2.261366e-01 -1.520606e+02 2.467171e+00
000718 6.230717e-02 -1.514836e+02 2.456904e+00
000719 3.234820e-01 -1.508797e+02 2.446327e+00
000720 5.523554e-01 -1.502166e+02 2.433161e+00
000721 7.484821e-01 -1.495497e+02 2.422189e+00
000722 9.129124e-01 -1.488380e+02 2.410623e+00
000723 1.048250e+00 -1.481125e+02 2.402930e+00
000724 1.163229e+00 -1.473483e+02 2.393425e+00
000725 1.265054e+00 -1.465668e+02 2.383452e+00
000726 1.348496e+00 -1.457604e+02 2.371923e+00
000727 1.407670e+00 -1.449267e+02 2.359471e+00
000728 1.444780e+00 -1.440738e+02 2.346915e+00
000729 1.463451e+00 -1.431977e+02 2.332663e+00
000730 1.469675e+00 -1.423032e+02 2.319985e+00
000731 1.468738e+00 -1.413867e+02 2.305914e+00
000732 1.471319e+00 -1.404509e+02 2.290968e+00
000733 1.479967e+00 -1.394923e+02 2.274698e+00
000734 1.489345e+00 -1.385154e+02 2.260154e+00
000735 1.499366e+00 -1.375181e+02 2.246738e+00
000736 1.504842e+00 -1.365045e+02 2.234017e+00
000737 1.505414e+00 -1.354735e+02 2.220167e+00
000738 1.504501e+00 -1.344219e+02 2.205688e+00
000739 1.503329e+00 -1.333518e+02 2.190202e+00
000740 1.501627e+00 -1.322648e+02 2.176140e+00
000741 1.498560e+00 -1.311603e+02 2.159629e+00
000742 1.491650e+00 -1.300390e+02 2.144473e+00
000743 1.482380e+00 -1.288996e+02 2.128143e+00
000744 1.470024e+00 -1.277441e+02 2.111152e+00
000745 1.458443e+00 -1.265764e+02 2.092643e+00
000746 1.447721e+00 -1.253883e+02 2.073753e+00
000747 1.436723e+00 -1.241850e+02 2.053638e+00
000748 1.426398e+00 -1.229654e+02 2.032685e+00
000749 1.418040e+00 -1.217344e+02 2.009877e+00
000750 1.413177e+00 -1.204917e+02 1.984400e+00
000751 1.410381e+00 -1.192315e+02 1.956743e+00
000752 1.407398e+00 -1.179509e+02 1.927293e+00
000753 1.405768e+00 -1.166572e+02 1.897027e+00
000754 1.402662e+00 -1.153483e+02 1.864276e+00
000755 1.396732e+00 -1.140291e+02 1.832056e+00
000756 1.385028e+00 -1.126950e+02 1.800206e+00
000757 1.369687e+00 -1.113405e+02 1.767521e+00
000758 1.351798e+00 -1.099726e+02 1.734254e+00
000759 1.330549e+00 -1.085928e+02 1.700357e+00
000760 1.308290e+00 -1.072003e+02 1.668467e+00
000761 1.284827e+00 -1.057911e+02 1.635925e+00
000762 1.259616e+00 -1.043679e+02 1.601652e+00
000763 1.230259e+00 -1.029321e+02 1.565326e+00
000764 1.202212e+00 -1.014787e+02 1.530047e+00
000765 1.170075e+00 -1.000076e+02 1.495851e+00
000766 1.142136e+00 -9.852911e+01 1.463280e+00
000767 1.115543e+00 -9.702601e+01 1.436157e+00
000768 1.089274e+00 -9.551571e+01 1.410680e+00
000769 1.062982e+00 -9.400229e+01 1.390693e+00
000770 1.036568e+00 -9.249143e+01 1.374673e+00
000771 1.009148e+00 -9.098226e+01 1.361424e+00
000772 9.847340e-01 -8.947609e+01 1.348472e+00
000773 9.616474e-01 -8.797323e+01 1.333401e+00
000774 9.399983e-01 -8.646690e+01 1.316473e+00
000775 9.191412e-01 -8.496724e+01 1.298308e+00
000776 8.995469e-01 -8.345436e+01 1.282847e+00
000777 8.834484e-01 -8.194950e+01 1.268237e+00
000778 8.679533e-01 -8.044554e+01 1.252710e+00
000779 8.520469e-01 -7.894240e+01 1.234831e+00
000780 8.381739e-01 -7.743960e+01 1.219714e+00
000781 8.255732e-01 -7.593444e+01 1.207956e+00
000782 8.134235e-01 -7.443200e+01 1.199179e+00
000783 8.003155e-01 -7.293636e+01 1.189369e+00
000784 7.849788e-01 -7.144336e+01 1.176896e+00
000785 7.639540e-01 -6.995600e+01 1.160600e+00
000786 7.450432e-01 -6.846260e+01 1.144297e+00
000787 7.252411e-01 -6.697132e+01 1.128317e+00
000788 7.107630e-01 -6.548911e+01 1.111896e+00
000789 6.946295e-01 -6.400515e+01 1.096104e+00
000790 6.777408e-01 -6.252551e+01 1.080622e+00
000791 6.587746e-01 -6.104536e+01 1.067484e+00
000792 6.370383e-01 -5.957557e+01 1.049226e+00
000793 6.135026e-01 -5.810346e+01 1.030981e+00
000794 5.856644e-01 -5.662762e+01 1.015669e+00
000795 5.571177e-01 -5.516060e+01 1.005763e+00
000796 5.253982e-01 -5.369802e+01 9.957028e-01
000797 4.907091e-01 -5.223668e+01 9.846881e-01
000798 4.561315e-01 -5.077854e+01 9.709516e-01
000799 4.235407e-01 -4.932287e+01 9.558653e-01
000800 3.928533e-01 -4.786940e+01 9.391869e-01
000801 3.621644e-01 -4.641797e+01 9.230089e-01
000802 3.335672e-01 -4.496842e+01 9.069681e-01
000803 3.070324e-01 -4.352559e+01 8.911135e-01
000804 2.806278e-01 -4.207912e+01 8.754699e-01
000805 2.543730e-01 -4.063656e+01 8.594365e-01
000806 2.281179e-01 -3.919717e+01 8.436096e-01
000807 2.029690e-01 -3.776252e+01 8.253285e-01
000808 1.777994e-01 -3.632796e+01 8.063360e-01
000809 1.537249e-01 -3.489508e+01 7.865138e-01
000810 1.326690e-01 -3.346381e+01 7.682861e-01
000811 1.133742e-01 -3.203604e+01 7.522313e-01
000812 9.746084e-02 -3.061396e+01 7.352840e-01
000813 8.482880e-02 -2.919399e+01 7.168959e-01
000814 7.224084e-02 -2.777753e+01 6.980984e-01
000815 6.062565e-02 -2.635596e+01 6.785993e-01
000816 5.256871e-02 -2.494768e+01 6.586934e-01
000817 4.390241e-02 -2.354342e+01 6.329309e-01
000818 3.720921e-02 -2.213989e+01 6.021743e-01
000819 3.232865e-02 -2.073844e+01 5.653751e-01
000820 2.925888e-02 -1.934063e+01 5.295576e-01
000821 2.669736e-02 -1.794366e+01 4.947389e-01
000822 2.516131e-02 -1.655026e+01 4.624741e-01
000823 2.416042e-02 -1.516614e+01 4.312538e-01
000824 2.354535e-02 -1.378259e+01 3.987551e-01
000825 2.158789e-02 -1.240382e+01 3.670075e-01
000826 1.528089e-02 -1.102737e+01 3.343854e-01
000827 8.955879e-03 -9.654739e+00 3.016035e-01
000828 -5.365659e-04 -8.285137e+00 2.716196e-01
000829 -9.785478e-03 -6.914129e+00 2.414501e-01
000830 -2.044470e-02 -5.548032e+00 2.108318e-01
000831 -3.114140e-02 -4.183286e+00 1.812868e-01
000832 -4.437224e-02 -2.818515e+00 1.473329e-01
000833 -5.789727e-02 -1.456295e+00 1.134699e-01
000834 -7.289734e-02 -9.070031e-02 7.816926e-02
000835 -8.864261e-02 1.269419e+00 4.590358e-02
000836 -1.031707e-01 2.629005e+00 1.177150e-02
000837 -1.175645e-01 3.988036e+00 -2.016324e-02
000838 -1.318827e-01 5.344099e+00 -5.346280e-02
000839 -1.458828e-01 6.704415e+00 -8.812058e-02
000840 -1.601769e-01 8.059835e+00 -1.221722e-01
000841 -1.750950e-01 9.415895e+00 -1.546373e-01
000842 -1.926087e-01 1.077107e+01 -1.870422e-01
000843 -2.081545e-01 1.212317e+01 -2.207459e-01
000844 -2.231040e-01 1.347733e+01 -2.534493e-01
000845 -2.355330e-01 1.483032e+01 -2.892015e-01
000846 -2.482197e-01 1.618093e+01 -3.237106e-01
000847 -2.588532e-01 1.753356e+01 -3.582793e-01
000848 -2.709142e-01 1.888305e+01 -3.936047e-01
000849 -2.833573e-01 2.023330e+01 -4.284891e-01
000850 -2.952092e-01 2.158016e+01 -4.630010e-01
000851 -3.094675e-01 2.292653e+01 -4.966128e-01
000852 -3.233764e-01 2.427308e+01 -5.315032e-01
000853 -3.380715e-01 2.561353e+01 -5.652421e-01
000854 -3.534582e-01 2.695489e+01 -5.991642e-01
000855 -3.674572e-01 2.829306e+01 -6.308020e-01
000856 -3.836725e-01 2.962384e+01 -6.611411e-01
000857 -3.976799e-01 3.095090e+01 -6.925713e-01
000858 -4.139985e-01 3.228248e+01 -7.240355e-01
000859 -4.270073e-01 3.360651e+01 -7.566562e-01
000860 -4.397568e-01 3.492691e+01 -7.887161e-01
000861 -4.515375e-01 3.624336e+01 -8.206355e-01
000862 -4.615286e-01 3.755497e+01 -8.517037e-01
000863 -4.718552e-01 3.886652e+01 -8.824570e-01
000864 -4.839122e-01 4.017377e+01 -9.115305e-01
000865 -4.974895e-01 4.148016e+01 -9.403596e-01
000866 -5.125043e-01 4.277845e+01 -9.685698e-01
000867 -5.346231e-01 4.407602e+01 -9.956525e-01
000868 -5.552041e-01 4.537317e+01 -1.019285e+00
000869 -5.782583e-01 4.667010e+01 -1.038533e+00
000870 -5.999916e-01 4.796111e+01 -1.053627e+00
000871 -6.230983e-01 4.924944e+01 -1.066505e+00
000872 -6.456359e-01 5.052765e+01 -1.075808e+00
000873 -6.740058e-01 5.181041e+01 -1.087279e+00
000874 -7.020633e-01 5.308722e+01 -1.100738e+00
000875 -7.311397e-01 5.436090e+01 -1.115793e+00
000876 -7.624769e-01 5.562948e+01 -1.130431e+00
000877 -7.942812e-01 5.690157e+01 -1.144783e+00
000878 -8.268987e-01 5.817085e+01 -1.159941e+00
000879 -8.597866e-01 5.943408e+01 -1.174664e+00
000880 -8.950914e-01 6.069463e+01 -1.188757e+00
000881 -9.282884e-01 6.194931e+01 -1.203865e+00
000882 -9.621792e-01 6.320740e+01 -1.218811e+00
000883 -9.961734e-01 6.445843e+01 -1.234090e+00
000884 -1.031828e+00 6.571017e+01 -1.250518e+00
000885 -1.068654e+00 6.695370e+01 -1.267809e+00
000886 -1.107414e+00 6.819143e+01 -1.284607e+00
000887 -1.148265e+00 6.943308e+01 -1.303043e+00
000888 -1.188155e+00 7.066875e+01 -1.321203e+00
000889 -1.227083e+00 7.190028e+01 -1.338073e+00
000890 -1.261385e+00 7.312719e+01 -1.354666e+00
000891 -1.293464e+00 7.434109e+01 -1.370635e+00
000892 -1.318225e+00 7.554359e+01 -1.387753e+00
000893 -1.337076e+00 7.672276e+01 -1.406295e+00
000894 -1.359396e+00 7.788694e+01 -1.424263e+00
000895 -1.377966e+00 7.903738e+01 -1.443308e+00
000896 -1.392300e+00 8.015990e+01 -1.459771e+00
000897 -1.402951e+00 8.126768e+01 -1.475612e+00
000898 -1.407266e+00 8.236682e+01 -1.495464e+00
000899 -1.406566e+00 8.346190e+01 -1.518542e+00
000900 -1.402636e+00 8.455751e+01 -1.542197e+00
000901 -1.397294e+00 8.565524e+01 -1.566145e+00
000902 -1.394094e+00 8.675113e+01 -1.587213e+00
000903 -1.391329e+00 8.783653e+01 -1.608126e+00
000904 -1.385563e+00 8.891917e+01 -1.630039e+00
000905 -1.380200e+00 8.999811e+01 -1.654701e+00
000906 -1.372397e+00 9.107568e+01 -1.681009e+00
000907 -1.363832e+00 9.214962e+01 -1.705257e+00
000908 -1.356111e+00 9.321864e+01 -1.726171e+00
000909 -1.348852e+00 9.428214e+01 -1.747689e+00
000910 -1.343107e+00 9.534468e+01 -1.769082e+00
000911 -1.341283e+00 9.639851e+01 -1.790649e+00
000912 -1.346362e+00 9.745206e+01 -1.812458e+00
000913 -1.357998e+00 9.850801e+01 -1.835038e+00
000914 -1.375059e+00 9.957007e+01 -1.861895e+00
000915 -1.397412e+00 1.006364e+02 -1.887691e+00
000916 -1.426691e+00 1.017103e+02 -1.913252e+00
000917 -1.463118e+00 1.027874e+02 -1.939200e+00
000918 -1.507808e+00 1.038682e+02 -1.964419e+00
000919 -1.561792e+00 1.049566e+02 -1.988222e+00
000920 -1.622720e+00 1.060502e+02 -2.010967e+00
000921 -1.686244e+00 1.071475e+02 -2.034406e+00
000922 -1.748773e+00 1.082514e+02 -2.056669e+00
000923 -1.806035e+00 1.093616e+02 -2.079756e+00
000924 -1.855701e+00 1.104821e+02 -2.102084e+00
000925 -1.897032e+00 1.116084e+02 -2.123092e+00
000926 -1.928092e+00 1.127436e+02 -2.145152e+00
000927 -1.949092e+00 1.138811e+02 -2.166434e+00
000928 -1.958712e+00 1.150263e+02 -2.187910e+00
000929 -1.956136e+00 1.161788e+02 -2.210288e+00
000930 -1.940135e+00 1.173414e+02 -2.235787e+00
000931 -1.913209e+00 1.185076e+02 -2.261146e+00
000932 -1.876270e+00 1.196839e+02 -2.286958e+00
000933 -1.833080e+00 1.208659e+02 -2.312120e+00
000934 -1.781388e+00 1.220560e+02 -2.338144e+00
000935 -1.725066e+00 1.232581e+02 -2.362701e+00
000936 -1.665951e+00 1.244659e+02 -2.387598e+00
000937 -1.602097e+00 1.256836e+02 -2.410925e+00
000938 -1.529042e+00 1.269096e+02 -2.432251e+00
000939 -1.454190e+00 1.281428e+02 -2.455779e+00
000940 -1.374919e+00 1.293864e+02 -2.480551e+00
000941 -1.292610e+00 1.306411e+02 -2.504395e+00
000942 -1.212752e+00 1.319105e+02 -2.530425e+00
000943 -1.135332e+00 1.331888e+02 -2.552624e+00
000944 -1.063477e+00 1.344809e+02 -2.571936e+00
000945 -9.982536e-01 1.357808e+02 -2.593743e+00
000946 -9.419915e-01 1.370887e+02 -2.613858e+00
000947 -8.957984e-01 1.384140e+02 -2.633690e+00
000948 -8.600700e-01 1.397491e+02 -2.654048e+00
000949 -8.326782e-01 1.410912e+02 -2.674907e+00
000950 -8.166247e-01 1.424513e+02 -2.693332e+00
000951 -8.082126e-01 1.438175e+02 -2.711653e+00
000952 -8.063071e-01 1.451909e+02 -2.728963e+00
000953 -8.107742e-01 1.465742e+02 -2.750987e+00
000954 -8.181994e-01 1.479621e+02 -2.779541e+00
000955 -8.311338e-01 1.493663e+02 -2.811042e+00
000956 -8.465134e-01 1.507791e+02 -2.846681e+00
000957 -8.636978e-01 1.522017e+02 -2.884423e+00
000958 -8.818614e-01 1.536297e+02 -2.922677e+00
000959 -9.031410e-01 1.550655e+02 -2.959476e+00
000960 -9.252286e-01 1.565082e+02 -2.995496e+00
000961 -9.505879e-01 1.579490e+02 -3.030265e+00
000962 -9.765171e-01 1.593917e+02 -3.064935e+00
000963 -1.007339e+00 1.608317e+02 -3.096653e+00
000964 -1.039444e+00 1.622714e+02 -3.129506e+00
000965 -1.075629e+00 1.637088e+02 -3.162047e+00
000966 -1.112662e+00 1.651447e+02 -3.196968e+00
000967 -1.150964e+00 1.665807e+02 -3.232057e+00
000968 -1.188887e+00 1.680142e+02 -3.267867e+00
000969 -1.225583e+00 1.694545e+02 -3.303343e+00
000970 -1.262468e+00 1.708876e+02 -3.337774e+00
000971 -1.297634e+00 1.723194e+02 -3.371687e+00
000972 -1.333194e+00 1.737467e+02 -3.405560e+00
000973 -1.366304e+00 1.751688e+02 -3.440420e+00
000974 -1.398479e+00 1.765929e+02 -3.475354e+00
000975 -1.427528e+00 1.780112e+02 -3.511715e+00
000976 -1.453391e+00 1.794251e+02 -3.547073e+00
000977 -1.476326e+00 1.808386e+02 -3.583634e+00
000978 -1.498241e+00 1.822502e+02 -3.619675e+00
000979 -1.518870e+00 1.836608e+02 -3.652469e+00
000980 -1.539735e+00 1.850616e+02 -3.680137e+00
000981 -1.559212e+00 1.864556e+02 -3.708117e+00
000982 -1.576113e+00 1.878484e+02 -3.742055e+00
000983 -1.590302e+00 1.892418e+02 -3.777663e+00
000984 -1.603074e+00 1.906344e+02 -3.811744e+00
000985 -1.613327e+00 1.920206e+02 -3.843743e+00
000986 -1.623756e+00 1.934008e+02 -3.875123e+00
000987 -1.633867e+00 1.947764e+02 -3.905876e+00
000988 -1.645539e+00 1.961509e+02 -3.938930e+00
000989 -1.657445e+00 1.975229e+02 -3.973595e+00
000990 -1.669867e+00 1.988896e+02 -4.009132e+00
000991 -1.682304e+00 2.002547e+02 -4.042827e+00
000992 -1.694878e+00 2.016110e+02 -4.074851e+00
000993 -1.705984e+00 2.029698e+02 -4.106859e+00
000994 -1.717412e+00 2.043226e+02 -4.139885e+00
000995 -1.727574e+00 2.056689e+02 -4.171862e+00
000996 -1.737778e+00 2.070122e+02 -4.204811e+00
000997 -1.746442e+00 2.083506e+02 -4.238781e+00
000998 -1.757196e+00 2.096908e+02 -4.270954e+00
000999 -1.768399e+00 2.110251e+02 -4.303818e+00
001000 -1.780005e+00 2.123505e+02 -4.335485e+00
001001 -1.792488e+00 2.136668e+02 -4.366042e+00
001002 -1.802728e+00 2.149667e+02 -4.397364e+00
001003 -1.814957e+00 2.162478e+02 -4.428604e+00
001004 -1.826714e+00 2.175072e+02 -4.458316e+00
001005 -1.842513e+00 2.187426e+02 -4.486884e+00
001006 -1.859734e+00 2.199508e+02 -4.515014e+00
001007 -1.877890e+00 2.211287e+02 -4.540479e+00
001008 -1.895168e+00 2.222852e+02 -4.569335e+00
001009 -1.917244e+00 2.234108e+02 -4.598297e+00
001010 -1.941670e+00 2.245051e+02 -4.625178e+00
001011 -1.971966e+00 2.255672e+02 -4.651833e+00
001012 -2.004581e+00 2.266035e+02 -4.679495e+00
001013 -2.040151e+00 2.276035e+02 -4.706339e+00
001014 -2.073778e+00 2.285742e+02 -4.731016e+00
001015 -2.106014e+00 2.295125e+02 -4.755443e+00
001016 -2.139617e+00 2.304146e+02 -4.778138e+00
001017 -2.174190e+00 2.312868e+02 -4.799162e+00
001018 -2.207888e+00 2.321263e+02 -4.818374e+00
001019 -2.243669e+00 2.329333e+02 -4.838575e+00
001020 -2.280068e+00 2.337189e+02 -4.860372e+00
001021 -2.314971e+00 2.344921e+02 -4.881633e+00
001022 -2.346879e+00 2.352654e+02 -4.903083e+00
001023 -2.372559e+00 2.360372e+02 -4.923693e+00
001024 -2.391165e+00 2.368075e+02 -4.943065e+00
001025 -2.406340e+00 2.375762e+02 -4.961684e+00
001026 -2.421540e+00 2.383384e+02 -4.979606e+00
001027 -2.438172e+00 2.391021e+02 -4.997815e+00
001028 -2.449188e+00 2.398593e+02 -5.016120e+00
001029 -2.457471e+00 2.406138e+02 -5.032857e+00
001030 -2.464848e+00 2.413652e+02 -5.049016e+00
001031 -2.471118e+00 2.421130e+02 -5.064022e+00
001032 -2.477940e+00 2.428585e+02 -5.076752e+00
001033 -2.481229e+00 2.436012e+02 -5.090455e+00
001034 -2.485941e+00 2.443383e+02 -5.103671e+00
001035 -2.487604e+00 2.450752e+02 -5.118722e+00
001036 -2.493249e+00 2.458164e+02 -5.131839e+00
001037 -2.494730e+00 2.465623e+02 -5.147361e+00
001038 -2.497272e+00 2.473157e+02 -5.164438e+00
001039 -2.498606e+00 2.480723e+02 -5.182585e+00
001040 -2.503085e+00 2.488329e+02 -5.199298e+00
001041 -2.506486e+00 2.495991e+02 -5.218219e+00
001042 -2.508505e+00 2.503665e+02 -5.237784e+00
001043 -2.505563e+00 2.511395e+02 -5.256841e+00
001044 -2.503453e+00 2.519216e+02 -5.273084e+00
001045 -2.508541e+00 2.527116e+02 -5.289235e+00
001046 -2.507121e+00 2.535088e+02 -5.306929e+00
001047 -2.498934e+00 2.543037e+02 -5.321532e+00
001048 -2.491981e+00 2.550990e+02 -5.336196e+00
001049 -2.485561e+00 2.559000e+02 -5.351123e+00
001050 -2.475778e+00 2.567068e+02 -5.370200e+00
001051 -2.461593e+00 2.575259e+02 -5.392720e+00
001052 -2.442073e+00 2.583481e+02 -5.414196e+00
001053 -2.418788e+00 2.591759e+02 -5.432422e+00
001054 -2.398099e+00 2.600072e+02 -5.451575e+00
001055 -2.379400e+00 2.608436e+02 -5.472421e+00
001056 -2.357178e+00 2.616878e+02 -5.492976e+00
001057 -2.331649e+00 2.625408e+02 -5.513461e+00
001058 -2.305211e+00 2.634078e+02 -5.536213e+00
001059 -2.278446e+00 2.642827e+02 -5.560785e+00
001060 -2.248880e+00 2.651670e+02 -5.585020e+00
001061 -2.217026e+00 2.660593e+02 -5.608340e+00
001062 -2.181048e+00 2.669604e+02 -5.632766e+00
001063 -2.144562e+00 2.678693e+02 -5.657825e+00
001064 -2.107091e+00 2.687872e+02 -5.684566e+00
001065 -2.072995e+00 2.697117e+02 -5.710527e+00
001066 -2.039857e+00 2.706435e+02 -5.735484e+00
001067 -2.008137e+00 2.715780e+02 -5.759967e+00
001068 -1.977183e+00 2.725156e+02 -5.786935e+00
001069 -1.948577e+00 2.734511e+02 -5.813039e+00
001070 -1.923694e+00 2.743868e+02 -5.837506e+00
001071 -1.903306e+00 2.753220e+02 -5.862752e+00
001072 -1.886301e+00 2.762556e+02 -5.888992e+00
001073 -1.871958e+00 2.771894e+02 -5.914599e+00
001074 -1.860171e+00 2.781217e+02 -5.940087e+00
001075 -1.850165e+00 2.790549e+02 -5.965237e+00
001076 -1.841130e+00 2.799822e+02 -5.989292e+00
001077 -1.834878e+00 2.809067e+02 -6.011766e+00
001078 -1.829538e+00 2.818284e+02 -6.033194e+00
001079 -1.824423e+00 2.827472e+02 -6.054240e+00
001080 -1.820378e+00 2.836626e+02 -6.076007e+00
001081 -1.819188e+00 2.845738e+02 -6.097253e+00
001082 -1.820078e+00 2.854729e+02 -6.118356e+00
001083 -1.821293e+00 2.863559e+02 -6.140076e+00
001084 -1.824665e+00 2.872165e+02 -6.162957e+00
001085 -1.831132e+00 2.880602e+02 -6.186044e+00
001086 -1.835812e+00 2.888905e+02 -6.208970e+00
001087 -1.838573e+00 2.897169e+02 -6.232745e+00
001088 -1.841599e+00 2.905416e+02 -6.257807e+00
001089 -1.843827e+00 2.913657e+02 -6.281585e+00
001090 -1.844053e+00 2.921857e+02 -6.305431e+00
001091 -1.843243e+00 2.930004e+02 -6.332348e+00
001092 -1.840209e+00 2.938122e+02 -6.360716e+00
001093 -1.836186e+00 2.946199e+02 -6.387429e+00
001094 -1.829836e+00 2.954284e+02 -6.414405e+00
001095 -1.823832e+00 2.962317e+02 -6.440313e+00
001096 -1.817940e+00 2.970309e+02 -6.464190e+00
001097 -1.814744e+00 2.978283e+02 -6.486179e+00
001098 -1.812035e+00 2.986243e+02 -6.506511e+00
001099 -1.809517e+00 2.994226e+02 -6.524789e+00
001100 -1.807621e+00 3.002232e+02 -6.541554e+00
