000000 5.551115e-17 2.220446e-16 0.000000e+00
000001 -4.596714e-03 9.154274e-02 -2.001524e-03
000002 -1.001116e-02 1.857373e-01 -4.359704e-03
000003 -1.753371e-02 2.834672e-01 -6.859665e-03
000004 -2.863192e-02 3.873100e-01 -6.726660e-03
000005 -4.273697e-02 5.011396e-01 -7.303015e-03
000006 -6.000009e-02 6.279359e-01 -8.065471e-03
000007 -8.275693e-02 7.669396e-01 -8.995000e-03
000008 -1.090497e-01 9.191805e-01 -1.033982e-02
000009 -1.415335e-01 1.081913e+00 -1.195088e-02
000010 -1.816057e-01 1.251378e+00 -1.604515e-02
000011 -2.325643e-01 1.425643e+00 -2.265364e-02
000012 -2.934590e-01 1.604140e+00 -3.116429e-02
000013 -3.616512e-01 1.788640e+00 -3.933357e-02
000014 -4.366243e-01 1.979231e+00 -4.313507e-02
000015 -5.224919e-01 2.173020e+00 -4.573638e-02
000016 -6.200940e-01 2.368741e+00 -4.902232e-02
000017 -7.248452e-01 2.565689e+00 -5.140743e-02
000018 -8.394934e-01 2.758285e+00 -5.397789e-02
000019 -9.687591e-01 2.950416e+00 -5.101001e-02
000020 -1.103633e+00 3.142085e+00 -4.676236e-02
000021 -1.242764e+00 3.333105e+00 -4.292676e-02
000022 -1.392475e+00 3.523028e+00 -4.238966e-02
000023 -1.564446e+00 3.706267e+00 -4.491985e-02
000024 -1.761568e+00 3.880703e+00 -4.899414e-02
000025 -1.969361e+00 4.049498e+00 -5.141144e-02
000026 -2.187835e+00 4.215884e+00 -5.358748e-02
000027 -2.415527e+00 4.382391e+00 -5.318918e-02
000028 -2.663146e+00 4.540774e+00 -5.287039e-02
000029 -2.929115e+00 4.687680e+00 -5.283789e-02
000030 -3.215512e+00 4.824434e+00 -5.138930e-02
000031 -3.517839e+00 4.948178e+00 -4.877551e-02
000032 -3.836955e+00 5.057271e+00 -4.505658e-02
000033 -4.177130e+00 5.153468e+00 -3.878842e-02
000034 -4.534335e+00 5.233794e+00 -3.325067e-02
000035 -4.911075e+00 5.302451e+00 -2.945435e-02
000036 -5.299329e+00 5.360943e+00 -2.697748e-02
000037 -5.701357e+00 5.401694e+00 -2.303083e-02
000038 -6.122091e+00 5.421290e+00 -1.604266e-02
000039 -6.558994e+00 5.427674e+00 -5.757046e-03
000040 -7.009091e+00 5.424017e+00 6.191584e-03
000041 -7.473426e+00 5.410697e+00 1.625113e-02
000042 -7.950411e+00 5.389282e+00 2.306424e-02
000043 -8.444612e+00 5.353644e+00 3.066422e-02
000044 -8.953007e+00 5.310729e+00 4.057477e-02
000045 -9.480377e+00 5.263869e+00 5.248992e-02
000046 -1.002302e+01 5.211227e+00 6.141731e-02
000047 -1.057921e+01 5.153075e+00 6.596199e-02
000048 -1.115274e+01 5.088360e+00 6.936405e-02
000049 -1.173941e+01 5.025880e+00 7.855473e-02
000050 -1.234412e+01 4.964841e+00 9.123047e-02
000051 -1.296427e+01 4.901812e+00 1.026715e-01
000052 -1.360015e+01 4.835681e+00 1.095163e-01
000053 -1.425164e+01 4.767225e+00 1.178242e-01
000054 -1.491341e+01 4.697363e+00 1.296149e-01
000055 -1.559372e+01 4.629999e+00 1.450798e-01
000056 -1.629098e+01 4.563302e+00 1.622254e-01
000057 -1.700478e+01 4.494630e+00 1.770188e-01
000058 -1.773322e+01 4.426532e+00 1.905594e-01
000059 -1.847183e+01 4.359249e+00 2.092753e-01
000060 -1.922427e+01 4.290984e+00 2.305555e-01
000061 -1.998833e+01 4.223122e+00 2.503189e-01
000062 -2.077310e+01 4.161929e+00 2.703516e-01
000063 -2.156448e+01 4.100217e+00 2.880249e-01
000064 -2.236419e+01 4.035961e+00 3.062236e-01
000065 -2.316415e+01 3.971019e+00 3.216152e-01
000066 -2.396950e+01 3.908970e+00 3.342058e-01
000067 -2.478947e+01 3.849052e+00 3.492536e-01
000068 -2.561886e+01 3.786079e+00 3.615096e-01
000069 -2.646136e+01 3.716343e+00 3.717697e-01
000070 -2.730755e+01 3.644752e+00 3.854991e-01
000071 -2.815287e+01 3.569541e+00 4.028815e-01
000072 -2.899762e+01 3.492898e+00 4.194172e-01
000073 -2.983721e+01 3.418460e+00 4.370064e-01
000074 -3.067424e+01 3.346046e+00 4.566603e-01
000075 -3.151586e+01 3.271990e+00 4.763855e-01
000076 -3.235442e+01 3.198821e+00 4.917256e-01
000077 -3.319517e+01 3.123626e+00 5.076454e-01
000078 -3.402626e+01 3.051261e+00 5.241899e-01
000079 -3.486004e+01 2.980358e+00 5.386702e-01
000080 -3.569639e+01 2.910621e+00 5.500320e-01
000081 -3.653345e+01 2.843137e+00 5.579548e-01
000082 -3.737375e+01 2.775070e+00 5.707777e-01
000083 -3.821476e+01 2.706985e+00 5.878615e-01
000084 -3.904918e+01 2.638855e+00 6.055646e-01
000085 -3.988167e+01 2.572257e+00 6.246496e-01
000086 -4.071171e+01 2.504806e+00 6.464858e-01
000087 -4.153840e+01 2.436154e+00 6.640169e-01
000088 -4.236520e+01 2.363072e+00 6.807227e-01
000089 -4.319143e+01 2.290205e+00 6.977483e-01
000090 -4.401519e+01 2.223683e+00 7.092788e-01
000091 -4.483883e+01 2.160908e+00 7.206987e-01
000092 -4.566121e+01 2.096619e+00 7.331961e-01
000093 -4.648335e+01 2.028253e+00 7.434451e-01
000094 -4.730744e+01 1.959122e+00 7.534145e-01
000095 -4.812333e+01 1.890493e+00 7.646921e-01
000096 -4.893314e+01 1.820295e+00 7.767209e-01
000097 -4.973553e+01 1.740695e+00 7.874193e-01
000098 -5.053252e+01 1.659366e+00 7.989932e-01
000099 -5.132871e+01 1.575304e+00 8.126433e-01
000100 -5.212276e+01 1.493752e+00 8.219496e-01
000101 -5.291590e+01 1.416807e+00 8.317695e-01
000102 -5.370196e+01 1.337479e+00 8.419538e-01
000103 -5.448400e+01 1.258994e+00 8.494927e-01
000104 -5.526303e+01 1.184702e+00 8.601357e-01
000105 -5.603808e+01 1.110756e+00 8.696735e-01
000106 -5.681074e+01 1.032637e+00 8.820234e-01
000107 -5.757460e+01 9.565390e-01 8.957003e-01
000108 -5.833039e+01 8.830630e-01 9.106542e-01
000109 -5.907759e+01 8.100074e-01 9.234551e-01
000110 -5.981040e+01 7.359683e-01 9.337799e-01
000111 -6.053658e+01 6.623665e-01 9.432177e-01
000112 -6.124548e+01 5.919478e-01 9.508013e-01
000113 -6.194033e+01 5.237598e-01 9.565112e-01
000114 -6.262022e+01 4.617179e-01 9.607290e-01
000115 -6.328551e+01 4.088407e-01 9.654748e-01
000116 -6.393546e+01 3.622951e-01 9.696725e-01
000117 -6.457047e+01 3.201877e-01 9.742130e-01
000118 -6.518991e+01 2.859581e-01 9.801827e-01
000119 -6.579136e+01 2.627668e-01 9.882448e-01
000120 -6.637563e+01 2.555668e-01 9.966522e-01
000121 -6.693703e+01 2.646196e-01 1.003712e+00
000122 -6.747673e+01 2.941699e-01 1.009213e+00
000123 -6.799052e+01 3.455598e-01 1.013813e+00
000124 -6.848214e+01 4.164808e-01 1.016477e+00
000125 -6.895412e+01 5.048813e-01 1.019824e+00
000126 -6.940376e+01 6.110892e-01 1.021543e+00
000127 -6.984846e+01 7.419667e-01 1.023928e+00
000128 -7.027047e+01 8.955753e-01 1.024337e+00
000129 -7.068171e+01 1.080744e+00 1.023888e+00
000130 -7.106861e+01 1.285746e+00 1.025888e+00
000131 -7.145144e+01 1.513560e+00 1.032362e+00
000132 -7.181419e+01 1.753829e+00 1.040291e+00
000133 -7.217075e+01 2.013647e+00 1.045549e+00
000134 -7.250742e+01 2.296944e+00 1.049184e+00
000135 -7.281071e+01 2.601772e+00 1.052187e+00
000136 -7.310855e+01 2.908665e+00 1.052214e+00
000137 -7.338524e+01 3.220823e+00 1.051991e+00
000138 -7.365932e+01 3.554385e+00 1.056081e+00
000139 -7.391333e+01 3.911270e+00 1.058753e+00
000140 -7.416588e+01 4.300551e+00 1.057855e+00
000141 -7.440171e+01 4.718510e+00 1.057076e+00
000142 -7.461515e+01 5.155827e+00 1.053457e+00
000143 -7.482560e+01 5.623155e+00 1.044844e+00
000144 -7.501816e+01 6.110247e+00 1.038119e+00
000145 -7.520557e+01 6.618096e+00 1.035836e+00
000146 -7.537989e+01 7.151976e+00 1.030282e+00
000147 -7.553930e+01 7.706095e+00 1.020134e+00
000148 -7.569196e+01 8.281091e+00 1.010452e+00
000149 -7.583698e+01 8.874404e+00 1.004688e+00
000150 -7.598069e+01 9.486418e+00 9.966334e-01
000151 -7.612225e+01 1.011220e+01 9.889481e-01
000152 -7.625804e+01 1.075522e+01 9.812746e-01
000153 -7.637903e+01 1.141499e+01 9.768095e-01
000154 -7.649294e+01 1.209150e+01 9.734490e-01
000155 -7.660203e+01 1.278422e+01 9.705966e-01
000156 -7.670271e+01 1.349407e+01 9.650851e-01
000157 -7.679658e+01 1.421250e+01 9.546485e-01
000158 -7.688462e+01 1.494545e+01 9.437305e-01
000159 -7.696463e+01 1.568785e+01 9.352274e-01
000160 -7.704091e+01 1.644684e+01 9.267552e-01
000161 -7.711873e+01 1.721856e+01 9.133109e-01
000162 -7.719881e+01 1.799359e+01 8.975356e-01
000163 -7.727201e+01 1.876754e+01 8.859440e-01
000164 -7.733723e+01 1.953401e+01 8.765600e-01
000165 -7.740244e+01 2.030151e+01 8.673710e-01
000166 -7.746374e+01 2.107246e+01 8.595219e-01
000167 -7.752113e+01 2.184296e+01 8.514204e-01
000168 -7.757340e+01 2.261434e+01 8.408161e-01
000169 -7.762210e+01 2.337766e+01 8.279106e-01
000170 -7.767675e+01 2.413827e+01 8.191268e-01
000171 -7.773420e+01 2.489811e+01 8.046718e-01
000172 -7.778961e+01 2.565478e+01 7.903154e-01
000173 -7.784614e+01 2.642191e+01 7.739409e-01
000174 -7.790878e+01 2.718067e+01 7.508496e-01
000175 -7.796897e+01 2.793923e+01 7.293732e-01
000176 -7.802007e+01 2.869200e+01 7.137060e-01
000177 -7.806469e+01 2.944067e+01 6.969693e-01
000178 -7.810970e+01 3.019277e+01 6.798769e-01
000179 -7.815548e+01 3.094569e+01 6.647429e-01
000180 -7.819810e+01 3.170130e+01 6.476766e-01
000181 -7.824233e+01 3.246413e+01 6.301632e-01
000182 -7.829498e+01 3.323079e+01 6.149092e-01
000183 -7.834624e+01 3.400093e+01 5.990528e-01
000184 -7.839928e+01 3.477685e+01 5.789981e-01
000185 -7.844974e+01 3.556152e+01 5.641545e-01
000186 -7.850718e+01 3.634754e+01 5.473641e-01
000187 -7.857152e+01 3.714347e+01 5.285291e-01
000188 -7.863617e+01 3.793752e+01 5.110168e-01
000189 -7.870040e+01 3.873523e+01 4.940833e-01
000190 -7.876270e+01 3.954602e+01 4.825696e-01
000191 -7.882862e+01 4.036454e+01 4.646182e-01
000192 -7.889593e+01 4.119468e+01 4.461482e-01
000193 -7.895989e+01 4.203064e+01 4.339025e-01
000194 -7.902897e+01 4.287429e+01 4.207820e-01
000195 -7.910034e+01 4.372474e+01 4.039919e-01
000196 -7.917130e+01 4.457894e+01 3.888969e-01
000197 -7.924668e+01 4.543863e+01 3.756583e-01
000198 -7.931863e+01 4.629920e+01 3.639286e-01
000199 -7.938492e+01 4.716296e+01 3.498958e-01
000200 -7.944527e+01 4.803166e+01 3.344377e-01
000201 -7.950861e+01 4.890207e+01 3.209956e-01
000202 -7.957376e+01 4.977895e+01 3.027919e-01
000203 -7.963392e+01 5.065630e+01 2.867505e-01
000204 -7.969742e+01 5.152945e+01 2.720427e-01
000205 -7.976468e+01 5.239664e+01 2.574406e-01
000206 -7.983358e+01 5.325480e+01 2.408602e-01
000207 -7.990039e+01 5.411350e+01 2.201002e-01
000208 -7.996964e+01 5.496562e+01 1.922996e-01
000209 -8.003259e+01 5.581906e+01 1.649343e-01
000210 -8.009273e+01 5.667063e+01 1.408072e-01
000211 -8.015558e+01 5.752689e+01 1.161116e-01
000212 -8.022244e+01 5.837775e+01 9.233457e-02
000213 -8.028086e+01 5.921310e+01 7.510008e-02
000214 -8.033871e+01 6.004264e+01 5.914325e-02
000215 -8.040305e+01 6.087223e+01 4.000654e-02
000216 -8.047401e+01 6.169567e+01 1.826730e-02
000217 -8.054972e+01 6.251365e+01 -3.742664e-03
000218 -8.062089e+01 6.332787e+01 -2.632294e-02
000219 -8.069604e+01 6.413629e+01 -5.452812e-02
000220 -8.077810e+01 6.494508e+01 -8.379998e-02
000221 -8.085967e+01 6.575279e+01 -1.090773e-01
000222 -8.094518e+01 6.655929e+01 -1.360470e-01
000223 -8.103408e+01 6.736350e+01 -1.573834e-01
000224 -8.112341e+01 6.815999e+01 -1.755819e-01
000225 -8.121916e+01 6.894880e+01 -1.913565e-01
000226 -8.131685e+01 6.973955e+01 -2.042169e-01
000227 -8.142164e+01 7.052030e+01 -2.174815e-01
000228 -8.154226e+01 7.129191e+01 -2.305564e-01
000229 -8.166368e+01 7.205943e+01 -2.426308e-01
000230 -8.178344e+01 7.282193e+01 -2.550723e-01
000231 -8.191089e+01 7.358474e+01 -2.691768e-01
000232 -8.204910e+01 7.434335e+01 -2.836517e-01
000233 -8.218657e+01 7.510124e+01 -2.975894e-01
000234 -8.232699e+01 7.585198e+01 -3.160459e-01
000235 -8.246709e+01 7.659470e+01 -3.273793e-01
000236 -8.261416e+01 7.733161e+01 -3.380953e-01
000237 -8.276564e+01 7.806923e+01 -3.542448e-01
000238 -8.293034e+01 7.880777e+01 -3.753983e-01
000239 -8.310119e+01 7.954411e+01 -3.866320e-01
000240 -8.328409e+01 8.028097e+01 -3.994934e-01
000241 -8.346726e+01 8.101060e+01 -4.083909e-01
000242 -8.365790e+01 8.172568e+01 -4.178227e-01
000243 -8.385643e+01 8.243070e+01 -4.258951e-01
000244 -8.405742e+01 8.314038e+01 -4.274942e-01
000245 -8.426582e+01 8.386239e+01 -4.288742e-01
000246 -8.449278e+01 8.458416e+01 -4.369496e-01
000247 -8.472751e+01 8.530299e+01 -4.424402e-01
000248 -8.496507e+01 8.601174e+01 -4.446969e-01
000249 -8.521230e+01 8.671556e+01 -4.477484e-01
000250 -8.546879e+01 8.741701e+01 -4.551185e-01
000251 -8.572668e+01 8.811804e+01 -4.633066e-01
000252 -8.599632e+01 8.882079e+01 -4.725988e-01
000253 -8.628029e+01 8.952111e+01 -4.872714e-01
000254 -8.656905e+01 9.021553e+01 -4.896331e-01
000255 -8.686039e+01 9.091809e+01 -4.833979e-01
000256 -8.715878e+01 9.162194e+01 -4.804139e-01
000257 -8.747632e+01 9.231850e+01 -4.825025e-01
000258 -8.780250e+01 9.300351e+01 -4.756232e-01
000259 -8.811795e+01 9.368698e+01 -4.680556e-01
000260 -8.842784e+01 9.437577e+01 -4.619748e-01
000261 -8.874901e+01 9.506817e+01 -4.631796e-01
000262 -8.908452e+01 9.576606e+01 -4.666220e-01
000263 -8.941637e+01 9.646571e+01 -4.736535e-01
000264 -8.974796e+01 9.716351e+01 -4.788901e-01
000265 -9.008495e+01 9.784976e+01 -4.847031e-01
000266 -9.042665e+01 9.853474e+01 -4.875902e-01
000267 -9.077493e+01 9.921955e+01 -4.958138e-01
000268 -9.113104e+01 9.990950e+01 -5.064823e-01
000269 -9.148703e+01 1.005948e+02 -5.172294e-01
000270 -9.184000e+01 1.012774e+02 -5.261980e-01
000271 -9.219617e+01 1.019541e+02 -5.349382e-01
000272 -9.255294e+01 1.026273e+02 -5.434586e-01
000273 -9.291478e+01 1.032961e+02 -5.511717e-01
000274 -9.328321e+01 1.039601e+02 -5.589669e-01
000275 -9.365046e+01 1.046187e+02 -5.659964e-01
000276 -9.401507e+01 1.052674e+02 -5.767572e-01
000277 -9.438211e+01 1.059103e+02 -5.883920e-01
000278 -9.474824e+01 1.065472e+02 -5.980777e-01
000279 -9.512335e+01 1.071878e+02 -6.050065e-01
000280 -9.549621e+01 1.078233e+02 -6.134439e-01
000281 -9.586451e+01 1.084529e+02 -6.210034e-01
000282 -9.622320e+01 1.090677e+02 -6.251307e-01
000283 -9.657402e+01 1.096683e+02 -6.245992e-01
000284 -9.692077e+01 1.102481e+02 -6.262052e-01
000285 -9.726338e+01 1.108135e+02 -6.273272e-01
000286 -9.760083e+01 1.113654e+02 -6.270850e-01
000287 -9.792433e+01 1.119025e+02 -6.283274e-01
000288 -9.824175e+01 1.124233e+02 -6.324615e-01
000289 -9.855027e+01 1.129252e+02 -6.360649e-01
000290 -9.884348e+01 1.134056e+02 -6.367940e-01
000291 -9.912485e+01 1.138657e+02 -6.384109e-01
000292 -9.939682e+01 1.143023e+02 -6.400806e-01
000293 -9.966423e+01 1.147173e+02 -6.481915e-01
000294 -9.991884e+01 1.151137e+02 -6.560401e-01
000295 -1.001623e+02 1.154941e+02 -6.586289e-01
000296 -1.003993e+02 1.158608e+02 -6.585884e-01
000297 -1.006332e+02 1.162046e+02 -6.607942e-01
000298 -1.008652e+02 1.165286e+02 -6.647242e-01
000299 -1.010904e+02 1.168348e+02 -6.694671e-01
000300 -1.013056e+02 1.171266e+02 -6.713923e-01
000301 -1.015060e+02 1.174011e+02 -6.722784e-01
000302 -1.016929e+02 1.176574e+02 -6.721459e-01
000303 -1.018739e+02 1.178992e+02 -6.729960e-01
000304 -1.020513e+02 1.181220e+02 -6.736387e-01
000305 -1.022292e+02 1.183256e+02 -6.753232e-01
000306 -1.024053e+02 1.185086e+02 -6.766433e-01
000307 -1.025760e+02 1.186815e+02 -6.819095e-01
000308 -1.027420e+02 1.188380e+02 -6.858513e-01
000309 -1.029018e+02 1.189816e+02 -6.870036e-01
000310 -1.030684e+02 1.191160e+02 -6.855969e-01
000311 -1.032450e+02 1.192422e+02 -6.827537e-01
000312 -1.034183e+02 1.193668e+02 -6.819887e-01
000313 -1.035947e+02 1.194976e+02 -6.769315e-01
000314 -1.037731e+02 1.196238e+02 -6.726550e-01
000315 -1.039548e+02 1.197348e+02 -6.680274e-01
000316 -1.041481e+02 1.198384e+02 -6.624189e-01
000317 -1.043385e+02 1.199342e+02 -6.580382e-01
000318 -1.045336e+02 1.200291e+02 -6.558701e-01
000319 -1.047330e+02 1.201137e+02 -6.537004e-01
000320 -1.049312e+02 1.201854e+02 -6.515101e-01
000321 -1.051362e+02 1.202566e+02 -6.502394e-01
000322 -1.053437e+02 1.203283e+02 -6.512383e-01
000323 -1.055582e+02 1.203886e+02 -6.512936e-01
000324 -1.058016e+02 1.204520e+02 -6.467220e-01
000325 -1.060565e+02 1.205003e+02 -6.404796e-01
000326 -1.063408e+02 1.205536e+02 -6.320823e-01
000327 -1.066408e+02 1.205994e+02 -6.251645e-01
000328 -1.069460e+02 1.206206e+02 -6.151359e-01
000329 -1.072795e+02 1.206402e+02 -6.047007e-01
000330 -1.076301e+02 1.206434e+02 -5.937682e-01
000331 -1.079733e+02 1.206163e+02 -5.851771e-01
000332 -1.083468e+02 1.205908e+02 -5.780578e-01
000333 -1.087113e+02 1.205308e+02 -5.724405e-01
000334 -1.091034e+02 1.204648e+02 -5.651093e-01
000335 -1.095039e+02 1.203764e+02 -5.571731e-01
000336 -1.098936e+02 1.202526e+02 -5.498158e-01
000337 -1.103105e+02 1.201212e+02 -5.385017e-01
000338 -1.107358e+02 1.199688e+02 -5.271191e-01
000339 -1.111598e+02 1.197761e+02 -5.145431e-01
000340 -1.116037e+02 1.195688e+02 -5.003029e-01
000341 -1.120419e+02 1.193248e+02 -4.860644e-01
000342 -1.124967e+02 1.190622e+02 -4.701443e-01
000343 -1.129599e+02 1.187686e+02 -4.518107e-01
000344 -1.134215e+02 1.184470e+02 -4.332770e-01
000345 -1.138987e+02 1.181067e+02 -4.140913e-01
000346 -1.143790e+02 1.177492e+02 -4.005528e-01
000347 -1.148756e+02 1.173755e+02 -3.846543e-01
000348 -1.153845e+02 1.169889e+02 -3.685473e-01
000349 -1.159072e+02 1.165875e+02 -3.511796e-01
000350 -1.164394e+02 1.161705e+02 -3.334200e-01
000351 -1.169780e+02 1.157373e+02 -3.145039e-01
000352 -1.175268e+02 1.152919e+02 -2.939813e-01
000353 -1.180864e+02 1.148352e+02 -2.732940e-01
000354 -1.186599e+02 1.143662e+02 -2.513318e-01
000355 -1.192396e+02 1.138874e+02 -2.283537e-01
000356 -1.198351e+02 1.133947e+02 -2.043772e-01
000357 -1.204389e+02 1.128933e+02 -1.816124e-01
000358 -1.210569e+02 1.123812e+02 -1.575086e-01
000359 -1.216870e+02 1.118577e+02 -1.322116e-01
000360 -1.223282e+02 1.113222e+02 -1.050706e-01
000361 -1.229704e+02 1.107728e+02 -7.535629e-02
000362 -1.236258e+02 1.102135e+02 -4.736641e-02
000363 -1.242849e+02 1.096502e+02 -1.867648e-02
000364 -1.249562e+02 1.090798e+02 1.110994e-02
000365 -1.256369e+02 1.085006e+02 4.221843e-02
000366 -1.263320e+02 1.079136e+02 7.133427e-02
000367 -1.270372e+02 1.073179e+02 9.929117e-02
000368 -1.277453e+02 1.067132e+02 1.250424e-01
000369 -1.284619e+02 1.061014e+02 1.484347e-01
000370 -1.291860e+02 1.054824e+02 1.669410e-01
000371 -1.299193e+02 1.048515e+02 1.835941e-01
000372 -1.306623e+02 1.042149e+02 1.979002e-01
000373 -1.314132e+02 1.035744e+02 2.144697e-01
000374 -1.321648e+02 1.029386e+02 2.318873e-01
000375 -1.329234e+02 1.023035e+02 2.513658e-01
000376 -1.336799e+02 1.016681e+02 2.702986e-01
000377 -1.344357e+02 1.010301e+02 2.900097e-01
000378 -1.351892e+02 1.003904e+02 3.106498e-01
000379 -1.359465e+02 9.975107e+01 3.298425e-01
000380 -1.367105e+02 9.910851e+01 3.478641e-01
000381 -1.374685e+02 9.846944e+01 3.680159e-01
000382 -1.382274e+02 9.782785e+01 3.899821e-01
000383 -1.389901e+02 9.718269e+01 4.148069e-01
000384 -1.397480e+02 9.654609e+01 4.343912e-01
000385 -1.405111e+02 9.590422e+01 4.529559e-01
000386 -1.412656e+02 9.526259e+01 4.726101e-01
000387 -1.420208e+02 9.462044e+01 4.912744e-01
000388 -1.427704e+02 9.397889e+01 5.111815e-01
000389 -1.435294e+02 9.333700e+01 5.274135e-01
000390 -1.442862e+02 9.269067e+01 5.445632e-01
000391 -1.450409e+02 9.204892e+01 5.612957e-01
000392 -1.457940e+02 9.141052e+01 5.779645e-01
000393 -1.465475e+02 9.077404e+01 5.937592e-01
000394 -1.473072e+02 9.013928e+01 6.086489e-01
000395 -1.480704e+02 8.950321e+01 6.250373e-01
000396 -1.488333e+02 8.887146e+01 6.468099e-01
000397 -1.496005e+02 8.823696e+01 6.716835e-01
000398 -1.503591e+02 8.760683e+01 6.967564e-01
000399 -1.511134e+02 8.697809e+01 7.256258e-01
000400 -1.518671e+02 8.634989e+01 7.539528e-01
000401 -1.526218e+02 8.571894e+01 7.806961e-01
000402 -1.533790e+02 8.508539e+01 8.039512e-01
000403 -1.541322e+02 8.445676e+01 8.288243e-01
000404 -1.548823e+02 8.383215e+01 8.536668e-01
000405 -1.556292e+02 8.320615e+01 8.796994e-01
000406 -1.563743e+02 8.257906e+01 9.056545e-01
000407 -1.571190e+02 8.195146e+01 9.324518e-01
000408 -1.578614e+02 8.132671e+01 9.618364e-01
000409 -1.586032e+02 8.070349e+01 9.920658e-01
000410 -1.593358e+02 8.008383e+01 1.022069e+00
000411 -1.600585e+02 7.946455e+01 1.049905e+00
000412 -1.607804e+02 7.884428e+01 1.077505e+00
000413 -1.615000e+02 7.822487e+01 1.102704e+00
000414 -1.622213e+02 7.760858e+01 1.128462e+00
000415 -1.629402e+02 7.699411e+01 1.154301e+00
000416 -1.636585e+02 7.638223e+01 1.179845e+00
000417 -1.643767e+02 7.577428e+01 1.205952e+00
000418 -1.650930e+02 7.517018e+01 1.231444e+00
000419 -1.658081e+02 7.456637e+01 1.257020e+00
000420 -1.665248e+02 7.396713e+01 1.282062e+00
000421 -1.672418e+02 7.337210e+01 1.306576e+00
000422 -1.679552e+02 7.277838e+01 1.330108e+00
000423 -1.686684e+02 7.219108e+01 1.351053e+00
000424 -1.693812e+02 7.161267e+01 1.373431e+00
000425 -1.700844e+02 7.103558e+01 1.396727e+00
000426 -1.707831e+02 7.046800e+01 1.405731e+00
000427 -1.714722e+02 6.990570e+01 1.416166e+00
000428 -1.721588e+02 6.935261e+01 1.425569e+00
000429 -1.728299e+02 6.880749e+01 1.436887e+00
000430 -1.734939e+02 6.826999e+01 1.448357e+00
000431 -1.741451e+02 6.773915e+01 1.460081e+00
000432 -1.747856e+02 6.721605e+01 1.470417e+00
000433 -1.754193e+02 6.669815e+01 1.482743e+00
000434 -1.760447e+02 6.618835e+01 1.496245e+00
000435 -1.766638e+02 6.568420e+01 1.510435e+00
000436 -1.772745e+02 6.518539e+01 1.525125e+00
000437 -1.778683e+02 6.468934e+01 1.538016e+00
000438 -1.784448e+02 6.419739e+01 1.550332e+00
000439 -1.790078e+02 6.371223e+01 1.561925e+00
000440 -1.795612e+02 6.324071e+01 1.575397e+00
000441 -1.801003e+02 6.276519e+01 1.586480e+00
000442 -1.806249e+02 6.231141e+01 1.600125e+00
000443 -1.811416e+02 6.186056e+01 1.611948e+00
000444 -1.816486e+02 6.141959e+01 1.623859e+00
000445 -1.821422e+02 6.098005e+01 1.635244e+00
000446 -1.826223e+02 6.054530e+01 1.648540e+00
000447 -1.830885e+02 6.011032e+01 1.662241e+00
000448 -1.835369e+02 5.967252e+01 1.673611e+00
000449 -1.839747e+02 5.923570e+01 1.685440e+00
000450 -1.844045e+02 5.880121e+01 1.698748e+00
000451 -1.848122e+02 5.836066e+01 1.713703e+00
000452 -1.851982e+02 5.791203e+01 1.732581e+00
000453 -1.855495e+02 5.745834e+01 1.749510e+00
000454 -1.858798e+02 5.700033e+01 1.767896e+00
000455 -1.861871e+02 5.653757e+01 1.784988e+00
000456 -1.864550e+02 5.606608e+01 1.807526e+00
000457 -1.867152e+02 5.559683e+01 1.826654e+00
000458 -1.869445e+02 5.512564e+01 1.842880e+00
000459 -1.871206e+02 5.464759e+01 1.856411e+00
000460 -1.872835e+02 5.417085e+01 1.870218e+00
000461 -1.874227e+02 5.369416e+01 1.883289e+00
000462 -1.875256e+02 5.321309e+01 1.887417e+00
000463 -1.876307e+02 5.273710e+01 1.893359e+00
000464 -1.876915e+02 5.225276e+01 1.900316e+00
000465 -1.877485e+02 5.177232e+01 1.901338e+00
000466 -1.877723e+02 5.129098e+01 1.900778e+00
000467 -1.877414e+02 5.080341e+01 1.901606e+00
000468 -1.877165e+02 5.033042e+01 1.903912e+00
000469 -1.876828e+02 4.986716e+01 1.909578e+00
000470 -1.876045e+02 4.940375e+01 1.913879e+00
000471 -1.875198e+02 4.895472e+01 1.916071e+00
000472 -1.873856e+02 4.850872e+01 1.916040e+00
000473 -1.872454e+02 4.808322e+01 1.919502e+00
000474 -1.870919e+02 4.766758e+01 1.921924e+00
000475 -1.869050e+02 4.724980e+01 1.925132e+00
000476 -1.867142e+02 4.684089e+01 1.922721e+00
000477 -1.864782e+02 4.643056e+01 1.917552e+00
000478 -1.862433e+02 4.602498e+01 1.910636e+00
000479 -1.859999e+02 4.562057e+01 1.906858e+00
000480 -1.857437e+02 4.521752e+01 1.904895e+00
000481 -1.854762e+02 4.482494e+01 1.903482e+00
000482 -1.851904e+02 4.443350e+01 1.903992e+00
000483 -1.848981e+02 4.404415e+01 1.906175e+00
000484 -1.845971e+02 4.365148e+01 1.908337e+00
000485 -1.842874e+02 4.325715e+01 1.908808e+00
000486 -1.839689e+02 4.285899e+01 1.909156e+00
000487 -1.836434e+02 4.245635e+01 1.911087e+00
000488 -1.833133e+02 4.204606e+01 1.914906e+00
000489 -1.829728e+02 4.162858e+01 1.921291e+00
000490 -1.826247e+02 4.120434e+01 1.928571e+00
000491 -1.822608e+02 4.077740e+01 1.933488e+00
000492 -1.818872e+02 4.034468e+01 1.936481e+00
000493 -1.815012e+02 3.989489e+01 1.944762e+00
000494 -1.811166e+02 3.943245e+01 1.952827e+00
000495 -1.807267e+02 3.895179e+01 1.954282e+00
000496 -1.803265e+02 3.846147e+01 1.951012e+00
000497 -1.799121e+02 3.796509e+01 1.948467e+00
000498 -1.794927e+02 3.745911e+01 1.950893e+00
000499 -1.790635e+02 3.693739e+01 1.950476e+00
000500 -1.786239e+02 3.639418e+01 1.946894e+00
000501 -1.781621e+02 3.584918e+01 1.942150e+00
000502 -1.776842e+02 3.529616e+01 1.937626e+00
000503 -1.771997e+02 3.472689e+01 1.929672e+00
000504 -1.767106e+02 3.414270e+01 1.923186e+00
000505 -1.762079e+02 3.353889e+01 1.922565e+00
000506 -1.756955e+02 3.292207e+01 1.923742e+00
000507 -1.751718e+02 3.229666e+01 1.922179e+00
000508 -1.746388e+02 3.166497e+01 1.921438e+00
000509 -1.741052e+02 3.102204e+01 1.927099e+00
000510 -1.735590e+02 3.036327e+01 1.933011e+00
000511 -1.730021e+02 2.969599e+01 1.938375e+00
000512 -1.724382e+02 2.902358e+01 1.945840e+00
000513 -1.718670e+02 2.834675e+01 1.951405e+00
000514 -1.712881e+02 2.766060e+01 1.956277e+00
000515 -1.707093e+02 2.696332e+01 1.958687e+00
000516 -1.701234e+02 2.625927e+01 1.951058e+00
000517 -1.695314e+02 2.554622e+01 1.943279e+00
000518 -1.689342e+02 2.482358e+01 1.936670e+00
000519 -1.683371e+02 2.409784e+01 1.929608e+00
000520 -1.677434e+02 2.336870e+01 1.921892e+00
000521 -1.671591e+02 2.263920e+01 1.914344e+00
000522 -1.665815e+02 2.190866e+01 1.908782e+00
000523 -1.660001e+02 2.117959e+01 1.908068e+00
000524 -1.654129e+02 2.044842e+01 1.914190e+00
000525 -1.648351e+02 1.971467e+01 1.923826e+00
000526 -1.642567e+02 1.899252e+01 1.934077e+00
000527 -1.636778e+02 1.828024e+01 1.940348e+00
000528 -1.631045e+02 1.757387e+01 1.941640e+00
000529 -1.625251e+02 1.685680e+01 1.942748e+00
000530 -1.619505e+02 1.614389e+01 1.939281e+00
000531 -1.613773e+02 1.542915e+01 1.936519e+00
000532 -1.608026e+02 1.471206e+01 1.935710e+00
000533 -1.602415e+02 1.401383e+01 1.936584e+00
000534 -1.596822e+02 1.330347e+01 1.936046e+00
000535 -1.591338e+02 1.259096e+01 1.935031e+00
000536 -1.586027e+02 1.187586e+01 1.939067e+00
000537 -1.580880e+02 1.115361e+01 1.945549e+00
000538 -1.575933e+02 1.042311e+01 1.952156e+00
000539 -1.571079e+02 9.685989e+00 1.958096e+00
000540 -1.566525e+02 8.940913e+00 1.968002e+00
000541 -1.562137e+02 8.187478e+00 1.981362e+00
000542 -1.558113e+02 7.419730e+00 2.002674e+00
000543 -1.554337e+02 6.640524e+00 2.020771e+00
000544 -1.550736e+02 5.854252e+00 2.039549e+00
000545 -1.547551e+02 5.066725e+00 2.055959e+00
000546 -1.544511e+02 4.275819e+00 2.070725e+00
000547 -1.541799e+02 3.475256e+00 2.076776e+00
000548 -1.539186e+02 2.660279e+00 2.081455e+00
000549 -1.536909e+02 1.836084e+00 2.081084e+00
000550 -1.534863e+02 1.004297e+00 2.082675e+00
000551 -1.532952e+02 1.642828e-01 2.088962e+00
000552 -1.531167e+02 -6.849197e-01 2.094656e+00
000553 -1.529463e+02 -1.551019e+00 2.099191e+00
000554 -1.527936e+02 -2.422346e+00 2.108057e+00
000555 -1.526592e+02 -3.301845e+00 2.120983e+00
000556 -1.525347e+02 -4.184410e+00 2.129986e+00
000557 -1.524224e+02 -5.081774e+00 2.145234e+00
000558 -1.523238e+02 -6.003442e+00 2.164537e+00
000559 -1.522301e+02 -6.932667e+00 2.184519e+00
000560 -1.521344e+02 -7.875658e+00 2.208027e+00
000561 -1.520349e+02 -8.818435e+00 2.236569e+00
000562 -1.519309e+02 -9.767273e+00 2.264380e+00
000563 -1.518222e+02 -1.072343e+01 2.290503e+00
000564 -1.517054e+02 -1.169649e+01 2.314806e+00
000565 -1.515906e+02 -1.268601e+01 2.340253e+00
000566 -1.514796e+02 -1.368436e+01 2.366234e+00
000567 -1.513681e+02 -1.468941e+01 2.390739e+00
000568 -1.512539e+02 -1.570974e+01 2.419304e+00
000569 -1.511385e+02 -1.672996e+01 2.446252e+00
000570 -1.510183e+02 -1.776061e+01 2.471748e+00
000571 -1.508986e+02 -1.879445e+01 2.495354e+00
000572 -1.507787e+02 -1.983629e+01 2.516209e+00
000573 -1.506584e+02 -2.088457e+01 2.531082e+00
000574 -1.505418e+02 -2.193524e+01 2.546922e+00
000575 -1.504287e+02 -2.298777e+01 2.562912e+00
000576 -1.503173e+02 -2.403963e+01 2.580523e+00
000577 -1.502100e+02 -2.509394e+01 2.602248e+00
000578 -1.501008e+02 -2.614805e+01 2.624842e+00
000579 -1.499955e+02 -2.719872e+01 2.652068e+00
000580 -1.498915e+02 -2.824318e+01 2.677343e+00
000581 -1.497898e+02 -2.928484e+01 2.703716e+00
000582 -1.496882e+02 -3.032621e+01 2.727489e+00
000583 -1.495881e+02 -3.136520e+01 2.749371e+00
000584 -1.494892e+02 -3.240607e+01 2.772055e+00
000585 -1.493925e+02 -3.344880e+01 2.798290e+00
000586 -1.493004e+02 -3.447237e+01 2.822913e+00
000587 -1.492116e+02 -3.550025e+01 2.847794e+00
000588 -1.491247e+02 -3.652570e+01 2.872146e+00
000589 -1.490389e+02 -3.754989e+01 2.893300e+00
000590 -1.489571e+02 -3.857065e+01 2.914898e+00
000591 -1.488814e+02 -3.958889e+01 2.936848e+00
000592 -1.488101e+02 -4.060275e+01 2.958886e+00
000593 -1.487352e+02 -4.161181e+01 2.980846e+00
000594 -1.486636e+02 -4.262144e+01 3.002899e+00
000595 -1.485927e+02 -4.362164e+01 3.027276e+00
000596 -1.485176e+02 -4.462545e+01 3.054980e+00
000597 -1.484441e+02 -4.562217e+01 3.079101e+00
000598 -1.483689e+02 -4.661393e+01 3.102061e+00
000599 -1.482960e+02 -4.760259e+01 3.122209e+00
000600 -1.482258e+02 -4.859075e+01 3.142814e+00
000601 -1.481556e+02 -4.957611e+01 3.159721e+00
000602 -1.480851e+02 -5.055843e+01 3.175297e+00
000603 -1.480135e+02 -5.153844e+01 3.189403e+00
000604 -1.479424e+02 -5.251178e+01 3.205788e+00
000605 -1.478700e+02 -5.347973e+01 3.219705e+00
000606 -1.477977e+02 -5.444853e+01 3.231897e+00
000607 -1.477243e+02 -5.541352e+01 3.243527e+00
000608 -1.476532e+02 -5.637284e+01 3.257265e+00
000609 -1.475797e+02 -5.733020e+01 3.270311e+00
000610 -1.475001e+02 -5.828110e+01 3.282400e+00
000611 -1.474207e+02 -5.922935e+01 3.291390e+00
000612 -1.473415e+02 -6.017164e+01 3.301002e+00
000613 -1.472599e+02 -6.110803e+01 3.310925e+00
000614 -1.471781e+02 -6.203744e+01 3.317449e+00
000615 -1.470991e+02 -6.295647e+01 3.324624e+00
000616 -1.470218e+02 -6.386909e+01 3.332509e+00
000617 -1.469462e+02 -6.476162e+01 3.341452e+00
000618 -1.468736e+02 -6.564189e+01 3.350949e+00
000619 -1.468046e+02 -6.650732e+01 3.362788e+00
000620 -1.467409e+02 -6.735784e+01 3.376135e+00
000621 -1.466842e+02 -6.818896e+01 3.387862e+00
000622 -1.466370e+02 -6.899922e+01 3.400870e+00
000623 -1.466018e+02 -6.978685e+01 3.409958e+00
000624 -1.465750e+02 -7.055095e+01 3.416011e+00
000625 -1.465515e+02 -7.128944e+01 3.421360e+00
000626 -1.465298e+02 -7.200342e+01 3.426278e+00
000627 -1.465152e+02 -7.268937e+01 3.430945e+00
000628 -1.465063e+02 -7.334850e+01 3.436511e+00
000629 -1.464990e+02 -7.398191e+01 3.443175e+00
000630 -1.464960e+02 -7.458860e+01 3.451189e+00
000631 -1.464997e+02 -7.516771e+01 3.454673e+00
000632 -1.465087e+02 -7.572426e+01 3.458263e+00
000633 -1.465201e+02 -7.624921e+01 3.460680e+00
000634 -1.465310e+02 -7.674501e+01 3.464948e+00
000635 -1.465458e+02 -7.720836e+01 3.469095e+00
000636 -1.465624e+02 -7.764447e+01 3.474975e+00
000637 -1.465828e+02 -7.804556e+01 3.481100e+00
000638 -1.465982e+02 -7.841532e+01 3.487735e+00
000639 -1.466147e+02 -7.875290e+01 3.489838e+00
000640 -1.466267e+02 -7.906060e+01 3.492333e+00
000641 -1.466358e+02 -7.932694e+01 3.493390e+00
000642 -1.466444e+02 -7.957193e+01 3.496768e+00
000643 -1.466502e+02 -7.979717e+01 3.501775e+00
000644 -1.466574e+02 -7.999877e+01 3.507398e+00
000645 -1.466613e+02 -8.019576e+01 3.513405e+00
000646 -1.466636e+02 -8.038467e+01 3.523785e+00
000647 -1.466635e+02 -8.056988e+01 3.531968e+00
000648 -1.466558e+02 -8.074617e+01 3.544429e+00
000649 -1.466452e+02 -8.091148e+01 3.553303e+00
000650 -1.466315e+02 -8.106159e+01 3.562076e+00
000651 -1.466264e+02 -8.120217e+01 3.568355e+00
000652 -1.466236e+02 -8.133490e+01 3.574643e+00
000653 -1.466172e+02 -8.146093e+01 3.580246e+00
000654 -1.466064e+02 -8.158005e+01 3.586432e+00
000655 -1.465910e+02 -8.169181e+01 3.591611e+00
000656 -1.465743e+02 -8.179611e+01 3.595945e+00
000657 -1.465544e+02 -8.188799e+01 3.599009e+00
000658 -1.465371e+02 -8.196407e+01 3.601598e+00
000659 -1.465218e+02 -8.202535e+01 3.605125e+00
000660 -1.465098e+02 -8.207268e+01 3.607875e+00
000661 -1.464988e+02 -8.210813e+01 3.610893e+00
000662 -1.464897e+02 -8.213307e+01 3.612361e+00
000663 -1.464813e+02 -8.214790e+01 3.614901e+00
000664 -1.464749e+02 -8.215466e+01 3.616561e+00
000665 -1.464700e+02 -8.215162e+01 3.618715e+00
000666 -1.464675e+02 -8.214449e+01 3.618427e+00
000667 -1.464666e+02 -8.214289e+01 3.617487e+00
000668 -1.464691e+02 -8.214598e+01 3.619237e+00
000669 -1.464743e+02 -8.214846e+01 3.621418e+00
000670 -1.464784e+02 -8.214814e+01 3.622343e+00
000671 -1.464809e+02 -8.214689e+01 3.626275e+00
000672 -1.464837e+02 -8.214592e+01 3.630956e+00
000673 -1.464853e+02 -8.214430e+01 3.635666e+00
000674 -1.464860e+02 -8.214339e+01 3.642197e+00
000675 -1.464874e+02 -8.214478e+01 3.646408e+00
000676 -1.464896e+02 -8.214651e+01 3.650913e+00
000677 -1.464903e+02 -8.214732e+01 3.653096e+00
000678 -1.464929e+02 -8.215098e+01 3.660850e+00
000679 -1.464935e+02 -8.215255e+01 3.666124e+00
000680 -1.464950e+02 -8.215460e+01 3.672670e+00
000681 -1.464952e+02 -8.215536e+01 3.677041e+00
000682 -1.464961e+02 -8.215662e+01 3.682929e+00
000683 -1.464944e+02 -8.215612e+01 3.686575e+00
000684 -1.464943e+02 -8.215657e+01 3.692587e+00
000685 -1.464929e+02 -8.215523e+01 3.697692e+00
000686 -1.464903e+02 -8.215185e+01 3.703976e+00
000687 -1.464878e+02 -8.214843e+01 3.711265e+00
000688 -1.464858e+02 -8.214544e+01 3.717330e+00
000689 -1.464866e+02 -8.214302e+01 3.721405e+00
000690 -1.464873e+02 -8.214091e+01 3.725380e+00
000691 -1.464876e+02 -8.213842e+01 3.730224e+00
000692 -1.464871e+02 -8.213635e+01 3.733757e+00
000693 -1.464865e+02 -8.213505e+01 3.736302e+00
000694 -1.464860e+02 -8.213362e+01 3.737147e+00
000695 -1.464879e+02 -8.213326e+01 3.738183e+00
000696 -1.464881e+02 -8.213252e+01 3.739743e+00
000697 -1.464887e+02 -8.213297e+01 3.743962e+00
000698 -1.464887e+02 -8.213315e+01 3.746808e+00
000699 -1.464890e+02 -8.213346e+01 3.749734e+00
000700 -1.464885e+02 -8.213324e+01 3.751969e+00
000701 -1.464862e+02 -8.213358e+01 3.756727e+00
000702 -1.464847e+02 -8.213348e+01 3.760390e+00
000703 -1.464850e+02 -8.213363e+01 3.762686e+00
000704 -1.464854e+02 -8.213382e+01 3.763251e+00
000705 -1.464849e+02 -8.213351e+01 3.763444e+00
000706 -1.464851e+02 -8.213339e+01 3.764354e+00
000707 -1.464851e+02 -8.213304e+01 3.765829e+00
000708 -1.464801e+02 -8.213367e+01 3.769760e+00
000709 -1.464764e+02 -8.213276e+01 3.772636e+00
000710 -1.464733e+02 -8.213226e+01 3.773749e+00
000711 -1.464721e+02 -8.213189e+01 3.774660e+00
000712 -1.464755e+02 -8.213281e+01 3.775066e+00
000713 -1.464771e+02 -8.213308e+01 3.775151e+00
000714 -1.464775e+02 -8.213322e+01 3.776020e+00
000715 -1.464765e+02 -8.213318e+01 3.778253e+00
000716 -1.465060e+02 -8.214996e+01 3.817593e+00
000717 -1.465250e+02 -8.216201e+01 3.844867e+00
000718 -1.465414e+02 -8.217605e+01 3.867997e+00
000719 -1.465569e+02 -8.219557e+01 3.891863e+00
000720 -1.465659e+02 -8.221730e+01 3.908776e+00
000721 -1.465794e+02 -8.224565e+01 3.927281e+00
000722 -1.465858e+02 -8.227544e+01 3.940279e+00
000723 -1.465906e+02 -8.231013e+01 3.955031e+00
000724 -1.465878e+02 -8.234431e+01 3.963825e+00
000725 -1.465882e+02 -8.238439e+01 3.974088e+00
000726 -1.465818e+02 -8.242617e+01 3.980790e+00
000727 -1.465780e+02 -8.247354e+01 3.988369e+00
000728 -1.465675e+02 -8.252259e+01 3.993899e+00
000729 -1.465518e+02 -8.257422e+01 4.000773e+00
000730 -1.465331e+02 -8.263234e+01 4.006616e+00
000731 -1.465075e+02 -8.269805e+01 4.013233e+00
000732 -1.464759e+02 -8.277848e+01 4.019203e+00
000733 -1.464452e+02 -8.288031e+01 4.024429e+00
000734 -1.463964e+02 -8.298778e+01 4.029323e+00
000735 -1.463513e+02 -8.311671e+01 4.033562e+00
000736 -1.462958e+02 -8.325839e+01 4.037831e+00
000737 -1.462309e+02 -8.341005e+01 4.040989e+00
000738 -1.461563e+02 -8.357444e+01 4.045713e+00
000739 -1.460701e+02 -8.374303e+01 4.051946e+00
000740 -1.459804e+02 -8.392098e+01 4.058185e+00
000741 -1.458795e+02 -8.410616e+01 4.063554e+00
000742 -1.457599e+02 -8.429131e+01 4.070054e+00
000743 -1.456332e+02 -8.448453e+01 4.076339e+00
000744 -1.454913e+02 -8.468260e+01 4.083620e+00
000745 -1.453153e+02 -8.488083e+01 4.089716e+00
000746 -1.451255e+02 -8.509753e+01 4.095105e+00
000747 -1.448957e+02 -8.531851e+01 4.100068e+00
000748 -1.446601e+02 -8.556492e+01 4.109917e+00
000749 -1.443964e+02 -8.581942e+01 4.121088e+00
000750 -1.440775e+02 -8.606536e+01 4.128858e+00
000751 -1.437422e+02 -8.632723e+01 4.134474e+00
000752 -1.433707e+02 -8.659141e+01 4.137690e+00
000753 -1.429474e+02 -8.684062e+01 4.141571e+00
000754 -1.425033e+02 -8.708803e+01 4.143550e+00
000755 -1.420100e+02 -8.731564e+01 4.148160e+00
000756 -1.415092e+02 -8.754335e+01 4.153370e+00
000757 -1.409762e+02 -8.775140e+01 4.156256e+00
000758 -1.403921e+02 -8.792431e+01 4.158657e+00
000759 -1.397985e+02 -8.808758e+01 4.160018e+00
000760 -1.391586e+02 -8.821988e+01 4.162171e+00
000761 -1.385086e+02 -8.833879e+01 4.166045e+00
000762 -1.378281e+02 -8.843333e+01 4.168871e+00
000763 -1.371128e+02 -8.850147e+01 4.171257e+00
000764 -1.363792e+02 -8.856031e+01 4.171706e+00
000765 -1.356148e+02 -8.860753e+01 4.169899e+00
000766 -1.348254e+02 -8.864646e+01 4.168382e+00
000767 -1.340129e+02 -8.867609e+01 4.164762e+00
000768 -1.331801e+02 -8.869656e+01 4.156812e+00
000769 -1.323277e+02 -8.870556e+01 4.147637e+00
000770 -1.314527e+02 -8.870109e+01 4.136633e+00
000771 -1.305520e+02 -8.868049e+01 4.122623e+00
000772 -1.296312e+02 -8.864953e+01 4.103983e+00
000773 -1.286888e+02 -8.861212e+01 4.084791e+00
000774 -1.277239e+02 -8.857569e+01 4.065878e+00
000775 -1.267352e+02 -8.854051e+01 4.048213e+00
000776 -1.257210e+02 -8.850489e+01 4.031067e+00
000777 -1.246835e+02 -8.846433e+01 4.013952e+00
000778 -1.236288e+02 -8.841970e+01 3.996890e+00
000779 -1.225531e+02 -8.836834e+01 3.978093e+00
000780 -1.214602e+02 -8.829428e+01 3.960347e+00
000781 -1.203502e+02 -8.821078e+01 3.940654e+00
000782 -1.192271e+02 -8.813057e+01 3.920264e+00
000783 -1.180866e+02 -8.804055e+01 3.901849e+00
000784 -1.169301e+02 -8.794868e+01 3.883303e+00
000785 -1.157614e+02 -8.784858e+01 3.867981e+00
000786 -1.145794e+02 -8.774507e+01 3.849717e+00
000787 -1.133837e+02 -8.763924e+01 3.830963e+00
000788 -1.121817e+02 -8.753924e+01 3.812180e+00
000789 -1.109751e+02 -8.743868e+01 3.791845e+00
000790 -1.097745e+02 -8.734289e+01 3.771694e+00
000791 -1.085794e+02 -8.724708e+01 3.750574e+00
000792 -1.073857e+02 -8.714676e+01 3.726738e+00
000793 -1.061976e+02 -8.704988e+01 3.701746e+00
000794 -1.050099e+02 -8.695296e+01 3.677172e+00
000795 -1.038211e+02 -8.685966e+01 3.653224e+00
000796 -1.026322e+02 -8.676401e+01 3.628733e+00
000797 -1.014446e+02 -8.667222e+01 3.607239e+00
000798 -1.002617e+02 -8.657200e+01 3.588698e+00
000799 -9.908436e+01 -8.648067e+01 3.569432e+00
000800 -9.791011e+01 -8.638626e+01 3.547496e+00
000801 -9.673614e+01 -8.629387e+01 3.526824e+00
000802 -9.556279e+01 -8.620143e+01 3.506517e+00
000803 -9.439230e+01 -8.611023e+01 3.490095e+00
000804 -9.322888e+01 -8.601752e+01 3.474064e+00
000805 -9.207077e+01 -8.593007e+01 3.457332e+00
000806 -9.091482e+01 -8.584440e+01 3.439932e+00
000807 -8.976083e+01 -8.575750e+01 3.420499e+00
000808 -8.860756e+01 -8.567406e+01 3.402298e+00
000809 -8.745822e+01 -8.559118e+01 3.383825e+00
000810 -8.631428e+01 -8.551130e+01 3.365660e+00
000811 -8.517639e+01 -8.543160e+01 3.347256e+00
000812 -8.404212e+01 -8.535257e+01 3.327124e+00
000813 -8.290481e+01 -8.526665e+01 3.306136e+00
000814 -8.177442e+01 -8.517822e+01 3.285675e+00
000815 -8.064658e+01 -8.508247e+01 3.266626e+00
000816 -7.952584e+01 -8.498283e+01 3.245394e+00
000817 -7.840969e+01 -8.488244e+01 3.221768e+00
000818 -7.728896e+01 -8.478461e+01 3.191912e+00
000819 -7.617485e+01 -8.468498e+01 3.162484e+00
000820 -7.506363e+01 -8.458436e+01 3.133853e+00
000821 -7.395599e+01 -8.448155e+01 3.108503e+00
000822 -7.284964e+01 -8.437548e+01 3.082721e+00
000823 -7.174856e+01 -8.426751e+01 3.059320e+00
000824 -7.065049e+01 -8.415970e+01 3.035851e+00
000825 -6.955640e+01 -8.405165e+01 3.014567e+00
000826 -6.846310e+01 -8.394657e+01 2.993483e+00
000827 -6.736871e+01 -8.384452e+01 2.973202e+00
000828 -6.626978e+01 -8.374424e+01 2.959134e+00
000829 -6.517361e+01 -8.364855e+01 2.945193e+00
000830 -6.407225e+01 -8.355385e+01 2.930056e+00
000831 -6.298846e+01 -8.346386e+01 2.914583e+00
000832 -6.189385e+01 -8.337192e+01 2.894478e+00
000833 -6.080165e+01 -8.327983e+01 2.873362e+00
000834 -5.972532e+01 -8.319229e+01 2.851534e+00
000835 -5.865323e+01 -8.310582e+01 2.826080e+00
000836 -5.758891e+01 -8.302288e+01 2.801637e+00
000837 -5.651193e+01 -8.292872e+01 2.779651e+00
000838 -5.543924e+01 -8.284557e+01 2.756445e+00
000839 -5.436293e+01 -8.275948e+01 2.731590e+00
000840 -5.328795e+01 -8.267777e+01 2.707333e+00
000841 -5.221491e+01 -8.259449e+01 2.684340e+00
000842 -5.115105e+01 -8.250983e+01 2.663165e+00
000843 -5.010238e+01 -8.242382e+01 2.644628e+00
000844 -4.905334e+01 -8.233696e+01 2.626537e+00
000845 -4.800472e+01 -8.225022e+01 2.609242e+00
000846 -4.696133e+01 -8.216174e+01 2.591640e+00
000847 -4.591385e+01 -8.207717e+01 2.573083e+00
000848 -4.485398e+01 -8.199356e+01 2.560563e+00
000849 -4.379500e+01 -8.191307e+01 2.547118e+00
000850 -4.272975e+01 -8.183600e+01 2.539457e+00
000851 -4.166873e+01 -8.175523e+01 2.528194e+00
000852 -4.060585e+01 -8.166958e+01 2.515850e+00
000853 -3.955165e+01 -8.159330e+01 2.503950e+00
000854 -3.849644e+01 -8.151302e+01 2.488082e+00
000855 -3.744699e+01 -8.142920e+01 2.467897e+00
000856 -3.639931e+01 -8.134352e+01 2.449328e+00
000857 -3.535893e+01 -8.126015e+01 2.430647e+00
000858 -3.432413e+01 -8.117846e+01 2.409772e+00
000859 -3.329069e+01 -8.109833e+01 2.388158e+00
000860 -3.226565e+01 -8.101888e+01 2.364654e+00
000861 -3.123423e+01 -8.093893e+01 2.341459e+00
000862 -3.020542e+01 -8.086334e+01 2.319947e+00
000863 -2.918198e+01 -8.079003e+01 2.301513e+00
000864 -2.816485e+01 -8.071950e+01 2.286540e+00
000865 -2.715493e+01 -8.065087e+01 2.273856e+00
000866 -2.614248e+01 -8.057960e+01 2.258338e+00
000867 -2.513087e+01 -8.051287e+01 2.243360e+00
000868 -2.412616e+01 -8.044513e+01 2.224417e+00
000869 -2.312314e+01 -8.038011e+01 2.200874e+00
000870 -2.212814e+01 -8.031382e+01 2.179186e+00
000871 -2.113624e+01 -8.024730e+01 2.158118e+00
000872 -2.015914e+01 -8.018102e+01 2.136539e+00
000873 -1.920344e+01 -8.011803e+01 2.115684e+00
000874 -1.826545e+01 -8.005605e+01 2.094794e+00
000875 -1.734296e+01 -7.999311e+01 2.076612e+00
000876 -1.643997e+01 -7.992964e+01 2.056734e+00
000877 -1.555805e+01 -7.986631e+01 2.038136e+00
000878 -1.470187e+01 -7.979755e+01 2.021472e+00
000879 -1.386242e+01 -7.973095e+01 2.006898e+00
000880 -1.304799e+01 -7.965774e+01 1.982635e+00
000881 -1.225209e+01 -7.958095e+01 1.955701e+00
000882 -1.147100e+01 -7.950525e+01 1.931372e+00
000883 -1.071407e+01 -7.942836e+01 1.907256e+00
000884 -9.978597e+00 -7.934685e+01 1.882125e+00
000885 -9.267307e+00 -7.925871e+01 1.855018e+00
000886 -8.577034e+00 -7.915904e+01 1.824620e+00
000887 -7.915426e+00 -7.905159e+01 1.793514e+00
000888 -7.272311e+00 -7.894049e+01 1.764992e+00
000889 -6.660991e+00 -7.882344e+01 1.732230e+00
000890 -6.068827e+00 -7.869639e+01 1.702411e+00
000891 -5.472914e+00 -7.854955e+01 1.669583e+00
000892 -4.940333e+00 -7.840730e+01 1.642761e+00
000893 -4.382647e+00 -7.824856e+01 1.616116e+00
000894 -3.867830e+00 -7.808627e+01 1.594797e+00
000895 -3.358995e+00 -7.790275e+01 1.576012e+00
000896 -2.864838e+00 -7.771129e+01 1.557809e+00
000897 -2.385605e+00 -7.750396e+01 1.538800e+00
000898 -1.921735e+00 -7.728713e+01 1.519288e+00
000899 -1.469750e+00 -7.705448e+01 1.500554e+00
000900 -1.027851e+00 -7.680012e+01 1.487556e+00
000901 -6.036779e-01 -7.653314e+01 1.472946e+00
000902 -2.051226e-01 -7.623884e+01 1.455786e+00
000903 1.668060e-01 -7.591192e+01 1.434811e+00
000904 5.205388e-01 -7.558157e+01 1.418536e+00
000905 8.592366e-01 -7.524181e+01 1.400138e+00
000906 1.182030e+00 -7.488301e+01 1.376718e+00
000907 1.473046e+00 -7.450932e+01 1.350348e+00
000908 1.733786e+00 -7.411079e+01 1.324453e+00
000909 1.977241e+00 -7.370973e+01 1.308518e+00
000910 2.211269e+00 -7.329908e+01 1.295259e+00
000911 2.431700e+00 -7.286880e+01 1.282661e+00
000912 2.625592e+00 -7.243254e+01 1.268760e+00
000913 2.778690e+00 -7.196837e+01 1.258343e+00
000914 2.915642e+00 -7.151180e+01 1.253995e+00
000915 3.046312e+00 -7.105343e+01 1.258350e+00
000916 3.160868e+00 -7.057958e+01 1.257972e+00
000917 3.257933e+00 -7.010260e+01 1.264619e+00
000918 3.332790e+00 -6.961007e+01 1.267119e+00
000919 3.394982e+00 -6.911648e+01 1.272526e+00
000920 3.452999e+00 -6.861143e+01 1.270676e+00
000921 3.505748e+00 -6.809683e+01 1.267062e+00
000922 3.551082e+00 -6.757573e+01 1.261750e+00
000923 3.591560e+00 -6.704625e+01 1.259481e+00
000924 3.623078e+00 -6.650560e+01 1.252875e+00
000925 3.647772e+00 -6.595034e+01 1.243096e+00
000926 3.663801e+00 -6.537705e+01 1.234892e+00
000927 3.673887e+00 -6.479002e+01 1.227201e+00
000928 3.677308e+00 -6.418504e+01 1.218704e+00
000929 3.675967e+00 -6.356337e+01 1.209466e+00
000930 3.664022e+00 -6.292543e+01 1.199856e+00
000931 3.643049e+00 -6.227133e+01 1.189755e+00
000932 3.617203e+00 -6.160236e+01 1.179028e+00
000933 3.591227e+00 -6.091570e+01 1.168096e+00
000934 3.556391e+00 -6.020960e+01 1.152451e+00
000935 3.520319e+00 -5.949348e+01 1.139602e+00
000936 3.485568e+00 -5.876038e+01 1.128869e+00
000937 3.451301e+00 -5.801266e+01 1.117531e+00
000938 3.415287e+00 -5.725520e+01 1.106594e+00
000939 3.375737e+00 -5.649375e+01 1.094891e+00
000940 3.332427e+00 -5.572964e+01 1.084248e+00
000941 3.288581e+00 -5.496514e+01 1.074394e+00
000942 3.243097e+00 -5.420352e+01 1.064884e+00
000943 3.192353e+00 -5.343799e+01 1.056466e+00
000944 3.132861e+00 -5.267327e+01 1.049640e+00
000945 3.069795e+00 -5.190721e+01 1.042836e+00
000946 3.005492e+00 -5.114242e+01 1.035311e+00
000947 2.937896e+00 -5.037643e+01 1.027891e+00
000948 2.871709e+00 -4.961228e+01 1.018952e+00
000949 2.803220e+00 -4.884616e+01 1.010036e+00
000950 2.741985e+00 -4.808220e+01 9.980856e-01
000951 2.690256e+00 -4.731871e+01 9.818285e-01
000952 2.632847e+00 -4.655590e+01 9.665624e-01
000953 2.573747e+00 -4.579733e+01 9.515027e-01
000954 2.514617e+00 -4.503968e+01 9.390078e-01
000955 2.455917e+00 -4.428628e+01 9.260055e-01
000956 2.395278e+00 -4.353558e+01 9.139468e-01
000957 2.336487e+00 -4.278704e+01 9.025269e-01
000958 2.281395e+00 -4.204360e+01 8.911355e-01
000959 2.229024e+00 -4.130397e+01 8.765595e-01
000960 2.176053e+00 -4.057423e+01 8.564019e-01
000961 2.128161e+00 -3.985331e+01 8.397655e-01
000962 2.080478e+00 -3.914184e+01 8.233957e-01
000963 2.023801e+00 -3.844127e+01 8.103769e-01
000964 1.975410e+00 -3.775378e+01 7.933529e-01
000965 1.933230e+00 -3.707880e+01 7.801851e-01
000966 1.895520e+00 -3.641471e+01 7.597285e-01
000967 1.851613e+00 -3.575756e+01 7.422292e-01
000968 1.807991e+00 -3.510587e+01 7.220826e-01
000969 1.766675e+00 -3.445818e+01 7.015109e-01
000970 1.727417e+00 -3.381378e+01 6.817103e-01
000971 1.687773e+00 -3.317691e+01 6.642943e-01
000972 1.645582e+00 -3.254447e+01 6.488052e-01
000973 1.602843e+00 -3.191722e+01 6.337501e-01
000974 1.561553e+00 -3.129334e+01 6.192475e-01
000975 1.524724e+00 -3.067447e+01 6.035847e-01
000976 1.488055e+00 -3.005921e+01 5.854894e-01
000977 1.450030e+00 -2.944928e+01 5.615753e-01
000978 1.412389e+00 -2.884028e+01 5.423823e-01
000979 1.378315e+00 -2.823460e+01 5.196914e-01
000980 1.340783e+00 -2.763061e+01 4.975266e-01
000981 1.305986e+00 -2.702870e+01 4.776523e-01
000982 1.267692e+00 -2.643074e+01 4.591265e-01
000983 1.229249e+00 -2.583408e+01 4.405908e-01
000984 1.191105e+00 -2.523953e+01 4.256449e-01
000985 1.152074e+00 -2.464690e+01 4.124776e-01
000986 1.111448e+00 -2.406042e+01 4.026685e-01
000987 1.067365e+00 -2.347692e+01 3.920096e-01
000988 1.022814e+00 -2.289845e+01 3.816930e-01
000989 9.777518e-01 -2.232660e+01 3.707154e-01
000990 9.345741e-01 -2.176546e+01 3.612177e-01
000991 8.867823e-01 -2.121267e+01 3.506486e-01
000992 8.446471e-01 -2.067046e+01 3.428022e-01
000993 8.029049e-01 -2.014023e+01 3.330321e-01
000994 7.667103e-01 -1.961995e+01 3.282057e-01
000995 7.322119e-01 -1.911160e+01 3.216458e-01
000996 6.995025e-01 -1.861591e+01 3.170837e-01
000997 6.673674e-01 -1.813200e+01 3.108239e-01
000998 6.355362e-01 -1.765726e+01 3.060331e-01
000999 6.017668e-01 -1.719632e+01 2.964822e-01
001000 5.679449e-01 -1.674431e+01 2.867121e-01
001001 5.366303e-01 -1.630704e+01 2.753636e-01
001002 5.073413e-01 -1.588581e+01 2.644759e-01
001003 4.756959e-01 -1.546492e+01 2.538892e-01
001004 4.466098e-01 -1.509502e+01 2.450817e-01
001005 4.170347e-01 -1.472666e+01 2.363433e-01
001006 3.916312e-01 -1.438514e+01 2.279003e-01
001007 3.699658e-01 -1.406463e+01 2.140665e-01
001008 3.512582e-01 -1.376062e+01 2.032018e-01
001009 3.319222e-01 -1.347437e+01 1.919107e-01
001010 3.139292e-01 -1.319914e+01 1.822253e-01
001011 2.995160e-01 -1.293035e+01 1.737489e-01
001012 2.860852e-01 -1.266999e+01 1.660659e-01
001013 2.755991e-01 -1.241089e+01 1.593153e-01
001014 2.638684e-01 -1.215300e+01 1.529288e-01
001015 2.561202e-01 -1.189670e+01 1.472591e-01
001016 2.503151e-01 -1.164350e+01 1.411226e-01
001017 2.385751e-01 -1.139105e+01 1.355226e-01
001018 2.255563e-01 -1.114019e+01 1.287714e-01
001019 2.115382e-01 -1.089334e+01 1.228655e-01
001020 1.981649e-01 -1.064489e+01 1.204292e-01
001021 1.839541e-01 -1.039814e+01 1.141874e-01
001022 1.693736e-01 -1.015224e+01 1.079282e-01
001023 1.512010e-01 -9.907869e+00 1.010753e-01
001024 1.327650e-01 -9.665059e+00 9.648987e-02
001025 1.131098e-01 -9.424513e+00 9.200309e-02
001026 9.101141e-02 -9.183499e+00 8.827309e-02
001027 6.543519e-02 -8.947690e+00 8.241309e-02
001028 4.083069e-02 -8.713565e+00 7.406821e-02
001029 1.685971e-02 -8.476707e+00 6.895291e-02
001030 -8.130694e-03 -8.242587e+00 6.531960e-02
001031 -3.708140e-02 -8.008871e+00 6.224212e-02
001032 -7.086213e-02 -7.778389e+00 5.793854e-02
001033 -1.055715e-01 -7.549918e+00 5.057470e-02
001034 -1.332081e-01 -7.321385e+00 4.493818e-02
001035 -1.584155e-01 -7.094030e+00 4.066731e-02
001036 -1.817262e-01 -6.867589e+00 3.554511e-02
001037 -2.082007e-01 -6.638255e+00 2.607704e-02
001038 -2.343012e-01 -6.412690e+00 1.689914e-02
001039 -2.605138e-01 -6.188841e+00 6.487083e-03
001040 -2.848702e-01 -5.965868e+00 -2.995286e-03
001041 -3.079171e-01 -5.742297e+00 -1.257988e-02
001042 -3.276403e-01 -5.519328e+00 -2.120828e-02
001043 -3.442492e-01 -5.296044e+00 -2.776683e-02
001044 -3.603525e-01 -5.068979e+00 -3.365884e-02
001045 -3.761889e-01 -4.833849e+00 -4.017510e-02
001046 -3.883831e-01 -4.586875e+00 -4.408253e-02
001047 -4.015895e-01 -4.328040e+00 -4.852264e-02
001048 -4.129028e-01 -4.057574e+00 -5.184738e-02
001049 -4.240876e-01 -3.776090e+00 -5.696394e-02
001050 -4.312891e-01 -3.483170e+00 -6.308662e-02
001051 -4.408512e-01 -3.181643e+00 -6.990187e-02
001052 -4.540060e-01 -2.872732e+00 -7.544684e-02
001053 -4.645429e-01 -2.555900e+00 -8.065293e-02
001054 -4.725894e-01 -2.231273e+00 -8.314586e-02
001055 -4.804756e-01 -1.896997e+00 -8.733471e-02
001056 -4.879376e-01 -1.556277e+00 -9.335250e-02
001057 -4.929063e-01 -1.206877e+00 -9.990064e-02
001058 -4.949177e-01 -8.506597e-01 -1.050763e-01
001059 -4.997101e-01 -4.851712e-01 -1.105933e-01
001060 -5.088378e-01 -1.088576e-01 -1.157865e-01
001061 -5.209827e-01 2.785206e-01 -1.196282e-01
001062 -5.115556e-01 6.797468e-01 -1.105472e-01
001063 -4.737364e-01 1.088900e+00 -9.224491e-02
001064 -4.339981e-01 1.492117e+00 -8.769902e-02
001065 -3.883676e-01 1.890361e+00 -8.660640e-02
001066 -3.696291e-01 2.281506e+00 -9.413486e-02
001067 -3.685772e-01 2.669212e+00 -9.619576e-02
001068 -3.877857e-01 3.050660e+00 -9.757224e-02
001069 -4.147316e-01 3.428579e+00 -9.948540e-02
001070 -4.428038e-01 3.803063e+00 -1.044886e-01
001071 -4.733750e-01 4.175334e+00 -1.130000e-01
001072 -5.212578e-01 4.545801e+00 -1.244534e-01
001073 -5.907949e-01 4.909245e+00 -1.371187e-01
001074 -6.694622e-01 5.262875e+00 -1.454802e-01
001075 -7.540070e-01 5.608678e+00 -1.526452e-01
001076 -8.389403e-01 5.951591e+00 -1.577788e-01
001077 -9.296743e-01 6.291946e+00 -1.628340e-01
001078 -1.032008e+00 6.626423e+00 -1.682553e-01
001079 -1.135960e+00 6.958512e+00 -1.742996e-01
001080 -1.229340e+00 7.289411e+00 -1.749966e-01
001081 -1.312862e+00 7.617634e+00 -1.762270e-01
001082 -1.383808e+00 7.944145e+00 -1.783610e-01
001083 -1.438607e+00 8.249384e+00 -1.800396e-01
001084 -1.485319e+00 8.521081e+00 -1.784785e-01
001085 -1.531094e+00 8.751345e+00 -1.800686e-01
001086 -1.565470e+00 8.946937e+00 -1.843807e-01
001087 -1.589383e+00 9.106580e+00 -1.876084e-01
001088 -1.603789e+00 9.232185e+00 -1.880929e-01
001089 -1.615795e+00 9.324632e+00 -1.881750e-01
001090 -1.626597e+00 9.380866e+00 -1.885721e-01
001091 -1.634967e+00 9.405472e+00 -1.888051e-01
001092 -1.635852e+00 9.404838e+00 -1.890361e-01
001093 -1.636807e+00 9.386956e+00 -1.924645e-01
001094 -1.637558e+00 9.378778e+00 -1.977199e-01
001095 -1.640332e+00 9.376167e+00 -1.993791e-01
001096 -1.641127e+00 9.372464e+00 -1.963128e-01
001097 -1.643107e+00 9.369584e+00 -1.932542e-01
001098 -1.643540e+00 9.371050e+00 -1.932834e-01
001099 -1.643726e+00 9.370281e+00 -1.924916e-01
001100 -1.643555e+00 9.367453e+00 -1.910780e-01
