000000 5.551115e-17 2.220446e-16 0.000000e+00
000001 2.138869e-02 2.880714e-01 -8.456433e-03
000002 3.879027e-02 5.807338e-01 -1.513783e-02
000003 5.418066e-02 8.792349e-01 -2.008116e-02
000004 6.515084e-02 1.185210e+00 -2.474146e-02
000005 7.053236e-02 1.500857e+00 -2.883154e-02
000006 6.976838e-02 1.824326e+00 -3.440223e-02
000007 5.785896e-02 2.161983e+00 -4.333150e-02
000008 3.493816e-02 2.516769e+00 -5.403998e-02
000009 3.415143e-03 2.875512e+00 -6.304966e-02
000010 -3.086300e-02 3.247151e+00 -7.085384e-02
000011 -7.130281e-02 3.630711e+00 -7.742982e-02
000012 -1.231303e-01 4.021896e+00 -8.517902e-02
000013 -1.931244e-01 4.418357e+00 -9.480390e-02
000014 -2.714242e-01 4.828313e+00 -1.043554e-01
000015 -3.555623e-01 5.248722e+00 -1.137549e-01
000016 -4.410342e-01 5.683091e+00 -1.230564e-01
000017 -5.276696e-01 6.127820e+00 -1.316203e-01
000018 -6.223879e-01 6.586939e+00 -1.398923e-01
000019 -7.270140e-01 7.057528e+00 -1.495504e-01
000020 -8.348053e-01 7.548378e+00 -1.604265e-01
000021 -9.419591e-01 8.041587e+00 -1.729816e-01
000022 -1.052874e+00 8.554975e+00 -1.870514e-01
000023 -1.178089e+00 9.075980e+00 -2.016067e-01
000024 -1.317954e+00 9.607606e+00 -2.194403e-01
000025 -1.461512e+00 1.014898e+01 -2.434394e-01
000026 -1.600917e+00 1.069971e+01 -2.736564e-01
000027 -1.746028e+00 1.126149e+01 -3.017085e-01
000028 -1.902902e+00 1.182926e+01 -3.279271e-01
000029 -2.073218e+00 1.241106e+01 -3.566836e-01
000030 -2.247333e+00 1.300126e+01 -3.862946e-01
000031 -2.430940e+00 1.360353e+01 -4.149226e-01
000032 -2.620930e+00 1.421692e+01 -4.420317e-01
000033 -2.819369e+00 1.484155e+01 -4.781374e-01
000034 -3.024731e+00 1.547709e+01 -5.190175e-01
000035 -3.237328e+00 1.612456e+01 -5.701376e-01
000036 -3.471584e+00 1.679489e+01 -6.308148e-01
000037 -3.703617e+00 1.744154e+01 -6.968511e-01
000038 -3.951023e+00 1.811394e+01 -7.690047e-01
000039 -4.206227e+00 1.880104e+01 -8.443717e-01
000040 -4.466634e+00 1.949749e+01 -9.233994e-01
000041 -4.730674e+00 2.020757e+01 -1.007318e+00
000042 -5.002325e+00 2.092425e+01 -1.091050e+00
000043 -5.285312e+00 2.165513e+01 -1.174887e+00
000044 -5.575589e+00 2.238962e+01 -1.260053e+00
000045 -5.895726e+00 2.314117e+01 -1.353119e+00
000046 -6.215009e+00 2.387854e+01 -1.438960e+00
000047 -6.553189e+00 2.462981e+01 -1.526495e+00
000048 -6.893668e+00 2.538492e+01 -1.606967e+00
000049 -7.246162e+00 2.614716e+01 -1.685830e+00
000050 -7.606334e+00 2.691437e+01 -1.761966e+00
000051 -7.982190e+00 2.768873e+01 -1.839860e+00
000052 -8.362269e+00 2.846912e+01 -1.915761e+00
000053 -8.757075e+00 2.926142e+01 -1.990234e+00
000054 -9.164411e+00 3.005971e+01 -2.060214e+00
000055 -9.580703e+00 3.086421e+01 -2.130016e+00
000056 -1.000712e+01 3.167496e+01 -2.196452e+00
000057 -1.044426e+01 3.249206e+01 -2.258264e+00
000058 -1.089504e+01 3.331700e+01 -2.319480e+00
000059 -1.135407e+01 3.415206e+01 -2.381080e+00
000060 -1.182494e+01 3.499697e+01 -2.443855e+00
000061 -1.230225e+01 3.584444e+01 -2.505327e+00
000062 -1.279251e+01 3.672204e+01 -2.570879e+00
000063 -1.328826e+01 3.761620e+01 -2.638091e+00
000064 -1.378452e+01 3.851664e+01 -2.707338e+00
000065 -1.428954e+01 3.942708e+01 -2.775142e+00
000066 -1.480797e+01 4.034309e+01 -2.841759e+00
000067 -1.533465e+01 4.126523e+01 -2.909137e+00
000068 -1.586740e+01 4.219040e+01 -2.976585e+00
000069 -1.640548e+01 4.311456e+01 -3.043619e+00
000070 -1.694522e+01 4.403507e+01 -3.108900e+00
000071 -1.749249e+01 4.494973e+01 -3.173069e+00
000072 -1.804673e+01 4.585695e+01 -3.235637e+00
000073 -1.861936e+01 4.676609e+01 -3.298545e+00
000074 -1.921229e+01 4.766232e+01 -3.356507e+00
000075 -1.982282e+01 4.855068e+01 -3.410242e+00
000076 -2.043384e+01 4.943336e+01 -3.465273e+00
000077 -2.105696e+01 5.029682e+01 -3.517140e+00
000078 -2.167507e+01 5.115815e+01 -3.574727e+00
000079 -2.229860e+01 5.201179e+01 -3.635034e+00
000080 -2.292529e+01 5.287389e+01 -3.696616e+00
000081 -2.356010e+01 5.373417e+01 -3.761561e+00
000082 -2.420131e+01 5.459689e+01 -3.822517e+00
000083 -2.484571e+01 5.545675e+01 -3.875701e+00
000084 -2.549478e+01 5.631342e+01 -3.921434e+00
000085 -2.614832e+01 5.717032e+01 -3.971575e+00
000086 -2.680899e+01 5.801515e+01 -4.019298e+00
000087 -2.748253e+01 5.886465e+01 -4.070618e+00
000088 -2.815970e+01 5.969578e+01 -4.126091e+00
000089 -2.884498e+01 6.053112e+01 -4.187294e+00
000090 -2.954119e+01 6.136091e+01 -4.248257e+00
000091 -3.024500e+01 6.219212e+01 -4.308387e+00
000092 -3.095782e+01 6.301777e+01 -4.369134e+00
000093 -3.167830e+01 6.384049e+01 -4.431688e+00
000094 -3.241736e+01 6.466956e+01 -4.495389e+00
000095 -3.316065e+01 6.548993e+01 -4.558237e+00
000096 -3.390236e+01 6.629394e+01 -4.621788e+00
000097 -3.467370e+01 6.709446e+01 -4.690830e+00
000098 -3.545262e+01 6.789101e+01 -4.759468e+00
000099 -3.625058e+01 6.868199e+01 -4.834985e+00
000100 -3.705458e+01 6.947298e+01 -4.906233e+00
000101 -3.787518e+01 7.026199e+01 -4.981378e+00
000102 -3.869255e+01 7.105256e+01 -5.057858e+00
000103 -3.951886e+01 7.183896e+01 -5.137328e+00
000104 -4.035157e+01 7.262312e+01 -5.214173e+00
000105 -4.119284e+01 7.340570e+01 -5.292359e+00
000106 -4.204713e+01 7.418462e+01 -5.369497e+00
000107 -4.291451e+01 7.495793e+01 -5.443967e+00
000108 -4.378384e+01 7.573564e+01 -5.527046e+00
000109 -4.465831e+01 7.650974e+01 -5.602316e+00
000110 -4.553830e+01 7.727779e+01 -5.677124e+00
000111 -4.643229e+01 7.805127e+01 -5.751800e+00
000112 -4.733404e+01 7.882482e+01 -5.824835e+00
000113 -4.823900e+01 7.959620e+01 -5.898424e+00
000114 -4.915220e+01 8.036127e+01 -5.978524e+00
000115 -5.007598e+01 8.112920e+01 -6.064360e+00
000116 -5.100162e+01 8.189059e+01 -6.153399e+00
000117 -5.194082e+01 8.264668e+01 -6.240477e+00
000118 -5.289570e+01 8.339659e+01 -6.326822e+00
000119 -5.386648e+01 8.413486e+01 -6.412013e+00
000120 -5.484867e+01 8.486188e+01 -6.495943e+00
000121 -5.584158e+01 8.557728e+01 -6.577872e+00
000122 -5.684458e+01 8.628487e+01 -6.660712e+00
000123 -5.785918e+01 8.698373e+01 -6.747722e+00
000124 -5.888092e+01 8.767629e+01 -6.837334e+00
000125 -5.991653e+01 8.835909e+01 -6.928351e+00
000126 -6.096415e+01 8.902721e+01 -7.015079e+00
000127 -6.202188e+01 8.968383e+01 -7.102980e+00
000128 -6.309538e+01 9.032891e+01 -7.192800e+00
000129 -6.417133e+01 9.095949e+01 -7.283912e+00
000130 -6.526817e+01 9.158512e+01 -7.374808e+00
000131 -6.637327e+01 9.220094e+01 -7.465671e+00
000132 -6.748666e+01 9.280938e+01 -7.555186e+00
000133 -6.860646e+01 9.340826e+01 -7.643588e+00
000134 -6.972870e+01 9.399874e+01 -7.731317e+00
000135 -7.085828e+01 9.458336e+01 -7.820048e+00
000136 -7.199157e+01 9.515810e+01 -7.914147e+00
000137 -7.313057e+01 9.572828e+01 -8.011910e+00
000138 -7.426251e+01 9.628811e+01 -8.110093e+00
000139 -7.540274e+01 9.684446e+01 -8.209520e+00
000140 -7.658015e+01 9.741509e+01 -8.308009e+00
000141 -7.767611e+01 9.793967e+01 -8.396730e+00
000142 -7.880716e+01 9.847551e+01 -8.486978e+00
000143 -7.993532e+01 9.900669e+01 -8.574915e+00
000144 -8.106306e+01 9.953295e+01 -8.661986e+00
000145 -8.218012e+01 1.000567e+02 -8.741442e+00
000146 -8.328006e+01 1.005627e+02 -8.827999e+00
000147 -8.437076e+01 1.010627e+02 -8.914608e+00
000148 -8.546189e+01 1.015536e+02 -8.996530e+00
000149 -8.654683e+01 1.020328e+02 -9.072686e+00
000150 -8.762037e+01 1.025091e+02 -9.149512e+00
000151 -8.868276e+01 1.029766e+02 -9.227599e+00
000152 -8.974022e+01 1.034282e+02 -9.305889e+00
000153 -9.078632e+01 1.038744e+02 -9.383578e+00
000154 -9.182278e+01 1.043271e+02 -9.462617e+00
000155 -9.285032e+01 1.047844e+02 -9.540419e+00
000156 -9.387053e+01 1.052557e+02 -9.609312e+00
000157 -9.488237e+01 1.057334e+02 -9.680288e+00
000158 -9.588621e+01 1.062164e+02 -9.749076e+00
000159 -9.688157e+01 1.067096e+02 -9.818909e+00
000160 -9.786840e+01 1.072111e+02 -9.886761e+00
000161 -9.884290e+01 1.077189e+02 -9.958087e+00
000162 -9.980583e+01 1.082398e+02 -1.002675e+01
000163 -1.007547e+02 1.087790e+02 -1.009360e+01
000164 -1.016995e+02 1.093330e+02 -1.015566e+01
000165 -1.026360e+02 1.099002e+02 -1.021665e+01
000166 -1.035604e+02 1.104797e+02 -1.027636e+01
000167 -1.044750e+02 1.110646e+02 -1.032552e+01
000168 -1.053784e+02 1.116592e+02 -1.037734e+01
000169 -1.062592e+02 1.122557e+02 -1.042733e+01
000170 -1.071244e+02 1.128599e+02 -1.048384e+01
000171 -1.079760e+02 1.134723e+02 -1.053886e+01
000172 -1.088156e+02 1.140873e+02 -1.059968e+01
000173 -1.096406e+02 1.147106e+02 -1.065546e+01
000174 -1.104479e+02 1.153330e+02 -1.071449e+01
000175 -1.112427e+02 1.159602e+02 -1.076967e+01
000176 -1.120216e+02 1.165904e+02 -1.082745e+01
000177 -1.127849e+02 1.172256e+02 -1.088440e+01
000178 -1.135420e+02 1.178586e+02 -1.094072e+01
000179 -1.142854e+02 1.184946e+02 -1.099692e+01
000180 -1.150150e+02 1.191327e+02 -1.105074e+01
000181 -1.157305e+02 1.197729e+02 -1.110434e+01
000182 -1.164343e+02 1.204136e+02 -1.115559e+01
000183 -1.171234e+02 1.210568e+02 -1.120384e+01
000184 -1.177905e+02 1.216885e+02 -1.124261e+01
000185 -1.184457e+02 1.223238e+02 -1.128508e+01
000186 -1.190789e+02 1.229483e+02 -1.132614e+01
000187 -1.197016e+02 1.235775e+02 -1.136777e+01
000188 -1.203051e+02 1.242110e+02 -1.140579e+01
000189 -1.208956e+02 1.248571e+02 -1.144246e+01
000190 -1.214729e+02 1.255059e+02 -1.147772e+01
000191 -1.220228e+02 1.261435e+02 -1.151095e+01
000192 -1.225640e+02 1.267939e+02 -1.154304e+01
000193 -1.230910e+02 1.274499e+02 -1.157569e+01
000194 -1.236107e+02 1.281154e+02 -1.160825e+01
000195 -1.241152e+02 1.287847e+02 -1.163984e+01
000196 -1.246090e+02 1.294645e+02 -1.167018e+01
000197 -1.250882e+02 1.301548e+02 -1.170293e+01
000198 -1.255569e+02 1.308488e+02 -1.173561e+01
000199 -1.260103e+02 1.315496e+02 -1.177774e+01
000200 -1.264556e+02 1.322593e+02 -1.180813e+01
000201 -1.269007e+02 1.329864e+02 -1.183797e+01
000202 -1.273259e+02 1.336942e+02 -1.186483e+01
000203 -1.277507e+02 1.344241e+02 -1.189333e+01
000204 -1.281662e+02 1.351627e+02 -1.191791e+01
000205 -1.285745e+02 1.359153e+02 -1.193811e+01
000206 -1.289796e+02 1.366699e+02 -1.195018e+01
000207 -1.293903e+02 1.374388e+02 -1.196483e+01
000208 -1.297992e+02 1.382215e+02 -1.197619e+01
000209 -1.302152e+02 1.390168e+02 -1.198969e+01
000210 -1.306247e+02 1.398168e+02 -1.199943e+01
000211 -1.310349e+02 1.406304e+02 -1.200769e+01
000212 -1.314426e+02 1.414623e+02 -1.201240e+01
000213 -1.318502e+02 1.423079e+02 -1.201698e+01
000214 -1.322539e+02 1.431680e+02 -1.201933e+01
000215 -1.326563e+02 1.440415e+02 -1.202112e+01
000216 -1.330539e+02 1.449288e+02 -1.202274e+01
000217 -1.334442e+02 1.458318e+02 -1.202321e+01
000218 -1.338322e+02 1.467482e+02 -1.202503e+01
000219 -1.342211e+02 1.476967e+02 -1.202922e+01
000220 -1.345894e+02 1.486265e+02 -1.203712e+01
000221 -1.349441e+02 1.495973e+02 -1.205065e+01
000222 -1.352860e+02 1.505851e+02 -1.206100e+01
000223 -1.356069e+02 1.515955e+02 -1.207054e+01
000224 -1.359116e+02 1.526125e+02 -1.207541e+01
000225 -1.361882e+02 1.536548e+02 -1.208576e+01
000226 -1.364469e+02 1.547167e+02 -1.209323e+01
000227 -1.366825e+02 1.557900e+02 -1.209908e+01
000228 -1.369024e+02 1.568857e+02 -1.209800e+01
000229 -1.370941e+02 1.579996e+02 -1.209538e+01
000230 -1.372667e+02 1.591246e+02 -1.208864e+01
000231 -1.374145e+02 1.602678e+02 -1.208012e+01
000232 -1.375360e+02 1.614249e+02 -1.206524e+01
000233 -1.376386e+02 1.626009e+02 -1.205149e+01
000234 -1.377162e+02 1.637972e+02 -1.203634e+01
000235 -1.377702e+02 1.649998e+02 -1.201731e+01
000236 -1.378015e+02 1.662283e+02 -1.199947e+01
000237 -1.378118e+02 1.674517e+02 -1.198516e+01
000238 -1.377975e+02 1.686920e+02 -1.197241e+01
000239 -1.377602e+02 1.699379e+02 -1.196079e+01
000240 -1.376931e+02 1.711903e+02 -1.195174e+01
000241 -1.376033e+02 1.724609e+02 -1.194187e+01
000242 -1.374876e+02 1.737397e+02 -1.193709e+01
000243 -1.373423e+02 1.750193e+02 -1.194306e+01
000244 -1.371760e+02 1.763073e+02 -1.195029e+01
000245 -1.369802e+02 1.776055e+02 -1.196497e+01
000246 -1.367646e+02 1.789113e+02 -1.198376e+01
000247 -1.365221e+02 1.802277e+02 -1.201144e+01
000248 -1.362573e+02 1.815452e+02 -1.204258e+01
000249 -1.359617e+02 1.828797e+02 -1.208256e+01
000250 -1.356393e+02 1.842188e+02 -1.212331e+01
000251 -1.352905e+02 1.855514e+02 -1.216852e+01
000252 -1.349210e+02 1.868879e+02 -1.221523e+01
000253 -1.345303e+02 1.882314e+02 -1.226706e+01
000254 -1.341176e+02 1.895769e+02 -1.231567e+01
000255 -1.336769e+02 1.909279e+02 -1.236376e+01
000256 -1.332045e+02 1.922715e+02 -1.241575e+01
000257 -1.327041e+02 1.936195e+02 -1.247353e+01
000258 -1.321764e+02 1.949675e+02 -1.253918e+01
000259 -1.316211e+02 1.963008e+02 -1.261280e+01
000260 -1.310346e+02 1.976474e+02 -1.269471e+01
000261 -1.304121e+02 1.989740e+02 -1.278312e+01
000262 -1.297556e+02 2.003057e+02 -1.287573e+01
000263 -1.290608e+02 2.016167e+02 -1.297300e+01
000264 -1.283250e+02 2.029078e+02 -1.307773e+01
000265 -1.275470e+02 2.041905e+02 -1.318252e+01
000266 -1.267314e+02 2.054460e+02 -1.329464e+01
000267 -1.258796e+02 2.066836e+02 -1.341339e+01
000268 -1.249940e+02 2.078983e+02 -1.353728e+01
000269 -1.240689e+02 2.090904e+02 -1.367026e+01
000270 -1.231156e+02 2.102655e+02 -1.380930e+01
000271 -1.221292e+02 2.114240e+02 -1.395312e+01
000272 -1.211117e+02 2.125536e+02 -1.409866e+01
000273 -1.200725e+02 2.136630e+02 -1.424635e+01
000274 -1.190042e+02 2.147483e+02 -1.439724e+01
000275 -1.179114e+02 2.158204e+02 -1.455461e+01
000276 -1.167977e+02 2.168677e+02 -1.471793e+01
000277 -1.156567e+02 2.178953e+02 -1.488974e+01
000278 -1.145005e+02 2.188995e+02 -1.505999e+01
000279 -1.133266e+02 2.198821e+02 -1.522932e+01
000280 -1.121403e+02 2.208287e+02 -1.539873e+01
000281 -1.109463e+02 2.217455e+02 -1.556587e+01
000282 -1.097418e+02 2.226219e+02 -1.573251e+01
000283 -1.085346e+02 2.234648e+02 -1.589865e+01
000284 -1.073071e+02 2.242815e+02 -1.606679e+01
000285 -1.060712e+02 2.250551e+02 -1.623283e+01
000286 -1.048297e+02 2.257980e+02 -1.639478e+01
000287 -1.035830e+02 2.265016e+02 -1.655412e+01
000288 -1.023303e+02 2.271631e+02 -1.670912e+01
000289 -1.010709e+02 2.277927e+02 -1.686140e+01
000290 -9.981459e+01 2.283830e+02 -1.701115e+01
000291 -9.854908e+01 2.289348e+02 -1.716162e+01
000292 -9.728755e+01 2.294536e+02 -1.731059e+01
000293 -9.602574e+01 2.299362e+02 -1.745580e+01
000294 -9.476526e+01 2.303936e+02 -1.760194e+01
000295 -9.351167e+01 2.308192e+02 -1.774895e+01
000296 -9.227409e+01 2.312075e+02 -1.790266e+01
000297 -9.104012e+01 2.315729e+02 -1.806044e+01
000298 -8.980706e+01 2.319127e+02 -1.822511e+01
000299 -8.857746e+01 2.322234e+02 -1.839359e+01
000300 -8.735636e+01 2.325085e+02 -1.855902e+01
000301 -8.613843e+01 2.327642e+02 -1.872416e+01
000302 -8.492355e+01 2.329934e+02 -1.888775e+01
000303 -8.371282e+01 2.331988e+02 -1.904863e+01
000304 -8.250969e+01 2.333727e+02 -1.920896e+01
000305 -8.131714e+01 2.335316e+02 -1.936977e+01
000306 -8.013180e+01 2.336653e+02 -1.952757e+01
000307 -7.895298e+01 2.337739e+02 -1.968703e+01
000308 -7.777811e+01 2.338599e+02 -1.984734e+01
000309 -7.659714e+01 2.339286e+02 -2.000318e+01
000310 -7.546824e+01 2.339791e+02 -2.015044e+01
000311 -7.433738e+01 2.340179e+02 -2.029495e+01
000312 -7.322171e+01 2.340470e+02 -2.043837e+01
000313 -7.211428e+01 2.340698e+02 -2.057930e+01
000314 -7.102345e+01 2.340860e+02 -2.072490e+01
000315 -6.995117e+01 2.340942e+02 -2.087505e+01
000316 -6.888154e+01 2.340987e+02 -2.102076e+01
000317 -6.781083e+01 2.340967e+02 -2.116769e+01
000318 -6.674442e+01 2.340897e+02 -2.130620e+01
000319 -6.569534e+01 2.340821e+02 -2.143534e+01
000320 -6.465882e+01 2.340770e+02 -2.156167e+01
000321 -6.363127e+01 2.340730e+02 -2.168850e+01
000322 -6.261250e+01 2.340729e+02 -2.181801e+01
000323 -6.159595e+01 2.340761e+02 -2.194850e+01
000324 -6.058819e+01 2.340809e+02 -2.207608e+01
000325 -5.958519e+01 2.340933e+02 -2.220492e+01
000326 -5.858962e+01 2.341095e+02 -2.233445e+01
000327 -5.758997e+01 2.341299e+02 -2.246446e+01
000328 -5.659296e+01 2.341542e+02 -2.259437e+01
000329 -5.561261e+01 2.341831e+02 -2.272297e+01
000330 -5.463127e+01 2.342213e+02 -2.284877e+01
000331 -5.364951e+01 2.342666e+02 -2.297595e+01
000332 -5.266948e+01 2.343208e+02 -2.310390e+01
000333 -5.169180e+01 2.343808e+02 -2.322962e+01
000334 -5.071747e+01 2.344474e+02 -2.335302e+01
000335 -4.975239e+01 2.345210e+02 -2.347790e+01
000336 -4.878998e+01 2.346005e+02 -2.359769e+01
000337 -4.782873e+01 2.346851e+02 -2.371823e+01
000338 -4.686941e+01 2.347793e+02 -2.384177e+01
000339 -4.591473e+01 2.348807e+02 -2.396567e+01
000340 -4.496036e+01 2.349871e+02 -2.408941e+01
000341 -4.400878e+01 2.351012e+02 -2.421455e+01
000342 -4.305660e+01 2.352214e+02 -2.433575e+01
000343 -4.210966e+01 2.353479e+02 -2.445463e+01
000344 -4.116675e+01 2.354786e+02 -2.457047e+01
000345 -4.022656e+01 2.356150e+02 -2.468721e+01
000346 -3.929119e+01 2.357584e+02 -2.480560e+01
000347 -3.836062e+01 2.359109e+02 -2.492222e+01
000348 -3.743651e+01 2.360723e+02 -2.503558e+01
000349 -3.651652e+01 2.362425e+02 -2.515044e+01
000350 -3.559589e+01 2.364208e+02 -2.526483e+01
000351 -3.467183e+01 2.366029e+02 -2.537859e+01
000352 -3.374449e+01 2.367860e+02 -2.549004e+01
000353 -3.281121e+01 2.369709e+02 -2.560259e+01
000354 -3.187210e+01 2.371592e+02 -2.571650e+01
000355 -3.092803e+01 2.373485e+02 -2.583305e+01
000356 -2.998093e+01 2.375425e+02 -2.595197e+01
000357 -2.903001e+01 2.377390e+02 -2.607414e+01
000358 -2.807792e+01 2.379448e+02 -2.619995e+01
000359 -2.712052e+01 2.381523e+02 -2.632376e+01
000360 -2.616421e+01 2.383612e+02 -2.645236e+01
000361 -2.520641e+01 2.385754e+02 -2.657591e+01
000362 -2.424773e+01 2.387918e+02 -2.669510e+01
000363 -2.328840e+01 2.390146e+02 -2.681809e+01
000364 -2.232641e+01 2.392487e+02 -2.694049e+01
000365 -2.136288e+01 2.394902e+02 -2.706134e+01
000366 -2.042015e+01 2.397378e+02 -2.718237e+01
000367 -1.947329e+01 2.399989e+02 -2.730342e+01
000368 -1.852760e+01 2.402693e+02 -2.742264e+01
000369 -1.758590e+01 2.405579e+02 -2.754421e+01
000370 -1.665096e+01 2.408545e+02 -2.766418e+01
000371 -1.571651e+01 2.411633e+02 -2.778349e+01
000372 -1.478774e+01 2.414843e+02 -2.790214e+01
000373 -1.386544e+01 2.418115e+02 -2.802279e+01
000374 -1.294415e+01 2.421516e+02 -2.814553e+01
000375 -1.202778e+01 2.424978e+02 -2.826671e+01
000376 -1.111234e+01 2.428532e+02 -2.838624e+01
000377 -1.020216e+01 2.432173e+02 -2.850521e+01
000378 -9.297034e+00 2.435898e+02 -2.862274e+01
000379 -8.398430e+00 2.439669e+02 -2.873833e+01
000380 -7.504105e+00 2.443519e+02 -2.885496e+01
000381 -6.615868e+00 2.447410e+02 -2.896837e+01
000382 -5.736688e+00 2.451390e+02 -2.908337e+01
000383 -4.863903e+00 2.455429e+02 -2.919595e+01
000384 -4.000885e+00 2.459502e+02 -2.930581e+01
000385 -3.138302e+00 2.463659e+02 -2.941357e+01
000386 -2.279275e+00 2.467944e+02 -2.951821e+01
000387 -1.445171e+00 2.472235e+02 -2.961846e+01
000388 -6.089908e-01 2.476612e+02 -2.971750e+01
000389 2.183283e-01 2.481060e+02 -2.981292e+01
000390 1.045353e+00 2.485608e+02 -2.991067e+01
000391 1.859248e+00 2.490180e+02 -3.000435e+01
000392 2.670980e+00 2.494807e+02 -3.009499e+01
000393 3.471952e+00 2.499508e+02 -3.018500e+01
000394 4.271917e+00 2.504292e+02 -3.027453e+01
000395 5.069513e+00 2.509148e+02 -3.036317e+01
000396 5.864994e+00 2.514103e+02 -3.045063e+01
000397 6.657400e+00 2.519098e+02 -3.053540e+01
000398 7.450741e+00 2.524159e+02 -3.061794e+01
000399 8.235125e+00 2.529478e+02 -3.070780e+01
000400 9.016959e+00 2.534953e+02 -3.080137e+01
000401 9.801622e+00 2.540322e+02 -3.088791e+01
000402 1.058369e+01 2.545731e+02 -3.097495e+01
000403 1.136948e+01 2.551065e+02 -3.105756e+01
000404 1.215623e+01 2.556432e+02 -3.114299e+01
000405 1.295334e+01 2.561774e+02 -3.122648e+01
000406 1.374910e+01 2.567107e+02 -3.131135e+01
000407 1.454836e+01 2.572442e+02 -3.139186e+01
000408 1.534640e+01 2.577811e+02 -3.146761e+01
000409 1.614924e+01 2.583218e+02 -3.153968e+01
000410 1.695281e+01 2.588641e+02 -3.161045e+01
000411 1.775105e+01 2.594004e+02 -3.167773e+01
000412 1.855725e+01 2.599430e+02 -3.174541e+01
000413 1.936920e+01 2.604861e+02 -3.181498e+01
000414 2.018886e+01 2.610303e+02 -3.188088e+01
000415 2.100873e+01 2.615765e+02 -3.194455e+01
000416 2.182846e+01 2.621211e+02 -3.200561e+01
000417 2.264772e+01 2.626668e+02 -3.206667e+01
000418 2.346534e+01 2.632117e+02 -3.212407e+01
000419 2.428406e+01 2.637578e+02 -3.218277e+01
000420 2.509945e+01 2.643056e+02 -3.223898e+01
000421 2.590965e+01 2.648536e+02 -3.229336e+01
000422 2.671834e+01 2.654038e+02 -3.234532e+01
000423 2.752584e+01 2.659545e+02 -3.239374e+01
000424 2.833742e+01 2.665106e+02 -3.244106e+01
000425 2.913951e+01 2.670673e+02 -3.248768e+01
000426 2.993629e+01 2.676317e+02 -3.252924e+01
000427 3.072188e+01 2.682023e+02 -3.257164e+01
000428 3.151535e+01 2.687870e+02 -3.261117e+01
000429 3.228615e+01 2.693609e+02 -3.264565e+01
000430 3.306738e+01 2.699506e+02 -3.268100e+01
000431 3.383956e+01 2.705455e+02 -3.271451e+01
000432 3.460616e+01 2.711437e+02 -3.274316e+01
000433 3.537431e+01 2.717630e+02 -3.276919e+01
000434 3.612313e+01 2.723795e+02 -3.279600e+01
000435 3.688517e+01 2.730271e+02 -3.282239e+01
000436 3.761896e+01 2.736648e+02 -3.284713e+01
000437 3.836067e+01 2.743264e+02 -3.286961e+01
000438 3.909705e+01 2.749985e+02 -3.289032e+01
000439 3.983251e+01 2.756856e+02 -3.290687e+01
000440 4.056270e+01 2.763839e+02 -3.292236e+01
000441 4.129080e+01 2.770968e+02 -3.293282e+01
000442 4.201104e+01 2.778139e+02 -3.294048e+01
000443 4.272826e+01 2.785485e+02 -3.294141e+01
000444 4.343925e+01 2.792973e+02 -3.294227e+01
000445 4.413891e+01 2.800564e+02 -3.294108e+01
000446 4.483054e+01 2.808337e+02 -3.293892e+01
000447 4.551325e+01 2.816223e+02 -3.293165e+01
000448 4.618797e+01 2.824264e+02 -3.292048e+01
000449 4.685704e+01 2.832402e+02 -3.290812e+01
000450 4.751422e+01 2.840707e+02 -3.289560e+01
000451 4.816186e+01 2.849088e+02 -3.288378e+01
000452 4.880087e+01 2.857633e+02 -3.286705e+01
000453 4.943183e+01 2.866268e+02 -3.285123e+01
000454 5.005648e+01 2.875006e+02 -3.283393e+01
000455 5.067806e+01 2.883827e+02 -3.281862e+01
000456 5.129410e+01 2.892738e+02 -3.280140e+01
000457 5.190333e+01 2.901798e+02 -3.278135e+01
000458 5.250376e+01 2.910916e+02 -3.275836e+01
000459 5.310130e+01 2.920124e+02 -3.273217e+01
000460 5.369392e+01 2.929404e+02 -3.270406e+01
000461 5.428513e+01 2.938744e+02 -3.267788e+01
000462 5.487523e+01 2.948097e+02 -3.265164e+01
000463 5.546258e+01 2.957482e+02 -3.262805e+01
000464 5.605376e+01 2.966913e+02 -3.260911e+01
000465 5.664640e+01 2.976432e+02 -3.259218e+01
000466 5.724675e+01 2.985989e+02 -3.257634e+01
000467 5.784400e+01 2.995544e+02 -3.255846e+01
000468 5.844553e+01 3.005130e+02 -3.254287e+01
000469 5.904661e+01 3.014742e+02 -3.252555e+01
000470 5.964824e+01 3.024387e+02 -3.251206e+01
000471 6.025245e+01 3.034051e+02 -3.249993e+01
000472 6.085575e+01 3.043772e+02 -3.248820e+01
000473 6.145457e+01 3.053532e+02 -3.247657e+01
000474 6.204386e+01 3.063306e+02 -3.246368e+01
000475 6.262684e+01 3.073125e+02 -3.245287e+01
000476 6.320067e+01 3.082986e+02 -3.244101e+01
000477 6.376115e+01 3.092962e+02 -3.242862e+01
000478 6.430564e+01 3.102960e+02 -3.241601e+01
000479 6.483487e+01 3.113014e+02 -3.240129e+01
000480 6.534992e+01 3.123119e+02 -3.238606e+01
000481 6.584964e+01 3.133280e+02 -3.236908e+01
000482 6.633619e+01 3.143430e+02 -3.234945e+01
000483 6.680683e+01 3.153642e+02 -3.232900e+01
000484 6.726172e+01 3.163929e+02 -3.230847e+01
000485 6.769762e+01 3.174229e+02 -3.228716e+01
000486 6.811608e+01 3.184582e+02 -3.226561e+01
000487 6.851895e+01 3.194969e+02 -3.224256e+01
000488 6.891120e+01 3.205379e+02 -3.221964e+01
000489 6.929662e+01 3.215796e+02 -3.219587e+01
000490 6.968136e+01 3.226199e+02 -3.217085e+01
000491 7.006439e+01 3.236608e+02 -3.214709e+01
000492 7.044427e+01 3.247015e+02 -3.212381e+01
000493 7.081841e+01 3.257426e+02 -3.210145e+01
000494 7.118513e+01 3.267834e+02 -3.208036e+01
000495 7.154449e+01 3.278233e+02 -3.206064e+01
000496 7.189744e+01 3.288691e+02 -3.204255e+01
000497 7.223984e+01 3.299145e+02 -3.202417e+01
000498 7.257908e+01 3.309626e+02 -3.200816e+01
000499 7.290725e+01 3.320149e+02 -3.198875e+01
000500 7.322541e+01 3.330660e+02 -3.196820e+01
000501 7.353763e+01 3.341099e+02 -3.194626e+01
000502 7.384678e+01 3.351522e+02 -3.192828e+01
000503 7.415395e+01 3.361900e+02 -3.191045e+01
000504 7.445680e+01 3.372283e+02 -3.189088e+01
000505 7.475129e+01 3.382575e+02 -3.187433e+01
000506 7.504168e+01 3.392779e+02 -3.186005e+01
000507 7.533938e+01 3.402804e+02 -3.184496e+01
000508 7.564658e+01 3.412657e+02 -3.183043e+01
000509 7.596199e+01 3.422291e+02 -3.181686e+01
000510 7.628669e+01 3.431793e+02 -3.180263e+01
000511 7.661429e+01 3.441086e+02 -3.178885e+01
000512 7.694057e+01 3.450200e+02 -3.177555e+01
000513 7.726414e+01 3.459187e+02 -3.176135e+01
000514 7.758804e+01 3.468106e+02 -3.174891e+01
000515 7.790573e+01 3.477052e+02 -3.173516e+01
000516 7.821710e+01 3.485992e+02 -3.172234e+01
000517 7.851685e+01 3.494904e+02 -3.170691e+01
000518 7.880464e+01 3.503859e+02 -3.168943e+01
000519 7.907651e+01 3.512823e+02 -3.167291e+01
000520 7.933206e+01 3.521784e+02 -3.165684e+01
000521 7.957169e+01 3.530776e+02 -3.164085e+01
000522 7.978843e+01 3.539707e+02 -3.162513e+01
000523 7.998163e+01 3.548763e+02 -3.160841e+01
000524 8.014676e+01 3.557830e+02 -3.159145e+01
000525 8.028920e+01 3.566801e+02 -3.157733e+01
000526 8.040211e+01 3.575935e+02 -3.155984e+01
000527 8.048729e+01 3.585136e+02 -3.154180e+01
000528 8.054421e+01 3.594226e+02 -3.152557e+01
000529 8.057789e+01 3.603471e+02 -3.150891e+01
000530 8.057910e+01 3.612565e+02 -3.149357e+01
000531 8.055395e+01 3.621817e+02 -3.148122e+01
000532 8.050377e+01 3.631079e+02 -3.146835e+01
000533 8.042244e+01 3.640223e+02 -3.145847e+01
000534 8.032530e+01 3.649501e+02 -3.144743e+01
000535 8.020825e+01 3.658859e+02 -3.143001e+01
000536 8.007791e+01 3.668241e+02 -3.141455e+01
000537 7.994829e+01 3.677646e+02 -3.139688e+01
000538 7.981544e+01 3.687053e+02 -3.137499e+01
000539 7.968395e+01 3.696588e+02 -3.135541e+01
000540 7.955293e+01 3.706239e+02 -3.134232e+01
000541 7.942602e+01 3.716010e+02 -3.133323e+01
000542 7.930568e+01 3.725851e+02 -3.132438e+01
000543 7.918987e+01 3.735762e+02 -3.131667e+01
000544 7.907540e+01 3.745782e+02 -3.131062e+01
000545 7.896176e+01 3.755915e+02 -3.130580e+01
000546 7.884772e+01 3.766174e+02 -3.130379e+01
000547 7.873066e+01 3.776606e+02 -3.130337e+01
000548 7.860938e+01 3.787144e+02 -3.130390e+01
000549 7.848722e+01 3.797791e+02 -3.130288e+01
000550 7.836387e+01 3.808531e+02 -3.130012e+01
000551 7.823690e+01 3.819360e+02 -3.129765e+01
000552 7.810922e+01 3.830249e+02 -3.129518e+01
000553 7.798045e+01 3.841197e+02 -3.129528e+01
000554 7.785278e+01 3.852237e+02 -3.130306e+01
000555 7.772434e+01 3.863317e+02 -3.131219e+01
000556 7.759240e+01 3.874466e+02 -3.132406e+01
000557 7.745375e+01 3.885622e+02 -3.133599e+01
000558 7.730367e+01 3.896735e+02 -3.134834e+01
000559 7.714432e+01 3.907854e+02 -3.136269e+01
000560 7.697095e+01 3.918934e+02 -3.137711e+01
000561 7.678571e+01 3.929985e+02 -3.139270e+01
000562 7.658879e+01 3.941042e+02 -3.140867e+01
000563 7.638134e+01 3.952089e+02 -3.142457e+01
000564 7.616426e+01 3.963079e+02 -3.144009e+01
000565 7.593686e+01 3.974008e+02 -3.145710e+01
000566 7.569807e+01 3.984859e+02 -3.147379e+01
000567 7.545311e+01 3.995639e+02 -3.149232e+01
000568 7.520190e+01 4.006413e+02 -3.151505e+01
000569 7.494731e+01 4.017126e+02 -3.154084e+01
000570 7.468782e+01 4.027781e+02 -3.156546e+01
000571 7.442503e+01 4.038427e+02 -3.158923e+01
000572 7.415678e+01 4.049015e+02 -3.161778e+01
000573 7.388059e+01 4.059596e+02 -3.164410e+01
000574 7.359545e+01 4.070193e+02 -3.166936e+01
000575 7.330042e+01 4.080800e+02 -3.169988e+01
000576 7.300156e+01 4.091401e+02 -3.172440e+01
000577 7.269584e+01 4.101997e+02 -3.174900e+01
000578 7.238689e+01 4.112612e+02 -3.177891e+01
000579 7.207703e+01 4.123250e+02 -3.180392e+01
000580 7.176328e+01 4.133909e+02 -3.182436e+01
000581 7.145234e+01 4.144546e+02 -3.184176e+01
000582 7.114226e+01 4.155184e+02 -3.185764e+01
000583 7.083109e+01 4.165892e+02 -3.187188e+01
000584 7.051687e+01 4.176604e+02 -3.188610e+01
000585 7.019949e+01 4.187326e+02 -3.190021e+01
000586 6.987920e+01 4.198042e+02 -3.191565e+01
000587 6.955540e+01 4.208789e+02 -3.193043e+01
000588 6.922650e+01 4.219547e+02 -3.194570e+01
000589 6.889716e+01 4.230276e+02 -3.195867e+01
000590 6.856748e+01 4.240987e+02 -3.197007e+01
000591 6.823610e+01 4.251672e+02 -3.197932e+01
000592 6.790725e+01 4.262316e+02 -3.198673e+01
000593 6.758285e+01 4.272967e+02 -3.199085e+01
000594 6.726082e+01 4.283636e+02 -3.199343e+01
000595 6.694492e+01 4.294275e+02 -3.199838e+01
000596 6.663004e+01 4.304897e+02 -3.200244e+01
000597 6.631324e+01 4.315526e+02 -3.200341e+01
000598 6.599975e+01 4.326125e+02 -3.200405e+01
000599 6.569263e+01 4.336679e+02 -3.200540e+01
000600 6.539174e+01 4.347180e+02 -3.200794e+01
000601 6.509184e+01 4.357636e+02 -3.200684e+01
000602 6.479530e+01 4.368145e+02 -3.200634e+01
000603 6.450167e+01 4.378569e+02 -3.200146e+01
000604 6.420944e+01 4.388958e+02 -3.199374e+01
000605 6.391835e+01 4.399266e+02 -3.198437e+01
000606 6.363492e+01 4.409510e+02 -3.197432e+01
000607 6.334747e+01 4.419773e+02 -3.196290e+01
000608 6.306845e+01 4.429952e+02 -3.195175e+01
000609 6.278947e+01 4.440057e+02 -3.194208e+01
000610 6.251137e+01 4.450131e+02 -3.193323e+01
000611 6.223499e+01 4.460174e+02 -3.192276e+01
000612 6.195669e+01 4.470157e+02 -3.191215e+01
000613 6.168102e+01 4.480051e+02 -3.190034e+01
000614 6.140554e+01 4.489871e+02 -3.188699e+01
000615 6.113348e+01 4.499612e+02 -3.187437e+01
000616 6.085985e+01 4.509360e+02 -3.185869e+01
000617 6.058852e+01 4.519056e+02 -3.183939e+01
000618 6.031862e+01 4.528672e+02 -3.182137e+01
000619 6.004749e+01 4.538214e+02 -3.180084e+01
000620 5.977363e+01 4.547706e+02 -3.177269e+01
000621 5.949952e+01 4.557181e+02 -3.174500e+01
000622 5.922788e+01 4.566613e+02 -3.171546e+01
000623 5.895936e+01 4.575985e+02 -3.168792e+01
000624 5.868217e+01 4.585292e+02 -3.165710e+01
000625 5.841123e+01 4.594540e+02 -3.162677e+01
000626 5.813871e+01 4.603793e+02 -3.159279e+01
000627 5.786716e+01 4.612989e+02 -3.155486e+01
000628 5.759517e+01 4.622195e+02 -3.151624e+01
000629 5.732346e+01 4.631328e+02 -3.147316e+01
000630 5.705466e+01 4.640352e+02 -3.143032e+01
000631 5.678473e+01 4.649402e+02 -3.139085e+01
000632 5.651312e+01 4.658380e+02 -3.135051e+01
000633 5.624359e+01 4.667311e+02 -3.131104e+01
000634 5.597516e+01 4.676161e+02 -3.126845e+01
000635 5.570642e+01 4.684902e+02 -3.122947e+01
000636 5.544306e+01 4.693590e+02 -3.118950e+01
000637 5.519015e+01 4.702193e+02 -3.114825e+01
000638 5.493808e+01 4.710680e+02 -3.110661e+01
000639 5.468622e+01 4.719076e+02 -3.106783e+01
000640 5.443976e+01 4.727303e+02 -3.102890e+01
000641 5.419609e+01 4.735398e+02 -3.098990e+01
000642 5.395765e+01 4.743351e+02 -3.095139e+01
000643 5.372093e+01 4.751187e+02 -3.091411e+01
000644 5.348669e+01 4.758951e+02 -3.087727e+01
000645 5.325673e+01 4.766670e+02 -3.084191e+01
000646 5.302994e+01 4.774350e+02 -3.080574e+01
000647 5.280553e+01 4.782003e+02 -3.077058e+01
000648 5.258238e+01 4.789637e+02 -3.073711e+01
000649 5.236818e+01 4.797274e+02 -3.070384e+01
000650 5.215897e+01 4.804948e+02 -3.067249e+01
000651 5.195650e+01 4.812619e+02 -3.063856e+01
000652 5.176125e+01 4.820291e+02 -3.060419e+01
000653 5.157938e+01 4.828083e+02 -3.056469e+01
000654 5.141261e+01 4.835742e+02 -3.052561e+01
000655 5.126480e+01 4.843504e+02 -3.048336e+01
000656 5.112985e+01 4.851306e+02 -3.043579e+01
000657 5.101388e+01 4.858993e+02 -3.038739e+01
000658 5.092373e+01 4.866859e+02 -3.033843e+01
000659 5.085612e+01 4.874558e+02 -3.029042e+01
000660 5.081291e+01 4.882488e+02 -3.023839e+01
000661 5.078958e+01 4.890397e+02 -3.018975e+01
000662 5.078273e+01 4.898147e+02 -3.014069e+01
000663 5.079808e+01 4.906097e+02 -3.009257e+01
000664 5.083755e+01 4.914043e+02 -3.004458e+01
000665 5.089584e+01 4.921865e+02 -2.999420e+01
000666 5.097871e+01 4.929845e+02 -2.994151e+01
000667 5.107691e+01 4.937676e+02 -2.988899e+01
000668 5.120034e+01 4.945665e+02 -2.983565e+01
000669 5.134527e+01 4.953675e+02 -2.978214e+01
000670 5.150743e+01 4.961540e+02 -2.973015e+01
000671 5.169023e+01 4.969540e+02 -2.967656e+01
000672 5.188905e+01 4.977384e+02 -2.962201e+01
000673 5.210391e+01 4.985380e+02 -2.956599e+01
000674 5.233480e+01 4.993404e+02 -2.951232e+01
000675 5.257730e+01 5.001304e+02 -2.945884e+01
000676 5.283706e+01 5.009295e+02 -2.940357e+01
000677 5.311500e+01 5.017272e+02 -2.934870e+01
000678 5.340723e+01 5.025154e+02 -2.929596e+01
000679 5.371836e+01 5.033105e+02 -2.924292e+01
000680 5.404875e+01 5.040955e+02 -2.918701e+01
000681 5.439704e+01 5.048849e+02 -2.913444e+01
000682 5.475466e+01 5.056708e+02 -2.908324e+01
000683 5.512853e+01 5.064413e+02 -2.902950e+01
000684 5.551857e+01 5.072150e+02 -2.897454e+01
000685 5.592001e+01 5.079885e+02 -2.892099e+01
000686 5.633078e+01 5.087464e+02 -2.887181e+01
000687 5.676502e+01 5.095093e+02 -2.881938e+01
000688 5.722092e+01 5.102608e+02 -2.876947e+01
000689 5.769773e+01 5.109963e+02 -2.872154e+01
000690 5.819202e+01 5.117304e+02 -2.867046e+01
000691 5.870363e+01 5.124344e+02 -2.862006e+01
000692 5.923643e+01 5.131364e+02 -2.856822e+01
000693 5.978904e+01 5.138240e+02 -2.851717e+01
000694 6.035691e+01 5.144741e+02 -2.846556e+01
000695 6.094103e+01 5.151230e+02 -2.841393e+01
000696 6.154043e+01 5.157527e+02 -2.836362e+01
000697 6.214796e+01 5.163489e+02 -2.831325e+01
000698 6.277411e+01 5.169483e+02 -2.826593e+01
000699 6.341000e+01 5.175230e+02 -2.821523e+01
000700 6.406358e+01 5.180987e+02 -2.816320e+01
000701 6.472637e+01 5.186677e+02 -2.810952e+01
000702 6.539789e+01 5.192173e+02 -2.805897e+01
000703 6.608128e+01 5.197634e+02 -2.800302e+01
000704 6.678150e+01 5.202979e+02 -2.794340e+01
000705 6.749669e+01 5.208146e+02 -2.788382e+01
000706 6.822668e+01 5.213332e+02 -2.782480e+01
000707 6.896467e+01 5.218221e+02 -2.776260e+01
000708 6.972064e+01 5.223072e+02 -2.769845e+01
000709 7.049014e+01 5.227752e+02 -2.763187e+01
000710 7.126995e+01 5.232094e+02 -2.756393e+01
000711 7.206765e+01 5.236424e+02 -2.749619e+01
000712 7.288195e+01 5.240537e+02 -2.743168e+01
000713 7.370685e+01 5.244314e+02 -2.736328e+01
000714 7.454929e+01 5.248091e+02 -2.729490e+01
000715 7.540261e+01 5.251532e+02 -2.722692e+01
000716 7.627214e+01 5.254938e+02 -2.715831e+01
000717 7.715385e+01 5.258152e+02 -2.709050e+01
000718 7.804891e+01 5.260993e+02 -2.702582e+01
000719 7.895806e+01 5.263779e+02 -2.696030e+01
000720 7.988199e+01 5.266331e+02 -2.689512e+01
000721 8.081229e+01 5.268463e+02 -2.682926e+01
000722 8.175988e+01 5.270519e+02 -2.676321e+01
000723 8.271544e+01 5.272117e+02 -2.669427e+01
000724 8.368379e+01 5.273659e+02 -2.662491e+01
000725 8.466200e+01 5.274958e+02 -2.655209e+01
000726 8.564079e+01 5.275862e+02 -2.648066e+01
000727 8.663440e+01 5.276691e+02 -2.640934e+01
000728 8.763562e+01 5.277282e+02 -2.634008e+01
000729 8.864429e+01 5.277485e+02 -2.626934e+01
000730 8.966475e+01 5.277594e+02 -2.619854e+01
000731 9.068595e+01 5.277447e+02 -2.612429e+01
000732 9.171062e+01 5.276937e+02 -2.605169e+01
000733 9.274240e+01 5.276320e+02 -2.597886e+01
000734 9.377225e+01 5.275293e+02 -2.590658e+01
000735 9.481179e+01 5.274118e+02 -2.583551e+01
000736 9.584775e+01 5.272660e+02 -2.576414e+01
000737 9.689231e+01 5.270839e+02 -2.569147e+01
000738 9.793530e+01 5.268865e+02 -2.561970e+01
000739 9.897594e+01 5.266691e+02 -2.554936e+01
000740 1.000166e+02 5.264202e+02 -2.547932e+01
000741 1.010631e+02 5.261579e+02 -2.541253e+01
000742 1.021114e+02 5.258619e+02 -2.534905e+01
000743 1.031527e+02 5.255551e+02 -2.528497e+01
000744 1.041946e+02 5.252250e+02 -2.522449e+01
000745 1.052323e+02 5.248601e+02 -2.516476e+01
000746 1.062708e+02 5.244816e+02 -2.510817e+01
000747 1.073057e+02 5.240790e+02 -2.504722e+01
000748 1.083359e+02 5.236486e+02 -2.498332e+01
000749 1.093625e+02 5.232035e+02 -2.491895e+01
000750 1.103854e+02 5.227436e+02 -2.485501e+01
000751 1.114089e+02 5.222678e+02 -2.479060e+01
000752 1.124335e+02 5.217800e+02 -2.472596e+01
000753 1.134596e+02 5.212823e+02 -2.466148e+01
000754 1.144887e+02 5.207805e+02 -2.459501e+01
000755 1.155241e+02 5.202755e+02 -2.452533e+01
000756 1.165671e+02 5.197695e+02 -2.445513e+01
000757 1.176188e+02 5.192618e+02 -2.438187e+01
000758 1.186731e+02 5.187529e+02 -2.430554e+01
000759 1.197393e+02 5.182372e+02 -2.422602e+01
000760 1.207926e+02 5.177198e+02 -2.414628e+01
000761 1.218562e+02 5.171981e+02 -2.406527e+01
000762 1.229823e+02 5.166406e+02 -2.398083e+01
000763 1.239987e+02 5.161368e+02 -2.390695e+01
000764 1.250778e+02 5.156010e+02 -2.383069e+01
000765 1.261655e+02 5.150610e+02 -2.375369e+01
000766 1.272602e+02 5.145161e+02 -2.367277e+01
000767 1.283584e+02 5.139694e+02 -2.358790e+01
000768 1.294592e+02 5.134194e+02 -2.350028e+01
000769 1.305636e+02 5.128629e+02 -2.341113e+01
000770 1.316737e+02 5.123036e+02 -2.332100e+01
000771 1.327854e+02 5.117395e+02 -2.323155e+01
000772 1.339003e+02 5.111717e+02 -2.314183e+01
000773 1.350274e+02 5.106026e+02 -2.305305e+01
000774 1.361645e+02 5.100303e+02 -2.296281e+01
000775 1.373043e+02 5.094620e+02 -2.287414e+01
000776 1.384492e+02 5.088889e+02 -2.278217e+01
000777 1.396002e+02 5.083114e+02 -2.269558e+01
000778 1.407566e+02 5.077301e+02 -2.261062e+01
000779 1.419268e+02 5.071428e+02 -2.252507e+01
000780 1.431097e+02 5.065487e+02 -2.243970e+01
000781 1.442912e+02 5.059553e+02 -2.234865e+01
000782 1.454780e+02 5.053604e+02 -2.225641e+01
000783 1.466725e+02 5.047613e+02 -2.216569e+01
000784 1.478734e+02 5.041583e+02 -2.207507e+01
000785 1.490829e+02 5.035505e+02 -2.198248e+01
000786 1.502950e+02 5.029378e+02 -2.188966e+01
000787 1.515134e+02 5.023224e+02 -2.179762e+01
000788 1.527381e+02 5.017039e+02 -2.170561e+01
000789 1.539671e+02 5.010819e+02 -2.161081e+01
000790 1.552051e+02 5.004592e+02 -2.151361e+01
000791 1.564480e+02 4.998347e+02 -2.141661e+01
000792 1.576962e+02 4.992141e+02 -2.131784e+01
000793 1.589485e+02 4.985909e+02 -2.122163e+01
000794 1.602015e+02 4.979678e+02 -2.112500e+01
000795 1.614577e+02 4.973338e+02 -2.102669e+01
000796 1.627095e+02 4.966974e+02 -2.092957e+01
000797 1.639639e+02 4.960560e+02 -2.083478e+01
000798 1.652167e+02 4.954166e+02 -2.074087e+01
000799 1.664725e+02 4.947775e+02 -2.064426e+01
000800 1.677294e+02 4.941397e+02 -2.054888e+01
000801 1.689848e+02 4.935010e+02 -2.045392e+01
000802 1.702407e+02 4.928660e+02 -2.035761e+01
000803 1.714922e+02 4.922268e+02 -2.026448e+01
000804 1.727464e+02 4.915867e+02 -2.016956e+01
000805 1.740021e+02 4.909488e+02 -2.007505e+01
000806 1.752552e+02 4.903149e+02 -1.998350e+01
000807 1.765180e+02 4.896888e+02 -1.989030e+01
000808 1.777846e+02 4.890623e+02 -1.979189e+01
000809 1.790424e+02 4.884414e+02 -1.968856e+01
000810 1.802952e+02 4.878199e+02 -1.958514e+01
000811 1.815442e+02 4.871991e+02 -1.949063e+01
000812 1.827910e+02 4.865821e+02 -1.940045e+01
000813 1.840367e+02 4.859705e+02 -1.931218e+01
000814 1.852871e+02 4.853579e+02 -1.922132e+01
000815 1.865353e+02 4.847464e+02 -1.912833e+01
000816 1.877792e+02 4.841357e+02 -1.903249e+01
000817 1.890229e+02 4.835291e+02 -1.893513e+01
000818 1.902601e+02 4.829202e+02 -1.883965e+01
000819 1.915002e+02 4.823065e+02 -1.874797e+01
000820 1.927302e+02 4.816950e+02 -1.865898e+01
000821 1.939589e+02 4.810822e+02 -1.857151e+01
000822 1.951802e+02 4.804696e+02 -1.848166e+01
000823 1.963987e+02 4.798577e+02 -1.838982e+01
000824 1.976125e+02 4.792386e+02 -1.829661e+01
000825 1.988153e+02 4.786213e+02 -1.820177e+01
000826 2.000113e+02 4.779980e+02 -1.811021e+01
000827 2.012039e+02 4.773755e+02 -1.802120e+01
000828 2.023936e+02 4.767531e+02 -1.793582e+01
000829 2.035745e+02 4.761272e+02 -1.784839e+01
000830 2.047495e+02 4.755031e+02 -1.776134e+01
000831 2.059120e+02 4.748804e+02 -1.767386e+01
000832 2.070547e+02 4.742634e+02 -1.758872e+01
000833 2.081847e+02 4.736495e+02 -1.750379e+01
000834 2.092965e+02 4.730410e+02 -1.741982e+01
000835 2.103879e+02 4.724427e+02 -1.733782e+01
000836 2.114603e+02 4.718533e+02 -1.725655e+01
000837 2.125154e+02 4.712747e+02 -1.717684e+01
000838 2.135570e+02 4.707007e+02 -1.709841e+01
000839 2.145775e+02 4.701384e+02 -1.702312e+01
000840 2.155806e+02 4.695866e+02 -1.694907e+01
000841 2.165643e+02 4.690499e+02 -1.687651e+01
000842 2.175320e+02 4.685258e+02 -1.680430e+01
000843 2.184892e+02 4.680190e+02 -1.673272e+01
000844 2.194374e+02 4.675300e+02 -1.666257e+01
000845 2.203833e+02 4.670521e+02 -1.659176e+01
000846 2.213283e+02 4.665992e+02 -1.652190e+01
000847 2.222667e+02 4.661579e+02 -1.645181e+01
000848 2.232143e+02 4.657518e+02 -1.638216e+01
000849 2.241568e+02 4.653685e+02 -1.631656e+01
000850 2.250949e+02 4.649901e+02 -1.625136e+01
000851 2.260385e+02 4.646450e+02 -1.618780e+01
000852 2.269918e+02 4.643162e+02 -1.612171e+01
000853 2.279467e+02 4.639940e+02 -1.605768e+01
000854 2.289161e+02 4.637049e+02 -1.598694e+01
000855 2.298835e+02 4.634247e+02 -1.591882e+01
000856 2.308615e+02 4.631732e+02 -1.584521e+01
000857 2.318455e+02 4.629466e+02 -1.576834e+01
000858 2.328208e+02 4.627313e+02 -1.568945e+01
000859 2.338021e+02 4.625511e+02 -1.561062e+01
000860 2.347905e+02 4.623968e+02 -1.553122e+01
000861 2.357801e+02 4.622433e+02 -1.545256e+01
000862 2.367819e+02 4.621270e+02 -1.537374e+01
000863 2.377754e+02 4.620136e+02 -1.529603e+01
000864 2.387822e+02 4.619458e+02 -1.522098e+01
000865 2.398015e+02 4.619088e+02 -1.514871e+01
000866 2.408171e+02 4.618821e+02 -1.507971e+01
000867 2.418484e+02 4.619056e+02 -1.500872e+01
000868 2.428871e+02 4.619587e+02 -1.493785e+01
000869 2.439215e+02 4.620253e+02 -1.486791e+01
000870 2.449679e+02 4.621475e+02 -1.479224e+01
000871 2.460147e+02 4.623013e+02 -1.471717e+01
000872 2.470455e+02 4.624662e+02 -1.463499e+01
000873 2.480862e+02 4.626823e+02 -1.455321e+01
000874 2.491163e+02 4.629047e+02 -1.447276e+01
000875 2.501535e+02 4.631846e+02 -1.439499e+01
000876 2.511869e+02 4.634958e+02 -1.431785e+01
000877 2.522181e+02 4.638149e+02 -1.424214e+01
000878 2.532511e+02 4.641837e+02 -1.415996e+01
000879 2.542780e+02 4.645801e+02 -1.407993e+01
000880 2.552844e+02 4.649924e+02 -1.399854e+01
000881 2.562915e+02 4.654443e+02 -1.391361e+01
000882 2.572879e+02 4.659152e+02 -1.383281e+01
000883 2.582838e+02 4.664310e+02 -1.375046e+01
000884 2.592720e+02 4.669735e+02 -1.366058e+01
000885 2.602420e+02 4.675231e+02 -1.356759e+01
000886 2.612129e+02 4.681150e+02 -1.346845e+01
000887 2.621670e+02 4.687278e+02 -1.336576e+01
000888 2.631069e+02 4.693511e+02 -1.326249e+01
000889 2.640386e+02 4.700093e+02 -1.315686e+01
000890 2.649501e+02 4.706824e+02 -1.304700e+01
000891 2.658661e+02 4.713814e+02 -1.293644e+01
000892 2.667707e+02 4.720954e+02 -1.282445e+01
000893 2.676648e+02 4.728167e+02 -1.270881e+01
000894 2.685593e+02 4.735560e+02 -1.259549e+01
000895 2.694451e+02 4.743022e+02 -1.248224e+01
000896 2.703268e+02 4.750662e+02 -1.237190e+01
000897 2.712044e+02 4.758400e+02 -1.226437e+01
000898 2.720801e+02 4.766250e+02 -1.216173e+01
000899 2.729566e+02 4.774157e+02 -1.206642e+01
000900 2.738199e+02 4.782067e+02 -1.196704e+01
000901 2.746794e+02 4.790004e+02 -1.186470e+01
000902 2.755328e+02 4.797940e+02 -1.176170e+01
000903 2.763851e+02 4.805908e+02 -1.165563e+01
000904 2.772328e+02 4.813873e+02 -1.154923e+01
000905 2.780737e+02 4.821839e+02 -1.144208e+01
000906 2.789155e+02 4.829771e+02 -1.133729e+01
000907 2.797479e+02 4.837711e+02 -1.123688e+01
000908 2.805737e+02 4.845659e+02 -1.113740e+01
000909 2.813909e+02 4.853468e+02 -1.104233e+01
000910 2.822015e+02 4.861210e+02 -1.094613e+01
000911 2.830065e+02 4.868821e+02 -1.085061e+01
000912 2.838095e+02 4.876331e+02 -1.075496e+01
000913 2.846001e+02 4.883623e+02 -1.065661e+01
000914 2.853834e+02 4.890697e+02 -1.056449e+01
000915 2.861655e+02 4.897597e+02 -1.047556e+01
000916 2.869345e+02 4.904284e+02 -1.038547e+01
000917 2.877098e+02 4.910749e+02 -1.030407e+01
000918 2.884793e+02 4.916995e+02 -1.022701e+01
000919 2.892397e+02 4.922937e+02 -1.015259e+01
000920 2.900002e+02 4.928736e+02 -1.008408e+01
000921 2.907534e+02 4.934252e+02 -1.001717e+01
000922 2.914972e+02 4.939478e+02 -9.957206e+00
000923 2.922322e+02 4.944459e+02 -9.901449e+00
000924 2.929439e+02 4.949094e+02 -9.856274e+00
000925 2.936522e+02 4.953669e+02 -9.817235e+00
000926 2.943461e+02 4.957951e+02 -9.779102e+00
000927 2.950500e+02 4.962082e+02 -9.747383e+00
000928 2.957561e+02 4.966063e+02 -9.728772e+00
000929 2.964480e+02 4.969567e+02 -9.708025e+00
000930 2.971576e+02 4.972955e+02 -9.687419e+00
000931 2.978504e+02 4.975729e+02 -9.667756e+00
000932 2.985559e+02 4.978401e+02 -9.648325e+00
000933 2.992753e+02 4.980804e+02 -9.634008e+00
000934 2.999726e+02 4.982481e+02 -9.625312e+00
000935 3.007031e+02 4.984362e+02 -9.616258e+00
000936 3.014093e+02 4.985528e+02 -9.612974e+00
000937 3.021578e+02 4.986800e+02 -9.612934e+00
000938 3.029123e+02 4.987757e+02 -9.616508e+00
000939 3.036385e+02 4.988063e+02 -9.614262e+00
000940 3.043832e+02 4.988473e+02 -9.609024e+00
000941 3.050947e+02 4.988004e+02 -9.599674e+00
000942 3.058255e+02 4.987558e+02 -9.581026e+00
000943 3.065495e+02 4.986880e+02 -9.570230e+00
000944 3.072496e+02 4.985511e+02 -9.563955e+00
000945 3.079695e+02 4.984134e+02 -9.557759e+00
000946 3.086652e+02 4.982296e+02 -9.547326e+00
000947 3.093754e+02 4.980587e+02 -9.541535e+00
000948 3.100827e+02 4.978664e+02 -9.533965e+00
000949 3.107757e+02 4.976412e+02 -9.520400e+00
000950 3.114724e+02 4.974115e+02 -9.507541e+00
000951 3.121685e+02 4.971695e+02 -9.490480e+00
000952 3.128596e+02 4.969065e+02 -9.469890e+00
000953 3.135514e+02 4.966343e+02 -9.450217e+00
000954 3.142425e+02 4.963450e+02 -9.434712e+00
000955 3.149309e+02 4.960490e+02 -9.416673e+00
000956 3.156175e+02 4.957436e+02 -9.401439e+00
000957 3.162872e+02 4.954040e+02 -9.389864e+00
000958 3.169590e+02 4.950638e+02 -9.386532e+00
000959 3.175986e+02 4.946783e+02 -9.378597e+00
000960 3.182422e+02 4.942939e+02 -9.364049e+00
000961 3.188772e+02 4.938905e+02 -9.353565e+00
000962 3.194693e+02 4.934190e+02 -9.344713e+00
000963 3.200678e+02 4.929593e+02 -9.337214e+00
000964 3.206151e+02 4.924378e+02 -9.329423e+00
000965 3.211700e+02 4.919416e+02 -9.318911e+00
000966 3.216918e+02 4.914229e+02 -9.305044e+00
000967 3.221597e+02 4.908429e+02 -9.290593e+00
000968 3.226207e+02 4.902864e+02 -9.270096e+00
000969 3.230279e+02 4.896796e+02 -9.252765e+00
000970 3.234246e+02 4.891022e+02 -9.235231e+00
000971 3.237955e+02 4.885201e+02 -9.221189e+00
000972 3.241280e+02 4.879074e+02 -9.214534e+00
000973 3.244613e+02 4.873102e+02 -9.206199e+00
000974 3.247836e+02 4.867042e+02 -9.202119e+00
000975 3.250831e+02 4.860741e+02 -9.202982e+00
000976 3.253807e+02 4.854510e+02 -9.203970e+00
000977 3.256448e+02 4.848005e+02 -9.204579e+00
000978 3.259016e+02 4.841562e+02 -9.196251e+00
000979 3.261455e+02 4.835100e+02 -9.186176e+00
000980 3.263499e+02 4.828301e+02 -9.172831e+00
000981 3.265415e+02 4.821612e+02 -9.163635e+00
000982 3.267128e+02 4.814905e+02 -9.156698e+00
000983 3.268481e+02 4.807896e+02 -9.148354e+00
000984 3.269750e+02 4.801106e+02 -9.131456e+00
000985 3.270584e+02 4.793865e+02 -9.116752e+00
000986 3.271361e+02 4.786836e+02 -9.109399e+00
000987 3.271999e+02 4.779813e+02 -9.098587e+00
000988 3.272181e+02 4.772493e+02 -9.084421e+00
000989 3.272265e+02 4.765385e+02 -9.065107e+00
000990 3.272076e+02 4.758161e+02 -9.041306e+00
000991 3.271497e+02 4.750643e+02 -9.017436e+00
000992 3.270832e+02 4.743306e+02 -8.998575e+00
000993 3.269871e+02 4.735749e+02 -8.977902e+00
000994 3.268870e+02 4.728295e+02 -8.955119e+00
000995 3.267610e+02 4.720781e+02 -8.927932e+00
000996 3.266126e+02 4.713125e+02 -8.900792e+00
000997 3.264560e+02 4.705453e+02 -8.877903e+00
000998 3.262859e+02 4.697695e+02 -8.859804e+00
000999 3.261017e+02 4.689843e+02 -8.844980e+00
001000 3.259112e+02 4.681946e+02 -8.829540e+00
001001 3.257050e+02 4.673931e+02 -8.821245e+00
001002 3.254850e+02 4.665847e+02 -8.806233e+00
001003 3.252531e+02 4.657709e+02 -8.784192e+00
001004 3.250129e+02 4.649475e+02 -8.766277e+00
001005 3.247709e+02 4.641173e+02 -8.745386e+00
001006 3.245258e+02 4.632831e+02 -8.719498e+00
001007 3.242709e+02 4.624301e+02 -8.692468e+00
001008 3.240153e+02 4.615688e+02 -8.668447e+00
001009 3.237604e+02 4.606986e+02 -8.642691e+00
001010 3.235030e+02 4.598214e+02 -8.617596e+00
001011 3.232415e+02 4.589371e+02 -8.589860e+00
001012 3.229725e+02 4.580422e+02 -8.552894e+00
001013 3.227021e+02 4.571378e+02 -8.516222e+00
001014 3.224281e+02 4.562216e+02 -8.476687e+00
001015 3.221498e+02 4.553051e+02 -8.447955e+00
001016 3.218673e+02 4.543759e+02 -8.420723e+00
001017 3.215822e+02 4.534387e+02 -8.396462e+00
001018 3.212933e+02 4.524964e+02 -8.372725e+00
001019 3.209976e+02 4.515472e+02 -8.341981e+00
001020 3.207005e+02 4.505902e+02 -8.317658e+00
001021 3.204014e+02 4.496333e+02 -8.296810e+00
001022 3.201023e+02 4.486726e+02 -8.275990e+00
001023 3.198033e+02 4.477094e+02 -8.257096e+00
001024 3.194999e+02 4.467430e+02 -8.230078e+00
001025 3.191953e+02 4.457773e+02 -8.199201e+00
001026 3.188823e+02 4.448127e+02 -8.171181e+00
001027 3.185658e+02 4.438413e+02 -8.141815e+00
001028 3.182459e+02 4.428700e+02 -8.116386e+00
001029 3.179336e+02 4.419020e+02 -8.093347e+00
001030 3.176255e+02 4.409323e+02 -8.071373e+00
001031 3.173225e+02 4.399589e+02 -8.050251e+00
001032 3.170265e+02 4.389827e+02 -8.029805e+00
001033 3.167304e+02 4.380064e+02 -8.006388e+00
001034 3.164413e+02 4.370287e+02 -7.988243e+00
001035 3.161595e+02 4.360527e+02 -7.976289e+00
001036 3.158812e+02 4.350726e+02 -7.969702e+00
001037 3.156145e+02 4.340928e+02 -7.966527e+00
001038 3.153574e+02 4.331048e+02 -7.966772e+00
001039 3.151057e+02 4.321196e+02 -7.967969e+00
001040 3.148670e+02 4.311326e+02 -7.972304e+00
001041 3.146335e+02 4.301386e+02 -7.968748e+00
001042 3.144162e+02 4.291517e+02 -7.969385e+00
001043 3.142136e+02 4.281654e+02 -7.964300e+00
001044 3.140237e+02 4.271748e+02 -7.961579e+00
001045 3.138513e+02 4.261826e+02 -7.947662e+00
001046 3.136951e+02 4.251884e+02 -7.944008e+00
001047 3.135461e+02 4.241888e+02 -7.942327e+00
001048 3.134112e+02 4.231903e+02 -7.939799e+00
001049 3.132937e+02 4.221950e+02 -7.940858e+00
001050 3.131860e+02 4.211917e+02 -7.934332e+00
001051 3.131010e+02 4.201926e+02 -7.929527e+00
001052 3.130266e+02 4.191863e+02 -7.923389e+00
001053 3.129673e+02 4.181842e+02 -7.916512e+00
001054 3.129180e+02 4.171852e+02 -7.904677e+00
001055 3.128816e+02 4.161802e+02 -7.897393e+00
001056 3.128645e+02 4.151799e+02 -7.882213e+00
001057 3.128515e+02 4.141736e+02 -7.864187e+00
001058 3.128537e+02 4.131682e+02 -7.836788e+00
001059 3.128726e+02 4.121555e+02 -7.809641e+00
001060 3.129004e+02 4.111602e+02 -7.788164e+00
001061 3.129384e+02 4.101608e+02 -7.770852e+00
001062 3.129904e+02 4.091621e+02 -7.751320e+00
001063 3.130478e+02 4.081610e+02 -7.727473e+00
001064 3.131205e+02 4.071622e+02 -7.703911e+00
001065 3.132035e+02 4.061594e+02 -7.680434e+00
001066 3.132979e+02 4.051567e+02 -7.656495e+00
001067 3.134058e+02 4.041588e+02 -7.636293e+00
001068 3.135203e+02 4.031635e+02 -7.617968e+00
001069 3.136460e+02 4.021697e+02 -7.603233e+00
001070 3.137817e+02 4.011770e+02 -7.590841e+00
001071 3.139238e+02 4.001891e+02 -7.578294e+00
001072 3.140758e+02 3.992065e+02 -7.564827e+00
001073 3.142420e+02 3.982277e+02 -7.556412e+00
001074 3.144105e+02 3.972525e+02 -7.544788e+00
001075 3.145829e+02 3.962813e+02 -7.533432e+00
001076 3.147637e+02 3.953134e+02 -7.519799e+00
001077 3.149572e+02 3.943507e+02 -7.509055e+00
001078 3.151557e+02 3.933960e+02 -7.495438e+00
001079 3.153571e+02 3.924386e+02 -7.480266e+00
001080 3.155637e+02 3.914864e+02 -7.463247e+00
001081 3.157787e+02 3.905423e+02 -7.446897e+00
001082 3.159974e+02 3.895889e+02 -7.423038e+00
001083 3.162107e+02 3.886826e+02 -7.397839e+00
001084 3.164277e+02 3.877649e+02 -7.369106e+00
001085 3.166495e+02 3.868615e+02 -7.347796e+00
001086 3.168756e+02 3.859696e+02 -7.325785e+00
001087 3.171058e+02 3.850954e+02 -7.311971e+00
001088 3.173378e+02 3.842427e+02 -7.302981e+00
001089 3.175754e+02 3.834117e+02 -7.303376e+00
001090 3.178160e+02 3.826135e+02 -7.311934e+00
001091 3.180493e+02 3.818405e+02 -7.315700e+00
001092 3.182783e+02 3.810826e+02 -7.317945e+00
001093 3.185019e+02 3.803531e+02 -7.326887e+00
001094 3.187247e+02 3.796487e+02 -7.349644e+00
001095 3.189406e+02 3.789647e+02 -7.375780e+00
001096 3.191500e+02 3.782973e+02 -7.405085e+00
001097 3.193464e+02 3.776312e+02 -7.428682e+00
001098 3.195361e+02 3.769608e+02 -7.449147e+00
001099 3.197158e+02 3.762906e+02 -7.469043e+00
001100 3.198904e+02 3.756302e+02 -7.494632e+00
001101 3.200516e+02 3.749768e+02 -7.510150e+00
001102 3.202030e+02 3.743240e+02 -7.526334e+00
001103 3.203352e+02 3.736749e+02 -7.535126e+00
001104 3.204552e+02 3.730304e+02 -7.552413e+00
001105 3.205484e+02 3.723715e+02 -7.565890e+00
001106 3.206328e+02 3.717375e+02 -7.582058e+00
001107 3.206679e+02 3.710836e+02 -7.593814e+00
001108 3.206983e+02 3.704585e+02 -7.604115e+00
001109 3.206692e+02 3.698013e+02 -7.604099e+00
001110 3.206393e+02 3.691789e+02 -7.603151e+00
001111 3.205855e+02 3.685646e+02 -7.605148e+00
001112 3.204715e+02 3.679171e+02 -7.596182e+00
001113 3.203672e+02 3.673082e+02 -7.583856e+00
001114 3.201935e+02 3.666656e+02 -7.563603e+00
001115 3.200191e+02 3.660576e+02 -7.544896e+00
001116 3.198122e+02 3.654519e+02 -7.523562e+00
001117 3.195555e+02 3.648183e+02 -7.495768e+00
001118 3.192952e+02 3.642279e+02 -7.464192e+00
001119 3.189776e+02 3.636125e+02 -7.434877e+00
001120 3.186551e+02 3.630385e+02 -7.401822e+00
001121 3.183109e+02 3.624796e+02 -7.369725e+00
001122 3.179172e+02 3.618994e+02 -7.339697e+00
001123 3.175272e+02 3.613535e+02 -7.315453e+00
001124 3.170958e+02 3.607945e+02 -7.287524e+00
001125 3.166532e+02 3.602598e+02 -7.249582e+00
001126 3.161877e+02 3.597278e+02 -7.212206e+00
001127 3.156878e+02 3.591849e+02 -7.180588e+00
001128 3.151831e+02 3.586493e+02 -7.154711e+00
001129 3.146596e+02 3.581061e+02 -7.126823e+00
001130 3.141234e+02 3.575550e+02 -7.103704e+00
001131 3.135730e+02 3.570065e+02 -7.080791e+00
001132 3.129961e+02 3.564444e+02 -7.049674e+00
001133 3.124105e+02 3.558899e+02 -7.020329e+00
001134 3.118030e+02 3.553259e+02 -6.995473e+00
001135 3.111829e+02 3.547555e+02 -6.969965e+00
001136 3.105501e+02 3.541721e+02 -6.941787e+00
001137 3.099116e+02 3.535723e+02 -6.909712e+00
001138 3.092680e+02 3.529546e+02 -6.873301e+00
001139 3.086152e+02 3.523219e+02 -6.834781e+00
001140 3.079541e+02 3.516811e+02 -6.791068e+00
001141 3.072817e+02 3.510309e+02 -6.750734e+00
001142 3.066049e+02 3.503780e+02 -6.711582e+00
001143 3.059188e+02 3.497099e+02 -6.671134e+00
001144 3.052211e+02 3.490373e+02 -6.627276e+00
001145 3.045232e+02 3.483554e+02 -6.591876e+00
001146 3.038151e+02 3.476608e+02 -6.556623e+00
001147 3.031055e+02 3.469593e+02 -6.530925e+00
001148 3.023918e+02 3.462502e+02 -6.507199e+00
001149 3.016714e+02 3.455306e+02 -6.481575e+00
001150 3.009474e+02 3.448005e+02 -6.455473e+00
001151 3.002216e+02 3.440664e+02 -6.434746e+00
001152 2.994935e+02 3.433218e+02 -6.415862e+00
001153 2.987683e+02 3.425763e+02 -6.406086e+00
001154 2.980376e+02 3.418200e+02 -6.395720e+00
001155 2.973116e+02 3.410638e+02 -6.388140e+00
001156 2.965859e+02 3.403005e+02 -6.375940e+00
001157 2.958644e+02 3.395305e+02 -6.365722e+00
001158 2.951442e+02 3.387508e+02 -6.355388e+00
001159 2.944300e+02 3.379678e+02 -6.342623e+00
001160 2.937212e+02 3.371799e+02 -6.328430e+00
001161 2.930109e+02 3.363838e+02 -6.313455e+00
001162 2.923061e+02 3.355793e+02 -6.298162e+00
001163 2.916138e+02 3.347655e+02 -6.279523e+00
001164 2.909370e+02 3.339451e+02 -6.266510e+00
001165 2.902666e+02 3.331077e+02 -6.257418e+00
001166 2.896251e+02 3.322652e+02 -6.258946e+00
001167 2.889917e+02 3.314052e+02 -6.253835e+00
001168 2.883694e+02 3.305313e+02 -6.246780e+00
001169 2.877655e+02 3.296505e+02 -6.246550e+00
001170 2.871709e+02 3.287590e+02 -6.248509e+00
001171 2.865931e+02 3.278609e+02 -6.253438e+00
001172 2.860267e+02 3.269603e+02 -6.254569e+00
001173 2.854620e+02 3.260456e+02 -6.252325e+00
001174 2.849108e+02 3.251233e+02 -6.255361e+00
001175 2.843683e+02 3.241909e+02 -6.262423e+00
001176 2.838308e+02 3.232464e+02 -6.263385e+00
001177 2.833057e+02 3.222960e+02 -6.267547e+00
001178 2.827831e+02 3.213332e+02 -6.266548e+00
001179 2.822688e+02 3.203633e+02 -6.260451e+00
001180 2.817584e+02 3.193793e+02 -6.256896e+00
001181 2.812544e+02 3.183888e+02 -6.253202e+00
001182 2.807553e+02 3.173915e+02 -6.247107e+00
001183 2.802623e+02 3.163874e+02 -6.245113e+00
001184 2.797697e+02 3.153803e+02 -6.246545e+00
001185 2.792737e+02 3.143712e+02 -6.237328e+00
001186 2.787756e+02 3.133551e+02 -6.230924e+00
001187 2.782765e+02 3.123343e+02 -6.225841e+00
001188 2.777746e+02 3.113089e+02 -6.219071e+00
001189 2.772736e+02 3.102779e+02 -6.210278e+00
001190 2.767669e+02 3.092348e+02 -6.202222e+00
001191 2.762642e+02 3.081930e+02 -6.192530e+00
001192 2.757614e+02 3.071437e+02 -6.178870e+00
001193 2.752612e+02 3.060879e+02 -6.172594e+00
001194 2.747571e+02 3.050224e+02 -6.167462e+00
001195 2.742497e+02 3.039501e+02 -6.155320e+00
001196 2.737329e+02 3.028737e+02 -6.132891e+00
001197 2.732074e+02 3.017936e+02 -6.104603e+00
001198 2.726821e+02 3.007149e+02 -6.074917e+00
001199 2.721504e+02 2.996269e+02 -6.047468e+00
001200 2.716196e+02 2.985319e+02 -6.031263e+00
001201 2.710884e+02 2.974265e+02 -6.015913e+00
001202 2.705583e+02 2.963192e+02 -5.995819e+00
001203 2.700244e+02 2.952057e+02 -5.973983e+00
001204 2.694809e+02 2.940850e+02 -5.950288e+00
001205 2.689275e+02 2.929582e+02 -5.918089e+00
001206 2.683638e+02 2.918360e+02 -5.891283e+00
001207 2.677911e+02 2.907161e+02 -5.865611e+00
001208 2.672086e+02 2.895972e+02 -5.843987e+00
001209 2.666116e+02 2.884772e+02 -5.821991e+00
001210 2.659998e+02 2.873607e+02 -5.798888e+00
001211 2.653708e+02 2.862456e+02 -5.766157e+00
001212 2.647275e+02 2.851321e+02 -5.735854e+00
001213 2.640779e+02 2.840260e+02 -5.713348e+00
001214 2.634262e+02 2.829142e+02 -5.699383e+00
001215 2.627592e+02 2.818001e+02 -5.678579e+00
001216 2.620850e+02 2.806824e+02 -5.650502e+00
001217 2.613981e+02 2.795749e+02 -5.615581e+00
001218 2.607017e+02 2.784716e+02 -5.580890e+00
001219 2.600079e+02 2.773788e+02 -5.552909e+00
001220 2.593100e+02 2.762824e+02 -5.524957e+00
001221 2.586205e+02 2.751763e+02 -5.507853e+00
001222 2.579216e+02 2.740682e+02 -5.481663e+00
001223 2.572191e+02 2.729511e+02 -5.441580e+00
001224 2.565064e+02 2.718377e+02 -5.405962e+00
001225 2.557891e+02 2.707199e+02 -5.369266e+00
001226 2.550632e+02 2.696047e+02 -5.336740e+00
001227 2.543441e+02 2.684880e+02 -5.309147e+00
001228 2.536233e+02 2.673677e+02 -5.278394e+00
001229 2.528996e+02 2.662339e+02 -5.238637e+00
001230 2.521739e+02 2.650970e+02 -5.198777e+00
001231 2.514380e+02 2.639581e+02 -5.156093e+00
001232 2.506944e+02 2.628188e+02 -5.106039e+00
001233 2.499447e+02 2.616787e+02 -5.055052e+00
001234 2.491941e+02 2.605417e+02 -5.006734e+00
001235 2.484445e+02 2.593997e+02 -4.962316e+00
001236 2.476968e+02 2.582539e+02 -4.923627e+00
001237 2.469500e+02 2.571102e+02 -4.888359e+00
001238 2.461994e+02 2.559586e+02 -4.849057e+00
001239 2.454483e+02 2.548080e+02 -4.811242e+00
001240 2.446968e+02 2.536505e+02 -4.782586e+00
001241 2.439447e+02 2.524940e+02 -4.757824e+00
001242 2.431934e+02 2.513346e+02 -4.733649e+00
001243 2.424331e+02 2.501627e+02 -4.700391e+00
001244 2.416681e+02 2.489953e+02 -4.669544e+00
001245 2.408965e+02 2.478245e+02 -4.641583e+00
001246 2.401220e+02 2.466494e+02 -4.609645e+00
001247 2.393400e+02 2.454664e+02 -4.572481e+00
001248 2.385567e+02 2.442774e+02 -4.533264e+00
001249 2.377624e+02 2.430827e+02 -4.481768e+00
001250 2.369720e+02 2.418870e+02 -4.434610e+00
001251 2.361747e+02 2.406907e+02 -4.372865e+00
001252 2.353731e+02 2.394897e+02 -4.312583e+00
001253 2.345670e+02 2.382906e+02 -4.256278e+00
001254 2.337630e+02 2.370915e+02 -4.207516e+00
001255 2.329552e+02 2.358834e+02 -4.155400e+00
001256 2.321451e+02 2.346727e+02 -4.096135e+00
001257 2.313328e+02 2.334576e+02 -4.044611e+00
001258 2.305080e+02 2.322376e+02 -3.988775e+00
001259 2.296780e+02 2.310254e+02 -3.935581e+00
001260 2.288383e+02 2.298080e+02 -3.878331e+00
001261 2.280110e+02 2.286000e+02 -3.828230e+00
001262 2.271768e+02 2.273834e+02 -3.776462e+00
001263 2.263429e+02 2.261691e+02 -3.730173e+00
001264 2.255023e+02 2.249543e+02 -3.683781e+00
001265 2.246597e+02 2.237400e+02 -3.642590e+00
001266 2.238188e+02 2.225338e+02 -3.599783e+00
001267 2.229726e+02 2.213224e+02 -3.553368e+00
001268 2.221312e+02 2.201143e+02 -3.508581e+00
001269 2.212857e+02 2.189014e+02 -3.462206e+00
001270 2.204415e+02 2.176895e+02 -3.413363e+00
001271 2.195985e+02 2.164823e+02 -3.365423e+00
001272 2.187523e+02 2.152650e+02 -3.323911e+00
001273 2.179152e+02 2.140527e+02 -3.294830e+00
001274 2.170823e+02 2.128457e+02 -3.261457e+00
001275 2.162496e+02 2.116349e+02 -3.228696e+00
001276 2.154206e+02 2.104252e+02 -3.192635e+00
001277 2.145888e+02 2.092121e+02 -3.153158e+00
001278 2.137621e+02 2.079977e+02 -3.109303e+00
001279 2.129442e+02 2.067867e+02 -3.072154e+00
001280 2.121282e+02 2.055715e+02 -3.043407e+00
001281 2.113168e+02 2.043514e+02 -3.008559e+00
001282 2.105077e+02 2.031273e+02 -2.973449e+00
001283 2.096971e+02 2.019025e+02 -2.926410e+00
001284 2.088938e+02 2.006766e+02 -2.877598e+00
001285 2.080912e+02 1.994486e+02 -2.830389e+00
001286 2.072968e+02 1.982190e+02 -2.782306e+00
001287 2.065083e+02 1.969898e+02 -2.739469e+00
001288 2.057261e+02 1.957626e+02 -2.692264e+00
001289 2.049474e+02 1.945269e+02 -2.649982e+00
001290 2.041777e+02 1.932912e+02 -2.609983e+00
001291 2.034180e+02 1.920507e+02 -2.566175e+00
001292 2.026710e+02 1.908019e+02 -2.525670e+00
001293 2.019276e+02 1.895477e+02 -2.495624e+00
001294 2.011914e+02 1.882897e+02 -2.463144e+00
001295 2.004643e+02 1.870286e+02 -2.432069e+00
001296 1.997399e+02 1.857593e+02 -2.396516e+00
001297 1.990360e+02 1.844947e+02 -2.365728e+00
001298 1.983350e+02 1.832268e+02 -2.332138e+00
001299 1.976340e+02 1.819505e+02 -2.296499e+00
001300 1.969379e+02 1.806706e+02 -2.259709e+00
001301 1.962460e+02 1.793892e+02 -2.222020e+00
001302 1.955681e+02 1.781185e+02 -2.192337e+00
001303 1.948931e+02 1.768447e+02 -2.163373e+00
001304 1.942255e+02 1.755669e+02 -2.140475e+00
001305 1.935614e+02 1.742819e+02 -2.118641e+00
001306 1.929115e+02 1.729934e+02 -2.097190e+00
001307 1.922624e+02 1.717007e+02 -2.074170e+00
001308 1.916241e+02 1.704083e+02 -2.057262e+00
001309 1.909825e+02 1.691148e+02 -2.034913e+00
001310 1.903511e+02 1.678245e+02 -2.020580e+00
001311 1.897169e+02 1.665277e+02 -2.001701e+00
001312 1.890788e+02 1.652293e+02 -1.973567e+00
001313 1.884436e+02 1.639267e+02 -1.943196e+00
001314 1.878155e+02 1.626218e+02 -1.916448e+00
001315 1.871967e+02 1.613122e+02 -1.897174e+00
001316 1.865774e+02 1.599954e+02 -1.867717e+00
001317 1.859593e+02 1.586816e+02 -1.830138e+00
001318 1.853379e+02 1.573672e+02 -1.793453e+00
001319 1.847174e+02 1.560529e+02 -1.759653e+00
001320 1.840940e+02 1.547379e+02 -1.723898e+00
001321 1.834754e+02 1.534234e+02 -1.691006e+00
001322 1.828561e+02 1.521113e+02 -1.658461e+00
001323 1.822396e+02 1.507945e+02 -1.628241e+00
001324 1.816264e+02 1.494822e+02 -1.599462e+00
001325 1.810079e+02 1.481610e+02 -1.567602e+00
001326 1.803984e+02 1.468462e+02 -1.538408e+00
001327 1.797913e+02 1.455320e+02 -1.513016e+00
001328 1.791934e+02 1.442183e+02 -1.493297e+00
001329 1.785921e+02 1.429000e+02 -1.469178e+00
001330 1.779971e+02 1.415813e+02 -1.448292e+00
001331 1.773991e+02 1.402613e+02 -1.429391e+00
001332 1.767950e+02 1.389334e+02 -1.403805e+00
001333 1.761909e+02 1.376093e+02 -1.378192e+00
001334 1.755805e+02 1.362825e+02 -1.356294e+00
001335 1.749745e+02 1.349677e+02 -1.339824e+00
001336 1.743678e+02 1.336595e+02 -1.338454e+00
001337 1.737570e+02 1.323552e+02 -1.333086e+00
001338 1.731371e+02 1.310518e+02 -1.319906e+00
001339 1.725081e+02 1.297562e+02 -1.314911e+00
001340 1.718688e+02 1.284701e+02 -1.301640e+00
001341 1.712217e+02 1.271942e+02 -1.291648e+00
001342 1.705599e+02 1.259232e+02 -1.269147e+00
001343 1.698906e+02 1.246632e+02 -1.252480e+00
001344 1.692041e+02 1.234037e+02 -1.225261e+00
001345 1.685037e+02 1.221584e+02 -1.187189e+00
001346 1.677891e+02 1.209254e+02 -1.147426e+00
001347 1.670593e+02 1.196982e+02 -1.099363e+00
001348 1.663130e+02 1.184798e+02 -1.050423e+00
001349 1.655516e+02 1.172712e+02 -1.000403e+00
001350 1.647788e+02 1.160757e+02 -9.559157e-01
001351 1.639882e+02 1.148861e+02 -9.072749e-01
001352 1.631839e+02 1.136987e+02 -8.530526e-01
001353 1.623689e+02 1.125249e+02 -7.970086e-01
001354 1.615379e+02 1.113593e+02 -7.319776e-01
001355 1.606957e+02 1.102072e+02 -6.740054e-01
001356 1.598427e+02 1.090673e+02 -6.211831e-01
001357 1.589856e+02 1.079364e+02 -5.765532e-01
001358 1.581195e+02 1.068144e+02 -5.347641e-01
001359 1.572435e+02 1.057015e+02 -4.927866e-01
001360 1.563646e+02 1.045828e+02 -4.529211e-01
001361 1.554772e+02 1.034761e+02 -4.077761e-01
001362 1.545860e+02 1.023734e+02 -3.679821e-01
001363 1.536880e+02 1.012674e+02 -3.334109e-01
001364 1.527745e+02 1.001709e+02 -2.892147e-01
001365 1.518524e+02 9.907539e+01 -2.442347e-01
001366 1.509254e+02 9.798333e+01 -1.973161e-01
001367 1.499968e+02 9.689467e+01 -1.608566e-01
001368 1.490651e+02 9.581217e+01 -1.242710e-01
001369 1.481228e+02 9.473231e+01 -8.815912e-02
001370 1.471724e+02 9.365294e+01 -4.870237e-02
001371 1.462110e+02 9.258995e+01 -9.133589e-03
001372 1.452437e+02 9.153357e+01 3.354205e-02
001373 1.442674e+02 9.048009e+01 7.418165e-02
001374 1.432904e+02 8.943889e+01 1.062278e-01
001375 1.423027e+02 8.839577e+01 1.411781e-01
001376 1.413079e+02 8.735817e+01 1.771185e-01
001377 1.403139e+02 8.631851e+01 2.174687e-01
001378 1.393137e+02 8.527435e+01 2.617249e-01
001379 1.383142e+02 8.423145e+01 3.120142e-01
001380 1.373153e+02 8.318854e+01 3.567841e-01
001381 1.363147e+02 8.213856e+01 4.013861e-01
001382 1.353103e+02 8.108492e+01 4.566198e-01
001383 1.343094e+02 8.002269e+01 5.125537e-01
001384 1.333064e+02 7.896729e+01 5.657173e-01
001385 1.322985e+02 7.790983e+01 6.153770e-01
001386 1.312937e+02 7.685485e+01 6.605680e-01
001387 1.302785e+02 7.579851e+01 7.034505e-01
001388 1.292668e+02 7.473742e+01 7.491655e-01
001389 1.282570e+02 7.368027e+01 7.936834e-01
001390 1.272497e+02 7.262571e+01 8.404890e-01
001391 1.262377e+02 7.157194e+01 8.852947e-01
001392 1.252240e+02 7.051005e+01 9.298618e-01
001393 1.242085e+02 6.945053e+01 9.752163e-01
001394 1.231901e+02 6.838762e+01 1.022705e+00
001395 1.221716e+02 6.732586e+01 1.071057e+00
001396 1.211533e+02 6.626941e+01 1.120069e+00
001397 1.201303e+02 6.520837e+01 1.165661e+00
001398 1.191042e+02 6.415115e+01 1.209751e+00
001399 1.180723e+02 6.309459e+01 1.255636e+00
001400 1.170374e+02 6.203938e+01 1.302688e+00
001401 1.160037e+02 6.098618e+01 1.350429e+00
001402 1.149644e+02 5.993066e+01 1.396610e+00
001403 1.139160e+02 5.887252e+01 1.447362e+00
001404 1.128614e+02 5.781724e+01 1.501676e+00
001405 1.117995e+02 5.676266e+01 1.557839e+00
001406 1.107301e+02 5.570318e+01 1.619507e+00
001407 1.096673e+02 5.464794e+01 1.669154e+00
001408 1.086092e+02 5.359484e+01 1.723896e+00
001409 1.075540e+02 5.253619e+01 1.770787e+00
001410 1.064947e+02 5.146890e+01 1.818094e+00
001411 1.054273e+02 5.039425e+01 1.866209e+00
001412 1.043546e+02 4.933792e+01 1.929989e+00
001413 1.032944e+02 4.829297e+01 1.986764e+00
001414 1.022413e+02 4.725024e+01 2.038214e+00
001415 1.011861e+02 4.619478e+01 2.080422e+00
001416 1.001264e+02 4.513248e+01 2.126949e+00
001417 9.906794e+01 4.407813e+01 2.177631e+00
001418 9.800747e+01 4.302679e+01 2.232330e+00
001419 9.695046e+01 4.197716e+01 2.284049e+00
001420 9.588352e+01 4.092257e+01 2.336259e+00
001421 9.481114e+01 3.986378e+01 2.393653e+00
001422 9.373932e+01 3.880375e+01 2.457325e+00
001423 9.267612e+01 3.774654e+01 2.514323e+00
001424 9.161683e+01 3.668818e+01 2.568850e+00
001425 9.056783e+01 3.563210e+01 2.614259e+00
001426 8.951786e+01 3.457590e+01 2.669990e+00
001427 8.846856e+01 3.351764e+01 2.728871e+00
001428 8.741579e+01 3.245897e+01 2.793597e+00
001429 8.636382e+01 3.140185e+01 2.860970e+00
001430 8.531517e+01 3.035063e+01 2.930328e+00
001431 8.426004e+01 2.929585e+01 3.003691e+00
001432 8.321354e+01 2.824202e+01 3.066811e+00
001433 8.216795e+01 2.718689e+01 3.127446e+00
001434 8.112354e+01 2.612944e+01 3.184640e+00
001435 8.007903e+01 2.507355e+01 3.244147e+00
001436 7.903821e+01 2.401402e+01 3.300776e+00
001437 7.799268e+01 2.295797e+01 3.361621e+00
001438 7.695700e+01 2.189557e+01 3.417360e+00
001439 7.592236e+01 2.083925e+01 3.474271e+00
001440 7.489060e+01 1.977483e+01 3.526776e+00
001441 7.385395e+01 1.870784e+01 3.579864e+00
001442 7.281577e+01 1.764779e+01 3.635914e+00
001443 7.178037e+01 1.659036e+01 3.690611e+00
001444 7.072252e+01 1.553332e+01 3.757813e+00
001445 6.968062e+01 1.446538e+01 3.812619e+00
001446 6.863043e+01 1.339651e+01 3.874987e+00
001447 6.758836e+01 1.233276e+01 3.933439e+00
001448 6.652367e+01 1.126661e+01 4.001212e+00
001449 6.547180e+01 1.020597e+01 4.057864e+00
001450 6.440911e+01 9.139006e+00 4.117765e+00
001451 6.336275e+01 8.072657e+00 4.172733e+00
001452 6.231433e+01 7.007367e+00 4.230049e+00
001453 6.127686e+01 5.939202e+00 4.285376e+00
001454 6.024056e+01 4.874804e+00 4.335803e+00
001455 5.920617e+01 3.808043e+00 4.385077e+00
001456 5.816723e+01 2.733559e+00 4.441645e+00
001457 5.712749e+01 1.655679e+00 4.503137e+00
001458 5.609186e+01 5.847543e-01 4.557136e+00
001459 5.505595e+01 -4.860185e-01 4.611628e+00
001460 5.402887e+01 -1.555701e+00 4.655655e+00
001461 5.300812e+01 -2.625659e+00 4.695041e+00
001462 5.198736e+01 -3.692204e+00 4.730281e+00
001463 5.096679e+01 -4.761087e+00 4.764474e+00
001464 4.995573e+01 -5.822352e+00 4.792619e+00
001465 4.894737e+01 -6.885328e+00 4.816112e+00
001466 4.794247e+01 -7.950469e+00 4.832810e+00
001467 4.693507e+01 -9.021045e+00 4.844236e+00
001468 4.591875e+01 -1.010293e+01 4.868041e+00
001469 4.490240e+01 -1.116302e+01 4.905350e+00
001470 4.389300e+01 -1.221655e+01 4.944611e+00
001471 4.289962e+01 -1.325097e+01 4.971141e+00
001472 4.191066e+01 -1.427421e+01 4.990965e+00
001473 4.092934e+01 -1.529368e+01 5.000309e+00
001474 3.995858e+01 -1.630718e+01 5.011392e+00
001475 3.901008e+01 -1.731370e+01 5.019810e+00
001476 3.808953e+01 -1.831743e+01 5.023344e+00
001477 3.718542e+01 -1.931810e+01 5.023351e+00
001478 3.629566e+01 -2.031000e+01 5.026359e+00
001479 3.541875e+01 -2.129163e+01 5.036353e+00
001480 3.455447e+01 -2.225036e+01 5.037946e+00
001481 3.370492e+01 -2.320301e+01 5.035071e+00
001482 3.286682e+01 -2.415729e+01 5.035514e+00
001483 3.207300e+01 -2.509746e+01 5.036634e+00
001484 3.129007e+01 -2.602382e+01 5.032932e+00
001485 3.051161e+01 -2.694303e+01 5.030582e+00
001486 2.974294e+01 -2.784011e+01 5.025220e+00
001487 2.899438e+01 -2.870857e+01 5.012866e+00
001488 2.828277e+01 -2.955280e+01 5.001018e+00
001489 2.759440e+01 -3.038265e+01 4.988123e+00
001490 2.692794e+01 -3.119636e+01 4.960921e+00
001491 2.627091e+01 -3.198116e+01 4.937344e+00
001492 2.563589e+01 -3.273008e+01 4.911415e+00
001493 2.501530e+01 -3.344474e+01 4.883203e+00
001494 2.440647e+01 -3.411914e+01 4.868599e+00
001495 2.380214e+01 -3.476408e+01 4.863346e+00
001496 2.320841e+01 -3.536771e+01 4.857973e+00
001497 2.262116e+01 -3.593490e+01 4.849439e+00
001498 2.204002e+01 -3.646916e+01 4.839517e+00
001499 2.146476e+01 -3.696672e+01 4.829678e+00
001500 2.088345e+01 -3.741560e+01 4.829241e+00
001501 2.030329e+01 -3.782091e+01 4.821699e+00
001502 1.973431e+01 -3.818645e+01 4.809316e+00
001503 1.917490e+01 -3.851376e+01 4.788276e+00
001504 1.862495e+01 -3.880134e+01 4.765293e+00
001505 1.807401e+01 -3.904398e+01 4.745044e+00
001506 1.751605e+01 -3.926055e+01 4.729289e+00
001507 1.695707e+01 -3.944202e+01 4.710410e+00
001508 1.639659e+01 -3.959769e+01 4.684822e+00
001509 1.583889e+01 -3.971458e+01 4.661222e+00
001510 1.527935e+01 -3.979480e+01 4.645931e+00
001511 1.473340e+01 -3.983135e+01 4.620685e+00
001512 1.419136e+01 -3.982978e+01 4.600733e+00
001513 1.365742e+01 -3.980561e+01 4.594101e+00
001514 1.313394e+01 -3.975563e+01 4.591217e+00
001515 1.263427e+01 -3.967236e+01 4.572501e+00
001516 1.213735e+01 -3.956702e+01 4.570481e+00
001517 1.164903e+01 -3.942411e+01 4.569883e+00
001518 1.117231e+01 -3.926055e+01 4.559489e+00
001519 1.070045e+01 -3.907124e+01 4.562188e+00
001520 1.023998e+01 -3.886313e+01 4.558096e+00
001521 9.789695e+00 -3.862980e+01 4.558073e+00
001522 9.346772e+00 -3.835721e+01 4.558865e+00
001523 8.918192e+00 -3.806253e+01 4.555772e+00
001524 8.497673e+00 -3.773849e+01 4.557479e+00
001525 8.088430e+00 -3.738994e+01 4.554056e+00
001526 7.694448e+00 -3.701386e+01 4.557188e+00
001527 7.308945e+00 -3.661689e+01 4.562789e+00
001528 6.938250e+00 -3.619875e+01 4.579774e+00
001529 6.587902e+00 -3.575589e+01 4.590754e+00
001530 6.256320e+00 -3.528263e+01 4.593195e+00
001531 5.946327e+00 -3.478822e+01 4.589196e+00
001532 5.653599e+00 -3.427208e+01 4.581954e+00
001533 5.377697e+00 -3.372956e+01 4.574692e+00
001534 5.122507e+00 -3.317164e+01 4.565832e+00
001535 4.885552e+00 -3.258986e+01 4.558254e+00
001536 4.666734e+00 -3.199497e+01 4.543817e+00
001537 4.467981e+00 -3.137181e+01 4.521503e+00
001538 4.285109e+00 -3.073791e+01 4.492915e+00
001539 4.118069e+00 -3.008740e+01 4.450932e+00
001540 3.955962e+00 -2.942723e+01 4.413564e+00
001541 3.805573e+00 -2.875091e+01 4.360478e+00
001542 3.675026e+00 -2.805891e+01 4.304388e+00
001543 3.550010e+00 -2.735427e+01 4.250514e+00
001544 3.428575e+00 -2.663704e+01 4.201515e+00
001545 3.306982e+00 -2.591355e+01 4.155074e+00
001546 3.190054e+00 -2.517514e+01 4.110455e+00
001547 3.070532e+00 -2.442867e+01 4.067978e+00
001548 2.950683e+00 -2.367167e+01 4.013361e+00
001549 2.824133e+00 -2.291188e+01 3.969054e+00
001550 2.703838e+00 -2.213884e+01 3.925284e+00
001551 2.589654e+00 -2.135423e+01 3.885707e+00
001552 2.477719e+00 -2.055891e+01 3.836418e+00
001553 2.355843e+00 -1.975481e+01 3.790891e+00
001554 2.235350e+00 -1.894191e+01 3.749982e+00
001555 2.119854e+00 -1.811974e+01 3.709293e+00
001556 2.001010e+00 -1.728392e+01 3.670735e+00
001557 1.883217e+00 -1.643897e+01 3.631509e+00
001558 1.764067e+00 -1.558906e+01 3.597017e+00
001559 1.651780e+00 -1.473308e+01 3.548182e+00
001560 1.539703e+00 -1.388343e+01 3.501263e+00
001561 1.437817e+00 -1.303953e+01 3.446710e+00
001562 1.332990e+00 -1.220518e+01 3.402079e+00
001563 1.229057e+00 -1.137420e+01 3.357583e+00
001564 1.124698e+00 -1.055262e+01 3.319838e+00
001565 1.021769e+00 -9.738292e+00 3.282209e+00
001566 9.140285e-01 -8.934948e+00 3.255862e+00
001567 8.089844e-01 -8.142150e+00 3.231920e+00
001568 6.976696e-01 -7.359806e+00 3.213944e+00
001569 5.724670e-01 -6.591425e+00 3.198536e+00
001570 4.329746e-01 -5.834565e+00 3.192339e+00
001571 3.028311e-01 -5.080036e+00 3.180074e+00
001572 1.724620e-01 -4.328516e+00 3.166402e+00
001573 4.170446e-02 -3.587435e+00 3.150253e+00
001574 -9.383378e-02 -2.862004e+00 3.129508e+00
001575 -2.338140e-01 -2.148095e+00 3.119866e+00
001576 -3.787351e-01 -1.437432e+00 3.114533e+00
001577 -5.153242e-01 -7.281130e-01 3.107244e+00
001578 -6.525002e-01 -2.723748e-02 3.094228e+00
001579 -8.003764e-01 6.669401e-01 3.082507e+00
001580 -9.575037e-01 1.349238e+00 3.085825e+00
001581 -1.128803e+00 2.027763e+00 3.097159e+00
001582 -1.304476e+00 2.711778e+00 3.098012e+00
001583 -1.492523e+00 3.399382e+00 3.094641e+00
001584 -1.682534e+00 4.091749e+00 3.087422e+00
001585 -1.890708e+00 4.783150e+00 3.077220e+00
001586 -2.102925e+00 5.471108e+00 3.072107e+00
001587 -2.326851e+00 6.156888e+00 3.074640e+00
001588 -2.549688e+00 6.841526e+00 3.071295e+00
001589 -2.775305e+00 7.528465e+00 3.058171e+00
001590 -3.006582e+00 8.222648e+00 3.045729e+00
