000000 1.665335e-16 2.220446e-16 -1.110223e-16
000001 1.210187e-02 1.267281e-01 4.468736e-04
000002 3.021791e-02 2.686230e-01 9.791738e-04
000003 5.987546e-02 4.305403e-01 2.308105e-03
000004 1.050408e-01 6.034613e-01 3.322381e-03
000005 1.652963e-01 7.870087e-01 5.264528e-03
000006 2.401943e-01 9.812571e-01 7.625042e-03
000007 3.220547e-01 1.185453e+00 1.121243e-02
000008 4.170054e-01 1.399473e+00 1.474470e-02
000009 5.318267e-01 1.620036e+00 1.361741e-02
000010 6.772189e-01 1.841928e+00 1.304237e-02
000011 8.328051e-01 2.063052e+00 1.601613e-02
000012 9.991018e-01 2.286905e+00 1.908196e-02
000013 1.188050e+00 2.512800e+00 2.416489e-02
000014 1.399778e+00 2.733367e+00 3.070196e-02
000015 1.634196e+00 2.948016e+00 3.653765e-02
000016 1.890112e+00 3.160521e+00 4.599883e-02
000017 2.166152e+00 3.369735e+00 5.994960e-02
000018 2.465897e+00 3.579897e+00 7.581133e-02
000019 2.784666e+00 3.792151e+00 9.232525e-02
000020 3.131897e+00 4.000366e+00 1.077991e-01
000021 3.507611e+00 4.202254e+00 1.241318e-01
000022 3.909356e+00 4.402127e+00 1.392366e-01
000023 4.338561e+00 4.600410e+00 1.575565e-01
000024 4.794196e+00 4.791823e+00 1.775272e-01
000025 5.277728e+00 4.974126e+00 1.987946e-01
000026 5.789743e+00 5.152037e+00 2.220149e-01
000027 6.329744e+00 5.330723e+00 2.453956e-01
000028 6.895352e+00 5.510973e+00 2.686406e-01
000029 7.490216e+00 5.692965e+00 2.909019e-01
000030 8.109243e+00 5.878028e+00 3.131206e-01
000031 8.752695e+00 6.068197e+00 3.367873e-01
000032 9.421853e+00 6.260273e+00 3.626882e-01
000033 1.011201e+01 6.449695e+00 3.902645e-01
000034 1.082597e+01 6.636983e+00 4.193165e-01
000035 1.155971e+01 6.820541e+00 4.514517e-01
000036 1.231146e+01 7.000760e+00 4.861180e-01
000037 1.308227e+01 7.178249e+00 5.233622e-01
000038 1.386203e+01 7.350290e+00 5.631455e-01
000039 1.464994e+01 7.512325e+00 6.034900e-01
000040 1.544431e+01 7.663696e+00 6.443426e-01
000041 1.624124e+01 7.803818e+00 6.849788e-01
000042 1.704599e+01 7.933466e+00 7.272439e-01
000043 1.785699e+01 8.048258e+00 7.679911e-01
000044 1.867273e+01 8.147356e+00 8.064539e-01
000045 1.949576e+01 8.228210e+00 8.456493e-01
000046 2.032201e+01 8.284769e+00 8.850078e-01
000047 2.115627e+01 8.311045e+00 9.232781e-01
000048 2.199272e+01 8.306307e+00 9.585630e-01
000049 2.283006e+01 8.271717e+00 9.929263e-01
000050 2.366830e+01 8.211107e+00 1.025646e+00
000051 2.450483e+01 8.124873e+00 1.056280e+00
000052 2.533863e+01 8.006449e+00 1.084175e+00
000053 2.616891e+01 7.855574e+00 1.109162e+00
000054 2.699155e+01 7.679836e+00 1.128261e+00
000055 2.781161e+01 7.478533e+00 1.143099e+00
000056 2.863097e+01 7.246691e+00 1.152061e+00
000057 2.943803e+01 6.997717e+00 1.152695e+00
000058 3.023007e+01 6.731675e+00 1.146023e+00
000059 3.101165e+01 6.452447e+00 1.131823e+00
000060 3.178304e+01 6.157692e+00 1.108614e+00
000061 3.255086e+01 5.836955e+00 1.070947e+00
000062 3.331009e+01 5.495463e+00 1.026378e+00
000063 3.406148e+01 5.135804e+00 9.790894e-01
000064 3.480410e+01 4.758144e+00 9.319901e-01
000065 3.553210e+01 4.363872e+00 8.869767e-01
000066 3.624909e+01 3.963231e+00 8.426907e-01
000067 3.695412e+01 3.562206e+00 8.025500e-01
000068 3.764822e+01 3.157985e+00 7.630243e-01
000069 3.833941e+01 2.756405e+00 7.189929e-01
000070 3.902884e+01 2.346023e+00 6.757535e-01
000071 3.970737e+01 1.915654e+00 6.348350e-01
000072 4.038700e+01 1.476584e+00 5.915961e-01
000073 4.107846e+01 1.032647e+00 5.487043e-01
000074 4.178415e+01 5.810905e-01 5.077496e-01
000075 4.250745e+01 1.215434e-01 4.621972e-01
000076 4.325224e+01 -3.378365e-01 4.157685e-01
000077 4.401652e+01 -7.952287e-01 3.696084e-01
000078 4.479847e+01 -1.255569e+00 3.229204e-01
000079 4.559797e+01 -1.718077e+00 2.752422e-01
000080 4.641671e+01 -2.182613e+00 2.251199e-01
000081 4.725344e+01 -2.652713e+00 1.721279e-01
000082 4.810244e+01 -3.132580e+00 1.191937e-01
000083 4.896156e+01 -3.622610e+00 6.614438e-02
000084 4.982913e+01 -4.119797e+00 1.543395e-02
000085 5.070986e+01 -4.626524e+00 -3.397462e-02
000086 5.160092e+01 -5.138527e+00 -8.461152e-02
000087 5.249660e+01 -5.654198e+00 -1.359794e-01
000088 5.339938e+01 -6.170360e+00 -1.889423e-01
000089 5.429898e+01 -6.686856e+00 -2.428121e-01
000090 5.519750e+01 -7.201418e+00 -2.987033e-01
000091 5.609471e+01 -7.714224e+00 -3.531245e-01
000092 5.699227e+01 -8.225644e+00 -4.067709e-01
000093 5.788905e+01 -8.733355e+00 -4.587551e-01
000094 5.878294e+01 -9.236703e+00 -5.090484e-01
000095 5.967603e+01 -9.738335e+00 -5.592501e-01
000096 6.056830e+01 -1.023718e+01 -6.093983e-01
000097 6.145389e+01 -1.073111e+01 -6.617839e-01
000098 6.233532e+01 -1.122461e+01 -7.144474e-01
000099 6.320903e+01 -1.172056e+01 -7.673912e-01
000100 6.407973e+01 -1.222485e+01 -8.195839e-01
000101 6.494007e+01 -1.273747e+01 -8.749911e-01
000102 6.579473e+01 -1.324559e+01 -9.282033e-01
000103 6.663750e+01 -1.375919e+01 -9.805354e-01
000104 6.747269e+01 -1.427378e+01 -1.033058e+00
000105 6.830616e+01 -1.478945e+01 -1.087156e+00
000106 6.913168e+01 -1.530806e+01 -1.141061e+00
000107 6.995241e+01 -1.583039e+01 -1.192211e+00
000108 7.077487e+01 -1.635928e+01 -1.238526e+00
000109 7.159496e+01 -1.688675e+01 -1.282215e+00
000110 7.240886e+01 -1.741131e+01 -1.318045e+00
000111 7.320718e+01 -1.793042e+01 -1.352730e+00
000112 7.399928e+01 -1.845101e+01 -1.391231e+00
000113 7.479183e+01 -1.897578e+01 -1.430026e+00
000114 7.558518e+01 -1.950011e+01 -1.475622e+00
000115 7.638160e+01 -2.001769e+01 -1.517748e+00
000116 7.717766e+01 -2.053358e+01 -1.553839e+00
000117 7.797620e+01 -2.104565e+01 -1.590768e+00
000118 7.877335e+01 -2.154511e+01 -1.622926e+00
000119 7.957091e+01 -2.204329e+01 -1.647452e+00
000120 8.035975e+01 -2.255003e+01 -1.672576e+00
000121 8.114486e+01 -2.305551e+01 -1.699977e+00
000122 8.193166e+01 -2.355204e+01 -1.723704e+00
000123 8.272160e+01 -2.404556e+01 -1.744715e+00
000124 8.351715e+01 -2.453507e+01 -1.770218e+00
000125 8.431881e+01 -2.500280e+01 -1.788533e+00
000126 8.513089e+01 -2.545724e+01 -1.805753e+00
000127 8.594484e+01 -2.590591e+01 -1.822552e+00
000128 8.675945e+01 -2.633928e+01 -1.839846e+00
000129 8.758352e+01 -2.676347e+01 -1.851770e+00
000130 8.840537e+01 -2.717759e+01 -1.869075e+00
000131 8.923085e+01 -2.757508e+01 -1.893883e+00
000132 9.005203e+01 -2.796252e+01 -1.917750e+00
000133 9.088071e+01 -2.833927e+01 -1.943851e+00
000134 9.172222e+01 -2.870201e+01 -1.977509e+00
000135 9.256728e+01 -2.905556e+01 -2.011590e+00
000136 9.340903e+01 -2.939508e+01 -2.046250e+00
000137 9.424877e+01 -2.972193e+01 -2.082058e+00
000138 9.509156e+01 -3.004218e+01 -2.119871e+00
000139 9.593682e+01 -3.036357e+01 -2.163160e+00
000140 9.678367e+01 -3.068310e+01 -2.209948e+00
000141 9.762797e+01 -3.099995e+01 -2.254489e+00
000142 9.847826e+01 -3.131096e+01 -2.300639e+00
000143 9.933337e+01 -3.161656e+01 -2.347890e+00
000144 1.001848e+02 -3.191408e+01 -2.394151e+00
000145 1.010383e+02 -3.219559e+01 -2.436801e+00
000146 1.018913e+02 -3.246899e+01 -2.479664e+00
000147 1.027387e+02 -3.274622e+01 -2.524306e+00
000148 1.035885e+02 -3.302355e+01 -2.567807e+00
000149 1.044455e+02 -3.328918e+01 -2.610933e+00
000150 1.053065e+02 -3.355357e+01 -2.657199e+00
000151 1.061709e+02 -3.380988e+01 -2.704158e+00
000152 1.070286e+02 -3.405765e+01 -2.745462e+00
000153 1.078896e+02 -3.429846e+01 -2.790316e+00
000154 1.087523e+02 -3.453399e+01 -2.835895e+00
000155 1.096205e+02 -3.476364e+01 -2.882830e+00
000156 1.104870e+02 -3.499323e+01 -2.928512e+00
000157 1.113535e+02 -3.521847e+01 -2.973590e+00
000158 1.122223e+02 -3.543239e+01 -3.017837e+00
000159 1.130945e+02 -3.563108e+01 -3.062720e+00
000160 1.139689e+02 -3.582432e+01 -3.106520e+00
000161 1.148418e+02 -3.602323e+01 -3.150123e+00
000162 1.157147e+02 -3.621819e+01 -3.193868e+00
000163 1.165857e+02 -3.640785e+01 -3.239438e+00
000164 1.174624e+02 -3.660169e+01 -3.279199e+00
000165 1.183368e+02 -3.679450e+01 -3.318375e+00
000166 1.192101e+02 -3.697484e+01 -3.361858e+00
000167 1.200850e+02 -3.714466e+01 -3.401094e+00
000168 1.209561e+02 -3.731126e+01 -3.438516e+00
000169 1.218304e+02 -3.747460e+01 -3.481415e+00
000170 1.227039e+02 -3.763878e+01 -3.521474e+00
000171 1.235754e+02 -3.780867e+01 -3.558368e+00
000172 1.244524e+02 -3.797627e+01 -3.596100e+00
000173 1.253205e+02 -3.814146e+01 -3.631060e+00
000174 1.261781e+02 -3.830594e+01 -3.664261e+00
000175 1.270337e+02 -3.846973e+01 -3.697685e+00
000176 1.278916e+02 -3.862938e+01 -3.731608e+00
000177 1.287490e+02 -3.878916e+01 -3.773125e+00
000178 1.296019e+02 -3.895463e+01 -3.812511e+00
000179 1.304485e+02 -3.911538e+01 -3.847217e+00
000180 1.312944e+02 -3.925481e+01 -3.890191e+00
000181 1.321343e+02 -3.939553e+01 -3.932338e+00
000182 1.329698e+02 -3.954593e+01 -3.974607e+00
000183 1.338003e+02 -3.969762e+01 -4.018902e+00
000184 1.346231e+02 -3.984431e+01 -4.063364e+00
000185 1.354495e+02 -3.999979e+01 -4.105477e+00
000186 1.362673e+02 -4.015282e+01 -4.146973e+00
000187 1.370908e+02 -4.030057e+01 -4.188573e+00
000188 1.379023e+02 -4.043780e+01 -4.226372e+00
000189 1.387057e+02 -4.057118e+01 -4.266655e+00
000190 1.395060e+02 -4.069614e+01 -4.303913e+00
000191 1.403054e+02 -4.081224e+01 -4.337506e+00
000192 1.411082e+02 -4.091861e+01 -4.377901e+00
000193 1.419062e+02 -4.101862e+01 -4.419464e+00
000194 1.426964e+02 -4.110993e+01 -4.456348e+00
000195 1.434862e+02 -4.118413e+01 -4.491871e+00
000196 1.442760e+02 -4.124845e+01 -4.527880e+00
000197 1.450550e+02 -4.130354e+01 -4.567642e+00
000198 1.458274e+02 -4.134484e+01 -4.612403e+00
000199 1.465903e+02 -4.136686e+01 -4.657895e+00
000200 1.473502e+02 -4.138182e+01 -4.704613e+00
000201 1.481169e+02 -4.139015e+01 -4.754981e+00
000202 1.488864e+02 -4.138452e+01 -4.810016e+00
000203 1.496472e+02 -4.136492e+01 -4.866196e+00
000204 1.503945e+02 -4.133785e+01 -4.922570e+00
000205 1.511367e+02 -4.130745e+01 -4.975189e+00
000206 1.518836e+02 -4.127171e+01 -5.025972e+00
000207 1.526403e+02 -4.124316e+01 -5.085267e+00
000208 1.533945e+02 -4.121665e+01 -5.150084e+00
000209 1.541484e+02 -4.119287e+01 -5.204637e+00
000210 1.548963e+02 -4.117199e+01 -5.253941e+00
000211 1.556412e+02 -4.115767e+01 -5.309298e+00
000212 1.563926e+02 -4.113867e+01 -5.366278e+00
000213 1.571395e+02 -4.112929e+01 -5.416962e+00
000214 1.578857e+02 -4.112225e+01 -5.470893e+00
000215 1.586302e+02 -4.112149e+01 -5.528080e+00
000216 1.593643e+02 -4.112304e+01 -5.577823e+00
000217 1.600952e+02 -4.112638e+01 -5.628365e+00
000218 1.608215e+02 -4.113308e+01 -5.683305e+00
000219 1.615415e+02 -4.114341e+01 -5.738588e+00
000220 1.622559e+02 -4.115910e+01 -5.787286e+00
000221 1.629748e+02 -4.117304e+01 -5.840496e+00
000222 1.636911e+02 -4.118458e+01 -5.895410e+00
000223 1.643994e+02 -4.118595e+01 -5.950404e+00
000224 1.650989e+02 -4.118391e+01 -6.001598e+00
000225 1.657946e+02 -4.116984e+01 -6.048437e+00
000226 1.664858e+02 -4.113991e+01 -6.093238e+00
000227 1.671705e+02 -4.109075e+01 -6.137223e+00
000228 1.678530e+02 -4.103668e+01 -6.181673e+00
000229 1.685301e+02 -4.097530e+01 -6.221562e+00
000230 1.692001e+02 -4.090154e+01 -6.257878e+00
000231 1.698614e+02 -4.081430e+01 -6.291791e+00
000232 1.705106e+02 -4.071802e+01 -6.321698e+00
000233 1.711577e+02 -4.061474e+01 -6.345942e+00
000234 1.717857e+02 -4.049872e+01 -6.364809e+00
000235 1.724136e+02 -4.036841e+01 -6.383917e+00
000236 1.730350e+02 -4.023437e+01 -6.398487e+00
000237 1.736569e+02 -4.010085e+01 -6.414475e+00
000238 1.742720e+02 -3.996162e+01 -6.429852e+00
000239 1.748735e+02 -3.980478e+01 -6.445461e+00
000240 1.754661e+02 -3.964344e+01 -6.462030e+00
000241 1.760534e+02 -3.948936e+01 -6.476780e+00
000242 1.766443e+02 -3.933728e+01 -6.491511e+00
000243 1.772384e+02 -3.917670e+01 -6.503706e+00
000244 1.778409e+02 -3.899819e+01 -6.523425e+00
000245 1.784457e+02 -3.881772e+01 -6.542753e+00
000246 1.790512e+02 -3.863782e+01 -6.563672e+00
000247 1.796497e+02 -3.846824e+01 -6.577018e+00
000248 1.802453e+02 -3.829850e+01 -6.587494e+00
000249 1.808424e+02 -3.813009e+01 -6.589823e+00
000250 1.814417e+02 -3.795387e+01 -6.592495e+00
000251 1.820434e+02 -3.777364e+01 -6.599489e+00
000252 1.826545e+02 -3.758509e+01 -6.610135e+00
000253 1.832678e+02 -3.739323e+01 -6.618163e+00
000254 1.838831e+02 -3.719587e+01 -6.622539e+00
000255 1.844992e+02 -3.699420e+01 -6.624971e+00
000256 1.851118e+02 -3.678729e+01 -6.625315e+00
000257 1.857206e+02 -3.656856e+01 -6.626474e+00
000258 1.863264e+02 -3.633625e+01 -6.629118e+00
000259 1.869372e+02 -3.609759e+01 -6.630873e+00
000260 1.875555e+02 -3.584729e+01 -6.636302e+00
000261 1.881796e+02 -3.558666e+01 -6.641727e+00
000262 1.887952e+02 -3.531167e+01 -6.647005e+00
000263 1.894089e+02 -3.503211e+01 -6.647317e+00
000264 1.900333e+02 -3.474499e+01 -6.646563e+00
000265 1.906582e+02 -3.445351e+01 -6.645353e+00
000266 1.912983e+02 -3.415828e+01 -6.646441e+00
000267 1.919509e+02 -3.386698e+01 -6.642430e+00
000268 1.925985e+02 -3.357701e+01 -6.636461e+00
000269 1.932543e+02 -3.328043e+01 -6.629339e+00
000270 1.939224e+02 -3.298431e+01 -6.624605e+00
000271 1.946076e+02 -3.268987e+01 -6.620022e+00
000272 1.952935e+02 -3.239218e+01 -6.613679e+00
000273 1.959819e+02 -3.209196e+01 -6.607632e+00
000274 1.966689e+02 -3.178881e+01 -6.601884e+00
000275 1.973577e+02 -3.148450e+01 -6.590085e+00
000276 1.980447e+02 -3.117947e+01 -6.577998e+00
000277 1.987286e+02 -3.087810e+01 -6.568027e+00
000278 1.994136e+02 -3.057849e+01 -6.558335e+00
000279 2.000964e+02 -3.028273e+01 -6.544179e+00
000280 2.007784e+02 -2.998209e+01 -6.530959e+00
000281 2.014645e+02 -2.967879e+01 -6.520036e+00
000282 2.021490e+02 -2.937762e+01 -6.508843e+00
000283 2.028328e+02 -2.907468e+01 -6.500732e+00
000284 2.035186e+02 -2.877610e+01 -6.489796e+00
000285 2.042052e+02 -2.849044e+01 -6.476282e+00
000286 2.048965e+02 -2.821234e+01 -6.466747e+00
000287 2.055855e+02 -2.794682e+01 -6.460876e+00
000288 2.062804e+02 -2.768336e+01 -6.457291e+00
000289 2.069776e+02 -2.742532e+01 -6.451620e+00
000290 2.076847e+02 -2.718172e+01 -6.442866e+00
000291 2.083951e+02 -2.694940e+01 -6.431564e+00
000292 2.090997e+02 -2.671654e+01 -6.412693e+00
000293 2.098040e+02 -2.647707e+01 -6.390837e+00
000294 2.105114e+02 -2.624826e+01 -6.368113e+00
000295 2.112267e+02 -2.601616e+01 -6.344077e+00
000296 2.119378e+02 -2.578235e+01 -6.316282e+00
000297 2.126531e+02 -2.554273e+01 -6.288388e+00
000298 2.133746e+02 -2.530655e+01 -6.266484e+00
000299 2.140992e+02 -2.507414e+01 -6.250693e+00
000300 2.148260e+02 -2.484157e+01 -6.233950e+00
000301 2.155565e+02 -2.461008e+01 -6.215613e+00
000302 2.162920e+02 -2.436727e+01 -6.192151e+00
000303 2.170259e+02 -2.411545e+01 -6.170889e+00
000304 2.177641e+02 -2.385283e+01 -6.141465e+00
000305 2.184996e+02 -2.358866e+01 -6.107629e+00
000306 2.192373e+02 -2.331785e+01 -6.076588e+00
000307 2.199730e+02 -2.303739e+01 -6.048783e+00
000308 2.207081e+02 -2.275294e+01 -6.010950e+00
000309 2.214455e+02 -2.246604e+01 -5.978570e+00
000310 2.221872e+02 -2.217504e+01 -5.953439e+00
000311 2.229246e+02 -2.188097e+01 -5.925935e+00
000312 2.236673e+02 -2.158401e+01 -5.900824e+00
000313 2.244110e+02 -2.128566e+01 -5.878524e+00
000314 2.251519e+02 -2.098574e+01 -5.852608e+00
000315 2.258876e+02 -2.068760e+01 -5.821468e+00
000316 2.266172e+02 -2.038914e+01 -5.786416e+00
000317 2.273444e+02 -2.008115e+01 -5.748608e+00
000318 2.280720e+02 -1.976164e+01 -5.713135e+00
000319 2.287943e+02 -1.944196e+01 -5.670054e+00
000320 2.295083e+02 -1.912990e+01 -5.635042e+00
000321 2.302202e+02 -1.881336e+01 -5.598456e+00
000322 2.309318e+02 -1.848487e+01 -5.563405e+00
000323 2.316515e+02 -1.814959e+01 -5.531661e+00
000324 2.323801e+02 -1.781958e+01 -5.500836e+00
000325 2.331128e+02 -1.749136e+01 -5.462204e+00
000326 2.338426e+02 -1.715509e+01 -5.421735e+00
000327 2.345679e+02 -1.681799e+01 -5.383327e+00
000328 2.352837e+02 -1.648612e+01 -5.338707e+00
000329 2.359993e+02 -1.615219e+01 -5.291877e+00
000330 2.367130e+02 -1.580991e+01 -5.248129e+00
000331 2.374264e+02 -1.546516e+01 -5.210063e+00
000332 2.381367e+02 -1.511758e+01 -5.166998e+00
000333 2.388518e+02 -1.476521e+01 -5.126556e+00
000334 2.395718e+02 -1.440661e+01 -5.089701e+00
000335 2.402931e+02 -1.404673e+01 -5.054711e+00
000336 2.410170e+02 -1.368347e+01 -5.014917e+00
000337 2.417404e+02 -1.331751e+01 -4.967915e+00
000338 2.424684e+02 -1.294865e+01 -4.919889e+00
000339 2.431894e+02 -1.257871e+01 -4.866153e+00
000340 2.438927e+02 -1.220269e+01 -4.820597e+00
000341 2.445980e+02 -1.183273e+01 -4.768203e+00
000342 2.453039e+02 -1.146869e+01 -4.715412e+00
000343 2.460241e+02 -1.109793e+01 -4.666974e+00
000344 2.467476e+02 -1.072107e+01 -4.628331e+00
000345 2.474682e+02 -1.034967e+01 -4.585009e+00
000346 2.481891e+02 -9.979828e+00 -4.542905e+00
000347 2.489165e+02 -9.608053e+00 -4.506301e+00
000348 2.496451e+02 -9.231011e+00 -4.465693e+00
000349 2.503674e+02 -8.851415e+00 -4.419715e+00
000350 2.510879e+02 -8.470395e+00 -4.371330e+00
000351 2.518063e+02 -8.090111e+00 -4.325524e+00
000352 2.525224e+02 -7.707069e+00 -4.275557e+00
000353 2.532425e+02 -7.325540e+00 -4.220724e+00
000354 2.539607e+02 -6.938930e+00 -4.161421e+00
000355 2.546779e+02 -6.545579e+00 -4.110352e+00
000356 2.553919e+02 -6.152612e+00 -4.048806e+00
000357 2.561011e+02 -5.755645e+00 -3.990384e+00
000358 2.568048e+02 -5.350577e+00 -3.930085e+00
000359 2.575076e+02 -4.948904e+00 -3.878397e+00
000360 2.582150e+02 -4.543629e+00 -3.826391e+00
000361 2.589184e+02 -4.128435e+00 -3.779890e+00
000362 2.596187e+02 -3.705256e+00 -3.733326e+00
000363 2.603076e+02 -3.272954e+00 -3.683134e+00
000364 2.609917e+02 -2.820165e+00 -3.633918e+00
000365 2.616731e+02 -2.357593e+00 -3.580981e+00
000366 2.623444e+02 -1.883065e+00 -3.531769e+00
000367 2.630049e+02 -1.397703e+00 -3.480155e+00
000368 2.636556e+02 -9.077904e-01 -3.427591e+00
000369 2.643027e+02 -4.142628e-01 -3.373096e+00
000370 2.649518e+02 8.421701e-02 -3.320578e+00
000371 2.656004e+02 5.815620e-01 -3.277874e+00
000372 2.662521e+02 1.068534e+00 -3.231419e+00
000373 2.669119e+02 1.539702e+00 -3.186902e+00
000374 2.675830e+02 1.995215e+00 -3.138958e+00
000375 2.682659e+02 2.447327e+00 -3.095292e+00
000376 2.689438e+02 2.900508e+00 -3.057266e+00
000377 2.696322e+02 3.337088e+00 -3.014796e+00
000378 2.703249e+02 3.759467e+00 -2.971910e+00
000379 2.710177e+02 4.180200e+00 -2.933541e+00
000380 2.717172e+02 4.604376e+00 -2.897192e+00
000381 2.724197e+02 5.022290e+00 -2.857745e+00
000382 2.731286e+02 5.441538e+00 -2.814492e+00
000383 2.738426e+02 5.855792e+00 -2.772449e+00
000384 2.745609e+02 6.266911e+00 -2.721918e+00
000385 2.752745e+02 6.675117e+00 -2.673153e+00
000386 2.759847e+02 7.082604e+00 -2.628431e+00
000387 2.766939e+02 7.483336e+00 -2.585559e+00
000388 2.774117e+02 7.884799e+00 -2.538301e+00
000389 2.781377e+02 8.291747e+00 -2.495085e+00
000390 2.788724e+02 8.703796e+00 -2.463622e+00
000391 2.796088e+02 9.109342e+00 -2.427851e+00
000392 2.803533e+02 9.516225e+00 -2.392970e+00
000393 2.810976e+02 9.935075e+00 -2.361052e+00
000394 2.818429e+02 1.035908e+01 -2.327550e+00
000395 2.825899e+02 1.078580e+01 -2.293190e+00
000396 2.833375e+02 1.121977e+01 -2.259848e+00
000397 2.840848e+02 1.166325e+01 -2.234216e+00
000398 2.848272e+02 1.210499e+01 -2.201768e+00
000399 2.855784e+02 1.254485e+01 -2.174731e+00
000400 2.863278e+02 1.298766e+01 -2.157485e+00
000401 2.870798e+02 1.344201e+01 -2.141208e+00
000402 2.878316e+02 1.391153e+01 -2.116997e+00
000403 2.885810e+02 1.439510e+01 -2.092276e+00
000404 2.893351e+02 1.488867e+01 -2.064174e+00
000405 2.900887e+02 1.539635e+01 -2.028438e+00
000406 2.908382e+02 1.590519e+01 -1.994986e+00
000407 2.915808e+02 1.641665e+01 -1.953998e+00
000408 2.923119e+02 1.693296e+01 -1.909983e+00
000409 2.930391e+02 1.744383e+01 -1.864125e+00
000410 2.937666e+02 1.795966e+01 -1.824438e+00
000411 2.944939e+02 1.848161e+01 -1.789217e+00
000412 2.952267e+02 1.901274e+01 -1.755458e+00
000413 2.959760e+02 1.954372e+01 -1.733893e+00
000414 2.967209e+02 2.009092e+01 -1.707063e+00
000415 2.974645e+02 2.064190e+01 -1.676369e+00
000416 2.981922e+02 2.121228e+01 -1.635982e+00
000417 2.989783e+02 2.180486e+01 -1.657067e+00
000418 2.997788e+02 2.241695e+01 -1.693639e+00
000419 3.005852e+02 2.302434e+01 -1.732539e+00
000420 3.013610e+02 2.363381e+01 -1.747050e+00
000421 3.021279e+02 2.424501e+01 -1.749939e+00
000422 3.028926e+02 2.486059e+01 -1.762461e+00
000423 3.036453e+02 2.548753e+01 -1.757056e+00
000424 3.043940e+02 2.612871e+01 -1.753708e+00
000425 3.051332e+02 2.677897e+01 -1.736061e+00
000426 3.058703e+02 2.742763e+01 -1.718076e+00
000427 3.065830e+02 2.807634e+01 -1.694224e+00
000428 3.073026e+02 2.873554e+01 -1.677575e+00
000429 3.080194e+02 2.938700e+01 -1.655528e+00
000430 3.087355e+02 3.004649e+01 -1.635678e+00
000431 3.094386e+02 3.070690e+01 -1.610963e+00
000432 3.101407e+02 3.137448e+01 -1.585427e+00
000433 3.108359e+02 3.204009e+01 -1.557699e+00
000434 3.115197e+02 3.271633e+01 -1.531653e+00
000435 3.121948e+02 3.339942e+01 -1.502226e+00
000436 3.128629e+02 3.407583e+01 -1.471946e+00
000437 3.135266e+02 3.476541e+01 -1.442106e+00
000438 3.141892e+02 3.544723e+01 -1.405865e+00
000439 3.148435e+02 3.613799e+01 -1.378314e+00
000440 3.154894e+02 3.682740e+01 -1.346387e+00
000441 3.161388e+02 3.751735e+01 -1.312849e+00
000442 3.167807e+02 3.821802e+01 -1.280517e+00
000443 3.174141e+02 3.892525e+01 -1.250716e+00
000444 3.180491e+02 3.962810e+01 -1.209970e+00
000445 3.186872e+02 4.032863e+01 -1.166319e+00
000446 3.193144e+02 4.102951e+01 -1.130942e+00
000447 3.199432e+02 4.172857e+01 -1.094331e+00
000448 3.205699e+02 4.242029e+01 -1.055116e+00
000449 3.211979e+02 4.311884e+01 -1.019788e+00
000450 3.218286e+02 4.382261e+01 -9.855898e-01
000451 3.224645e+02 4.452778e+01 -9.469468e-01
000452 3.231058e+02 4.523347e+01 -9.061778e-01
000453 3.237484e+02 4.593426e+01 -8.650478e-01
000454 3.243921e+02 4.663318e+01 -8.250807e-01
000455 3.250437e+02 4.732677e+01 -7.865276e-01
000456 3.257065e+02 4.801802e+01 -7.496238e-01
000457 3.263766e+02 4.870917e+01 -7.157939e-01
000458 3.270557e+02 4.939482e+01 -6.821795e-01
000459 3.277396e+02 5.008093e+01 -6.437965e-01
000460 3.284377e+02 5.076531e+01 -6.002114e-01
000461 3.291391e+02 5.144859e+01 -5.560634e-01
000462 3.298404e+02 5.211788e+01 -5.082701e-01
000463 3.305487e+02 5.277800e+01 -4.610597e-01
000464 3.312668e+02 5.343409e+01 -4.174988e-01
000465 3.319976e+02 5.408875e+01 -3.786882e-01
000466 3.327368e+02 5.474402e+01 -3.411610e-01
000467 3.334791e+02 5.539719e+01 -3.033084e-01
000468 3.342300e+02 5.604605e+01 -2.608018e-01
000469 3.349826e+02 5.669610e+01 -2.177423e-01
000470 3.357387e+02 5.734950e+01 -1.730481e-01
000471 3.364998e+02 5.799518e+01 -1.280985e-01
000472 3.372672e+02 5.864049e+01 -8.432989e-02
000473 3.380396e+02 5.928309e+01 -3.922766e-02
000474 3.388169e+02 5.992562e+01 7.915830e-03
000475 3.395995e+02 6.056028e+01 5.390482e-02
000476 3.403890e+02 6.119943e+01 1.011524e-01
000477 3.411781e+02 6.183344e+01 1.502289e-01
000478 3.419688e+02 6.246632e+01 1.971761e-01
000479 3.427628e+02 6.309758e+01 2.432714e-01
000480 3.435549e+02 6.372230e+01 2.876121e-01
000481 3.443514e+02 6.434145e+01 3.315807e-01
000482 3.451509e+02 6.495923e+01 3.770411e-01
000483 3.459578e+02 6.557679e+01 4.211189e-01
000484 3.467695e+02 6.619159e+01 4.707702e-01
000485 3.475814e+02 6.680720e+01 5.273584e-01
000486 3.483865e+02 6.741820e+01 5.831376e-01
000487 3.491896e+02 6.802224e+01 6.373941e-01
000488 3.499934e+02 6.862683e+01 6.867561e-01
000489 3.508015e+02 6.922924e+01 7.306963e-01
000490 3.516181e+02 6.983576e+01 7.719350e-01
000491 3.524363e+02 7.043699e+01 8.118633e-01
000492 3.532541e+02 7.103883e+01 8.570171e-01
000493 3.540720e+02 7.164191e+01 9.061182e-01
000494 3.548849e+02 7.224224e+01 9.553822e-01
000495 3.556986e+02 7.284490e+01 1.004715e+00
000496 3.565095e+02 7.344368e+01 1.054302e+00
000497 3.573241e+02 7.404848e+01 1.105041e+00
000498 3.581418e+02 7.465095e+01 1.154416e+00
000499 3.589549e+02 7.525210e+01 1.205514e+00
000500 3.597704e+02 7.585261e+01 1.255258e+00
000501 3.605831e+02 7.645292e+01 1.307541e+00
000502 3.613986e+02 7.705344e+01 1.358613e+00
000503 3.622130e+02 7.765593e+01 1.409611e+00
000504 3.630263e+02 7.825590e+01 1.463455e+00
000505 3.638376e+02 7.885458e+01 1.518440e+00
000506 3.646465e+02 7.945174e+01 1.575087e+00
000507 3.654522e+02 8.004472e+01 1.632868e+00
000508 3.662568e+02 8.063483e+01 1.693095e+00
000509 3.670527e+02 8.122981e+01 1.755061e+00
000510 3.678450e+02 8.182341e+01 1.818981e+00
000511 3.686274e+02 8.241447e+01 1.881295e+00
000512 3.694018e+02 8.299951e+01 1.943287e+00
000513 3.701664e+02 8.357975e+01 2.005374e+00
000514 3.709204e+02 8.415507e+01 2.065452e+00
000515 3.716627e+02 8.472436e+01 2.125331e+00
000516 3.723933e+02 8.528816e+01 2.185990e+00
000517 3.731107e+02 8.584868e+01 2.251081e+00
000518 3.738107e+02 8.640180e+01 2.316552e+00
000519 3.744976e+02 8.694454e+01 2.384074e+00
000520 3.751693e+02 8.747500e+01 2.455947e+00
000521 3.758296e+02 8.799199e+01 2.525397e+00
000522 3.764780e+02 8.849556e+01 2.593374e+00
000523 3.771159e+02 8.898482e+01 2.658386e+00
000524 3.777468e+02 8.946349e+01 2.722154e+00
000525 3.783710e+02 8.993373e+01 2.782431e+00
000526 3.789847e+02 9.039767e+01 2.839420e+00
000527 3.795884e+02 9.085453e+01 2.895644e+00
000528 3.801834e+02 9.130094e+01 2.953651e+00
000529 3.807729e+02 9.174008e+01 3.009361e+00
000530 3.813576e+02 9.216341e+01 3.062328e+00
000531 3.819330e+02 9.257369e+01 3.112642e+00
000532 3.825049e+02 9.297641e+01 3.160924e+00
000533 3.830793e+02 9.337300e+01 3.210042e+00
000534 3.836609e+02 9.376359e+01 3.261727e+00
000535 3.842584e+02 9.415217e+01 3.311365e+00
000536 3.848622e+02 9.454098e+01 3.360853e+00
000537 3.854764e+02 9.492187e+01 3.416745e+00
000538 3.861003e+02 9.529750e+01 3.475179e+00
000539 3.867256e+02 9.566617e+01 3.536985e+00
000540 3.873588e+02 9.602935e+01 3.601461e+00
000541 3.879960e+02 9.638488e+01 3.664976e+00
000542 3.886418e+02 9.673499e+01 3.731560e+00
000543 3.892979e+02 9.708630e+01 3.798926e+00
000544 3.899619e+02 9.744102e+01 3.869983e+00
000545 3.906449e+02 9.780232e+01 3.945355e+00
000546 3.913339e+02 9.817505e+01 4.027034e+00
000547 3.920249e+02 9.854535e+01 4.116231e+00
000548 3.927178e+02 9.890721e+01 4.211579e+00
000549 3.934140e+02 9.926698e+01 4.312938e+00
000550 3.941151e+02 9.962394e+01 4.416686e+00
000551 3.948314e+02 9.997536e+01 4.526817e+00
000552 3.955498e+02 1.003225e+02 4.640894e+00
000553 3.962758e+02 1.006607e+02 4.754188e+00
000554 3.969938e+02 1.009936e+02 4.868321e+00
000555 3.977045e+02 1.013225e+02 4.987048e+00
000556 3.984144e+02 1.016473e+02 5.103503e+00
000557 3.991214e+02 1.019680e+02 5.219817e+00
000558 3.998242e+02 1.022796e+02 5.332589e+00
000559 4.005261e+02 1.025786e+02 5.443658e+00
000560 4.012227e+02 1.028625e+02 5.551546e+00
000561 4.019166e+02 1.031409e+02 5.657436e+00
000562 4.026027e+02 1.034080e+02 5.762673e+00
000563 4.032798e+02 1.036591e+02 5.866325e+00
000564 4.039506e+02 1.039027e+02 5.964650e+00
000565 4.046170e+02 1.041420e+02 6.061249e+00
000566 4.052801e+02 1.043753e+02 6.151740e+00
000567 4.059597e+02 1.045908e+02 6.239906e+00
000568 4.066318e+02 1.047799e+02 6.325233e+00
000569 4.073170e+02 1.049530e+02 6.405908e+00
000570 4.080110e+02 1.051082e+02 6.481032e+00
000571 4.087023e+02 1.052460e+02 6.551585e+00
000572 4.094193e+02 1.053713e+02 6.619282e+00
000573 4.101351e+02 1.054854e+02 6.691065e+00
000574 4.108725e+02 1.055946e+02 6.763749e+00
000575 4.116172e+02 1.057000e+02 6.838057e+00
000576 4.123610e+02 1.057908e+02 6.919003e+00
000577 4.131125e+02 1.058794e+02 7.000377e+00
000578 4.138665e+02 1.059700e+02 7.082022e+00
000579 4.146247e+02 1.060586e+02 7.167742e+00
000580 4.153892e+02 1.061371e+02 7.261742e+00
000581 4.161484e+02 1.062120e+02 7.350541e+00
000582 4.168974e+02 1.062978e+02 7.427760e+00
000583 4.176432e+02 1.063750e+02 7.505022e+00
000584 4.183920e+02 1.064346e+02 7.589414e+00
000585 4.191639e+02 1.065066e+02 7.668172e+00
000586 4.199504e+02 1.065859e+02 7.739703e+00
000587 4.207323e+02 1.066555e+02 7.809960e+00
000588 4.214933e+02 1.067270e+02 7.865259e+00
000589 4.222299e+02 1.068000e+02 7.916668e+00
000590 4.229770e+02 1.068715e+02 7.971700e+00
000591 4.237372e+02 1.069478e+02 8.020692e+00
000592 4.245012e+02 1.070352e+02 8.059333e+00
000593 4.252498e+02 1.071189e+02 8.093652e+00
000594 4.259771e+02 1.071916e+02 8.129462e+00
000595 4.266891e+02 1.072626e+02 8.167187e+00
000596 4.273978e+02 1.073393e+02 8.202315e+00
000597 4.281028e+02 1.074201e+02 8.233718e+00
000598 4.287973e+02 1.075012e+02 8.264055e+00
000599 4.294784e+02 1.075837e+02 8.290819e+00
000600 4.301492e+02 1.076708e+02 8.313589e+00
000601 4.308100e+02 1.077570e+02 8.332906e+00
000602 4.314674e+02 1.078376e+02 8.346583e+00
000603 4.321175e+02 1.079076e+02 8.355373e+00
000604 4.327650e+02 1.079600e+02 8.365156e+00
000605 4.333982e+02 1.079914e+02 8.376060e+00
000606 4.340258e+02 1.080081e+02 8.381937e+00
000607 4.346248e+02 1.080189e+02 8.387456e+00
000608 4.351999e+02 1.080164e+02 8.390719e+00
000609 4.357582e+02 1.080091e+02 8.395461e+00
000610 4.362915e+02 1.079901e+02 8.399452e+00
000611 4.368089e+02 1.079684e+02 8.403295e+00
000612 4.372990e+02 1.079305e+02 8.401479e+00
000613 4.377525e+02 1.078831e+02 8.394344e+00
000614 4.381792e+02 1.078263e+02 8.385082e+00
000615 4.385810e+02 1.077694e+02 8.378120e+00
000616 4.389558e+02 1.077178e+02 8.371887e+00
000617 4.393196e+02 1.076669e+02 8.371096e+00
000618 4.396662e+02 1.076070e+02 8.368543e+00
000619 4.399972e+02 1.075448e+02 8.358794e+00
000620 4.403117e+02 1.074760e+02 8.348141e+00
000621 4.406089e+02 1.074090e+02 8.339225e+00
000622 4.408912e+02 1.073598e+02 8.330838e+00
000623 4.411539e+02 1.073234e+02 8.320060e+00
000624 4.413987e+02 1.072894e+02 8.312378e+00
000625 4.416215e+02 1.072539e+02 8.308381e+00
000626 4.418197e+02 1.072159e+02 8.302167e+00
000627 4.419929e+02 1.071791e+02 8.292936e+00
000628 4.421489e+02 1.071466e+02 8.284685e+00
000629 4.422988e+02 1.071254e+02 8.284115e+00
000630 4.424486e+02 1.071107e+02 8.281336e+00
000631 4.426003e+02 1.070931e+02 8.281351e+00
000632 4.427548e+02 1.070634e+02 8.282708e+00
000633 4.429059e+02 1.070386e+02 8.285099e+00
000634 4.430529e+02 1.070229e+02 8.283272e+00
000635 4.431997e+02 1.070169e+02 8.280202e+00
000636 4.433468e+02 1.070141e+02 8.276204e+00
000637 4.434966e+02 1.070092e+02 8.273670e+00
000638 4.436589e+02 1.069995e+02 8.271518e+00
000639 4.438360e+02 1.069893e+02 8.270710e+00
000640 4.440318e+02 1.069847e+02 8.272879e+00
000641 4.442467e+02 1.069889e+02 8.274685e+00
000642 4.444730e+02 1.069895e+02 8.271421e+00
000643 4.447070e+02 1.069764e+02 8.261392e+00
000644 4.449541e+02 1.069578e+02 8.252821e+00
000645 4.452055e+02 1.069463e+02 8.244671e+00
000646 4.454699e+02 1.069428e+02 8.242657e+00
000647 4.457410e+02 1.069431e+02 8.242741e+00
000648 4.460129e+02 1.069533e+02 8.236481e+00
000649 4.463024e+02 1.069727e+02 8.230851e+00
000650 4.466028e+02 1.069995e+02 8.226772e+00
000651 4.469028e+02 1.070336e+02 8.225666e+00
000652 4.472256e+02 1.070867e+02 8.225759e+00
000653 4.475585e+02 1.071497e+02 8.226509e+00
000654 4.478898e+02 1.072100e+02 8.222854e+00
000655 4.482499e+02 1.072771e+02 8.217450e+00
000656 4.486050e+02 1.073516e+02 8.211699e+00
000657 4.489874e+02 1.074465e+02 8.207744e+00
000658 4.493814e+02 1.075566e+02 8.204227e+00
000659 4.497735e+02 1.076756e+02 8.201329e+00
000660 4.501895e+02 1.078222e+02 8.198927e+00
000661 4.506113e+02 1.080041e+02 8.195762e+00
000662 4.510376e+02 1.081997e+02 8.192056e+00
000663 4.514911e+02 1.084021e+02 8.188818e+00
000664 4.519494e+02 1.086181e+02 8.186495e+00
000665 4.524322e+02 1.088440e+02 8.183530e+00
000666 4.529289e+02 1.090848e+02 8.181836e+00
000667 4.534353e+02 1.093187e+02 8.179648e+00
000668 4.539636e+02 1.095466e+02 8.182570e+00
000669 4.545022e+02 1.097981e+02 8.183837e+00
000670 4.550427e+02 1.100667e+02 8.183922e+00
000671 4.555975e+02 1.103603e+02 8.182013e+00
000672 4.561582e+02 1.106666e+02 8.181664e+00
000673 4.567493e+02 1.109831e+02 8.169620e+00
000674 4.573544e+02 1.113083e+02 8.152796e+00
000675 4.579719e+02 1.116461e+02 8.132884e+00
000676 4.585971e+02 1.119988e+02 8.119070e+00
000677 4.592335e+02 1.123592e+02 8.106465e+00
000678 4.598774e+02 1.127358e+02 8.100209e+00
000679 4.605356e+02 1.131184e+02 8.092042e+00
000680 4.612016e+02 1.135145e+02 8.086262e+00
000681 4.618832e+02 1.139149e+02 8.079735e+00
000682 4.625741e+02 1.143268e+02 8.076379e+00
000683 4.632776e+02 1.147487e+02 8.070543e+00
000684 4.639887e+02 1.151820e+02 8.064325e+00
000685 4.647101e+02 1.156225e+02 8.056835e+00
000686 4.654401e+02 1.160673e+02 8.048223e+00
000687 4.661755e+02 1.165177e+02 8.039721e+00
000688 4.669232e+02 1.169794e+02 8.029741e+00
000689 4.676730e+02 1.174495e+02 8.017194e+00
000690 4.684354e+02 1.179247e+02 8.005046e+00
000691 4.692057e+02 1.184087e+02 7.993850e+00
000692 4.699870e+02 1.189038e+02 7.980812e+00
000693 4.707811e+02 1.194044e+02 7.967282e+00
000694 4.715837e+02 1.199093e+02 7.952083e+00
000695 4.723974e+02 1.204162e+02 7.942587e+00
000696 4.732194e+02 1.209268e+02 7.932442e+00
000697 4.740519e+02 1.214472e+02 7.920100e+00
000698 4.748921e+02 1.219754e+02 7.908537e+00
000699 4.757434e+02 1.225108e+02 7.896328e+00
000700 4.766013e+02 1.230538e+02 7.882709e+00
000701 4.774675e+02 1.236020e+02 7.870021e+00
000702 4.783443e+02 1.241604e+02 7.856526e+00
000703 4.792297e+02 1.247229e+02 7.842703e+00
000704 4.801181e+02 1.252863e+02 7.816016e+00
000705 4.809920e+02 1.258640e+02 7.799868e+00
000706 4.818789e+02 1.264407e+02 7.784641e+00
000707 4.827725e+02 1.270159e+02 7.768610e+00
000708 4.836799e+02 1.275929e+02 7.748165e+00
000709 4.845909e+02 1.281647e+02 7.723347e+00
000710 4.855159e+02 1.287246e+02 7.702777e+00
000711 4.864476e+02 1.292736e+02 7.689090e+00
000712 4.873873e+02 1.298063e+02 7.675900e+00
000713 4.883500e+02 1.303251e+02 7.659760e+00
000714 4.893200e+02 1.308265e+02 7.644658e+00
000715 4.902959e+02 1.313053e+02 7.627582e+00
000716 4.912861e+02 1.317682e+02 7.608299e+00
000717 4.922829e+02 1.322132e+02 7.577623e+00
000718 4.933018e+02 1.326530e+02 7.529603e+00
000719 4.943350e+02 1.330594e+02 7.486674e+00
000720 4.953580e+02 1.334382e+02 7.441737e+00
000721 4.964058e+02 1.337937e+02 7.395897e+00
000722 4.974462e+02 1.341159e+02 7.343661e+00
000723 4.985138e+02 1.344098e+02 7.291952e+00
000724 4.995934e+02 1.346606e+02 7.239981e+00
000725 5.006561e+02 1.348781e+02 7.179209e+00
000726 5.017511e+02 1.350642e+02 7.107864e+00
000727 5.028308e+02 1.352112e+02 7.030874e+00
000728 5.039342e+02 1.353334e+02 6.948783e+00
000729 5.050423e+02 1.354277e+02 6.859950e+00
000730 5.061472e+02 1.354921e+02 6.768053e+00
000731 5.072723e+02 1.355359e+02 6.675050e+00
000732 5.083950e+02 1.355569e+02 6.580157e+00
000733 5.095108e+02 1.355511e+02 6.485308e+00
000734 5.106424e+02 1.355229e+02 6.389289e+00
000735 5.117704e+02 1.354757e+02 6.294291e+00
000736 5.129071e+02 1.354162e+02 6.208165e+00
000737 5.140440e+02 1.353570e+02 6.119894e+00
000738 5.151850e+02 1.352992e+02 6.025495e+00
000739 5.163261e+02 1.352386e+02 5.928454e+00
000740 5.174718e+02 1.351718e+02 5.832641e+00
000741 5.186230e+02 1.350979e+02 5.734027e+00
000742 5.197856e+02 1.350173e+02 5.634750e+00
000743 5.209588e+02 1.349329e+02 5.532390e+00
000744 5.221448e+02 1.348470e+02 5.430448e+00
000745 5.233374e+02 1.347574e+02 5.330952e+00
000746 5.245354e+02 1.346696e+02 5.231821e+00
000747 5.257344e+02 1.345788e+02 5.131118e+00
000748 5.269472e+02 1.344845e+02 5.024148e+00
000749 5.281671e+02 1.343884e+02 4.913715e+00
000750 5.293991e+02 1.342938e+02 4.801178e+00
000751 5.306378e+02 1.342008e+02 4.687869e+00
000752 5.318804e+02 1.341087e+02 4.575691e+00
000753 5.331337e+02 1.340104e+02 4.462482e+00
000754 5.343975e+02 1.339097e+02 4.347459e+00
000755 5.356613e+02 1.337995e+02 4.234970e+00
000756 5.369366e+02 1.336863e+02 4.119557e+00
000757 5.382185e+02 1.335721e+02 4.003077e+00
000758 5.395087e+02 1.334504e+02 3.885044e+00
000759 5.408060e+02 1.333260e+02 3.768101e+00
000760 5.421306e+02 1.331855e+02 3.670993e+00
000761 5.434628e+02 1.330424e+02 3.573109e+00
000762 5.448020e+02 1.328923e+02 3.476816e+00
000763 5.461426e+02 1.327403e+02 3.370720e+00
000764 5.474929e+02 1.325792e+02 3.267103e+00
000765 5.488484e+02 1.324159e+02 3.156546e+00
000766 5.502099e+02 1.322485e+02 3.041963e+00
000767 5.515752e+02 1.320777e+02 2.913270e+00
000768 5.529480e+02 1.319008e+02 2.783757e+00
000769 5.543261e+02 1.317159e+02 2.656796e+00
000770 5.557118e+02 1.315261e+02 2.528567e+00
000771 5.571041e+02 1.313279e+02 2.399866e+00
000772 5.584998e+02 1.311262e+02 2.269903e+00
000773 5.599076e+02 1.309168e+02 2.138770e+00
000774 5.613175e+02 1.307066e+02 2.008314e+00
000775 5.627394e+02 1.304905e+02 1.875610e+00
000776 5.641657e+02 1.302739e+02 1.742310e+00
000777 5.655998e+02 1.300512e+02 1.607277e+00
000778 5.670384e+02 1.298258e+02 1.473204e+00
000779 5.684892e+02 1.295962e+02 1.338244e+00
000780 5.699415e+02 1.293673e+02 1.204765e+00
000781 5.714033e+02 1.291365e+02 1.070450e+00
000782 5.728707e+02 1.289047e+02 9.347147e-01
000783 5.743517e+02 1.286665e+02 7.948708e-01
000784 5.758281e+02 1.284282e+02 6.596113e-01
000785 5.773012e+02 1.281909e+02 5.265952e-01
000786 5.787797e+02 1.279538e+02 3.911611e-01
000787 5.802597e+02 1.277179e+02 2.527980e-01
000788 5.817458e+02 1.274871e+02 1.016155e-01
000789 5.832371e+02 1.272589e+02 -5.588021e-02
000790 5.847273e+02 1.270310e+02 -2.157308e-01
000791 5.862192e+02 1.267986e+02 -3.728685e-01
000792 5.877130e+02 1.265673e+02 -5.291253e-01
000793 5.892056e+02 1.263366e+02 -6.839355e-01
000794 5.907063e+02 1.261075e+02 -8.349537e-01
000795 5.922020e+02 1.258847e+02 -9.855955e-01
000796 5.936965e+02 1.256604e+02 -1.133189e+00
000797 5.951894e+02 1.254396e+02 -1.279919e+00
000798 5.966838e+02 1.252152e+02 -1.425223e+00
000799 5.981765e+02 1.249935e+02 -1.569485e+00
000800 5.996656e+02 1.247758e+02 -1.713634e+00
000801 6.011497e+02 1.245584e+02 -1.855775e+00
000802 6.026348e+02 1.243339e+02 -1.996259e+00
000803 6.041193e+02 1.241054e+02 -2.134326e+00
000804 6.056015e+02 1.238702e+02 -2.266799e+00
000805 6.070799e+02 1.236385e+02 -2.402032e+00
000806 6.085550e+02 1.234126e+02 -2.539860e+00
000807 6.100387e+02 1.231942e+02 -2.682651e+00
000808 6.115210e+02 1.229770e+02 -2.824801e+00
000809 6.130022e+02 1.227629e+02 -2.963844e+00
000810 6.144836e+02 1.225471e+02 -3.099679e+00
000811 6.159658e+02 1.223354e+02 -3.235243e+00
000812 6.174445e+02 1.221166e+02 -3.370905e+00
000813 6.189264e+02 1.219034e+02 -3.509590e+00
000814 6.204019e+02 1.216860e+02 -3.644953e+00
000815 6.218775e+02 1.214710e+02 -3.782481e+00
000816 6.233503e+02 1.212544e+02 -3.919619e+00
000817 6.248239e+02 1.210352e+02 -4.058322e+00
000818 6.262881e+02 1.208229e+02 -4.197430e+00
000819 6.277419e+02 1.206154e+02 -4.339425e+00
000820 6.291950e+02 1.204151e+02 -4.485251e+00
000821 6.306377e+02 1.202160e+02 -4.631806e+00
000822 6.320716e+02 1.200166e+02 -4.772113e+00
000823 6.334936e+02 1.198122e+02 -4.906253e+00
000824 6.349104e+02 1.196107e+02 -5.039168e+00
000825 6.363188e+02 1.194126e+02 -5.173869e+00
000826 6.377168e+02 1.192158e+02 -5.306799e+00
000827 6.391077e+02 1.190205e+02 -5.440214e+00
000828 6.404840e+02 1.188251e+02 -5.573172e+00
000829 6.418446e+02 1.186326e+02 -5.704481e+00
000830 6.431805e+02 1.184422e+02 -5.829779e+00
000831 6.444976e+02 1.182561e+02 -5.952741e+00
000832 6.457878e+02 1.180703e+02 -6.069315e+00
000833 6.470504e+02 1.178844e+02 -6.180966e+00
000834 6.482784e+02 1.176984e+02 -6.293647e+00
000835 6.494851e+02 1.175205e+02 -6.410502e+00
000836 6.506695e+02 1.173448e+02 -6.526455e+00
000837 6.518174e+02 1.171760e+02 -6.633894e+00
000838 6.529332e+02 1.170159e+02 -6.736937e+00
000839 6.540157e+02 1.168630e+02 -6.834140e+00
000840 6.550645e+02 1.167124e+02 -6.928940e+00
000841 6.560738e+02 1.165666e+02 -7.019342e+00
000842 6.570509e+02 1.164399e+02 -7.109623e+00
000843 6.579807e+02 1.163142e+02 -7.194317e+00
000844 6.588703e+02 1.161936e+02 -7.275101e+00
000845 6.597211e+02 1.160767e+02 -7.356354e+00
000846 6.605264e+02 1.159646e+02 -7.432865e+00
000847 6.612929e+02 1.158579e+02 -7.506423e+00
000848 6.620203e+02 1.157505e+02 -7.573766e+00
000849 6.627011e+02 1.156308e+02 -7.640330e+00
000850 6.633550e+02 1.155058e+02 -7.700834e+00
000851 6.639799e+02 1.153586e+02 -7.758066e+00
000852 6.645440e+02 1.151851e+02 -7.812578e+00
000853 6.651394e+02 1.149993e+02 -7.870549e+00
000854 6.656528e+02 1.147870e+02 -7.927666e+00
000855 6.662207e+02 1.145578e+02 -7.985695e+00
000856 6.667809e+02 1.143064e+02 -8.042231e+00
000857 6.672164e+02 1.140165e+02 -8.095726e+00
000858 6.677314e+02 1.137224e+02 -8.155080e+00
000859 6.680814e+02 1.133811e+02 -8.211820e+00
000860 6.685395e+02 1.130421e+02 -8.265600e+00
000861 6.688155e+02 1.126521e+02 -8.309868e+00
000862 6.691895e+02 1.122683e+02 -8.364714e+00
000863 6.695344e+02 1.118590e+02 -8.419548e+00
000864 6.697217e+02 1.114206e+02 -8.469077e+00
000865 6.700173e+02 1.109860e+02 -8.521558e+00
000866 6.701506e+02 1.105132e+02 -8.567497e+00
000867 6.703750e+02 1.100400e+02 -8.624582e+00
000868 6.705715e+02 1.095531e+02 -8.670623e+00
000869 6.706002e+02 1.090393e+02 -8.721843e+00
000870 6.707435e+02 1.085321e+02 -8.762155e+00
000871 6.707193e+02 1.079914e+02 -8.809700e+00
000872 6.707989e+02 1.074536e+02 -8.866096e+00
000873 6.708537e+02 1.069058e+02 -8.926874e+00
000874 6.707208e+02 1.063349e+02 -8.988273e+00
000875 6.706915e+02 1.057796e+02 -9.044011e+00
000876 6.704796e+02 1.052037e+02 -9.110009e+00
000877 6.703759e+02 1.046460e+02 -9.163384e+00
000878 6.702121e+02 1.040834e+02 -9.217767e+00
000879 6.698862e+02 1.035050e+02 -9.275436e+00
000880 6.696374e+02 1.029431e+02 -9.333919e+00
000881 6.693414e+02 1.023805e+02 -9.389779e+00
000882 6.689340e+02 1.018117e+02 -9.442521e+00
000883 6.685705e+02 1.012535e+02 -9.490074e+00
000884 6.681707e+02 1.006959e+02 -9.542441e+00
000885 6.677134e+02 1.001285e+02 -9.598010e+00
000886 6.672570e+02 9.956918e+01 -9.654688e+00
000887 6.667840e+02 9.899997e+01 -9.711829e+00
000888 6.662846e+02 9.843179e+01 -9.763801e+00
000889 6.657788e+02 9.787203e+01 -9.817338e+00
000890 6.652332e+02 9.730181e+01 -9.854248e+00
000891 6.646919e+02 9.673017e+01 -9.902523e+00
000892 6.641406e+02 9.616703e+01 -9.951545e+00
000893 6.635480e+02 9.561348e+01 -9.983917e+00
000894 6.629511e+02 9.506952e+01 -1.001919e+01
000895 6.623373e+02 9.453464e+01 -1.005144e+01
000896 6.616931e+02 9.400972e+01 -1.007472e+01
000897 6.610454e+02 9.351509e+01 -1.009293e+01
000898 6.603612e+02 9.303188e+01 -1.010891e+01
000899 6.596812e+02 9.256889e+01 -1.012551e+01
000900 6.589781e+02 9.210808e+01 -1.013214e+01
000901 6.582498e+02 9.166145e+01 -1.014038e+01
000902 6.575207e+02 9.123078e+01 -1.014228e+01
000903 6.567840e+02 9.079684e+01 -1.014771e+01
000904 6.560269e+02 9.035545e+01 -1.014631e+01
000905 6.552651e+02 8.990592e+01 -1.014500e+01
000906 6.545015e+02 8.944510e+01 -1.014401e+01
000907 6.537332e+02 8.898224e+01 -1.014159e+01
000908 6.529631e+02 8.852370e+01 -1.013661e+01
000909 6.521783e+02 8.806058e+01 -1.013302e+01
000910 6.513922e+02 8.759251e+01 -1.013577e+01
000911 6.505920e+02 8.711193e+01 -1.014452e+01
000912 6.497873e+02 8.662273e+01 -1.016222e+01
000913 6.489838e+02 8.611908e+01 -1.018136e+01
000914 6.481788e+02 8.561030e+01 -1.020660e+01
000915 6.473616e+02 8.510861e+01 -1.023491e+01
000916 6.465313e+02 8.459392e+01 -1.026526e+01
000917 6.456934e+02 8.407343e+01 -1.029976e+01
000918 6.448424e+02 8.354987e+01 -1.032492e+01
000919 6.439805e+02 8.302190e+01 -1.035283e+01
000920 6.431181e+02 8.248284e+01 -1.037586e+01
000921 6.422520e+02 8.194828e+01 -1.039451e+01
000922 6.413927e+02 8.141052e+01 -1.041407e+01
000923 6.405350e+02 8.086911e+01 -1.043270e+01
000924 6.396813e+02 8.032439e+01 -1.045077e+01
000925 6.388312e+02 7.976797e+01 -1.046791e+01
000926 6.379859e+02 7.921210e+01 -1.048472e+01
000927 6.371493e+02 7.865837e+01 -1.050813e+01
000928 6.363150e+02 7.809906e+01 -1.053704e+01
000929 6.354874e+02 7.754032e+01 -1.056509e+01
000930 6.346665e+02 7.699384e+01 -1.058281e+01
000931 6.338524e+02 7.644864e+01 -1.060249e+01
000932 6.330517e+02 7.590526e+01 -1.063017e+01
000933 6.322519e+02 7.535515e+01 -1.064811e+01
000934 6.314568e+02 7.480841e+01 -1.065785e+01
000935 6.306658e+02 7.427009e+01 -1.066245e+01
000936 6.298795e+02 7.373857e+01 -1.067161e+01
000937 6.291065e+02 7.321100e+01 -1.068866e+01
000938 6.283434e+02 7.268462e+01 -1.070814e+01
000939 6.275905e+02 7.216355e+01 -1.072130e+01
000940 6.268447e+02 7.163711e+01 -1.073087e+01
000941 6.261107e+02 7.112089e+01 -1.073910e+01
000942 6.253872e+02 7.061005e+01 -1.074782e+01
000943 6.246843e+02 7.010311e+01 -1.075119e+01
000944 6.239951e+02 6.960583e+01 -1.075593e+01
000945 6.233185e+02 6.911566e+01 -1.075717e+01
000946 6.226615e+02 6.863581e+01 -1.075900e+01
000947 6.220271e+02 6.816600e+01 -1.075355e+01
000948 6.214105e+02 6.770924e+01 -1.075959e+01
000949 6.208086e+02 6.727259e+01 -1.076815e+01
000950 6.202264e+02 6.685124e+01 -1.077507e+01
000951 6.196701e+02 6.643697e+01 -1.078381e+01
000952 6.191421e+02 6.603572e+01 -1.079462e+01
000953 6.186337e+02 6.565583e+01 -1.080289e+01
000954 6.181539e+02 6.528911e+01 -1.081550e+01
000955 6.176970e+02 6.494478e+01 -1.082404e+01
000956 6.172685e+02 6.462793e+01 -1.083564e+01
000957 6.168671e+02 6.432758e+01 -1.084459e+01
000958 6.164909e+02 6.404612e+01 -1.085055e+01
000959 6.161466e+02 6.377847e+01 -1.085254e+01
000960 6.158196e+02 6.353086e+01 -1.084752e+01
000961 6.155139e+02 6.331555e+01 -1.084264e+01
000962 6.152297e+02 6.311774e+01 -1.084514e+01
000963 6.149738e+02 6.293212e+01 -1.084148e+01
000964 6.147441e+02 6.275796e+01 -1.084211e+01
000965 6.145303e+02 6.260420e+01 -1.083600e+01
000966 6.143308e+02 6.246162e+01 -1.083889e+01
000967 6.141529e+02 6.232641e+01 -1.083935e+01
000968 6.139794e+02 6.219637e+01 -1.083308e+01
000969 6.138111e+02 6.206930e+01 -1.082475e+01
000970 6.136452e+02 6.194494e+01 -1.082308e+01
000971 6.134789e+02 6.182100e+01 -1.081330e+01
000972 6.133132e+02 6.169425e+01 -1.080582e+01
000973 6.131522e+02 6.156966e+01 -1.080397e+01
000974 6.129910e+02 6.144762e+01 -1.079800e+01
000975 6.128304e+02 6.132249e+01 -1.079146e+01
000976 6.126714e+02 6.119808e+01 -1.078498e+01
000977 6.125071e+02 6.107369e+01 -1.078137e+01
000978 6.123480e+02 6.095679e+01 -1.078161e+01
000979 6.121916e+02 6.084182e+01 -1.078752e+01
000980 6.120437e+02 6.073134e+01 -1.079376e+01
000981 6.119005e+02 6.061897e+01 -1.080293e+01
000982 6.117571e+02 6.050642e+01 -1.080545e+01
000983 6.116151e+02 6.040031e+01 -1.081255e+01
000984 6.114761e+02 6.029891e+01 -1.081876e+01
000985 6.113439e+02 6.020132e+01 -1.081989e+01
000986 6.112231e+02 6.010489e+01 -1.081783e+01
000987 6.111093e+02 6.001185e+01 -1.082428e+01
000988 6.109958e+02 5.992384e+01 -1.083316e+01
000989 6.108817e+02 5.984108e+01 -1.083923e+01
000990 6.107661e+02 5.975840e+01 -1.084023e+01
000991 6.106572e+02 5.967128e+01 -1.084191e+01
000992 6.105440e+02 5.957761e+01 -1.083560e+01
000993 6.104340e+02 5.948389e+01 -1.083002e+01
000994 6.103302e+02 5.939758e+01 -1.083372e+01
000995 6.102291e+02 5.931664e+01 -1.084160e+01
000996 6.101273e+02 5.923631e+01 -1.085035e+01
000997 6.100250e+02 5.915471e+01 -1.085672e+01
000998 6.099206e+02 5.906999e+01 -1.085800e+01
000999 6.098106e+02 5.898320e+01 -1.085383e+01
001000 6.096925e+02 5.889047e+01 -1.084677e+01
001001 6.095668e+02 5.879275e+01 -1.084532e+01
001002 6.094269e+02 5.868324e+01 -1.084530e+01
001003 6.092668e+02 5.855681e+01 -1.084724e+01
001004 6.090866e+02 5.841027e+01 -1.085141e+01
001005 6.088850e+02 5.824501e+01 -1.085837e+01
001006 6.086581e+02 5.806365e+01 -1.086268e+01
001007 6.084078e+02 5.786475e+01 -1.085940e+01
001008 6.081414e+02 5.764325e+01 -1.085098e+01
001009 6.078549e+02 5.739812e+01 -1.085104e+01
001010 6.075536e+02 5.714145e+01 -1.085729e+01
001011 6.072262e+02 5.686485e+01 -1.084763e+01
001012 6.068856e+02 5.657174e+01 -1.084516e+01
001013 6.065341e+02 5.625489e+01 -1.084757e+01
001014 6.061751e+02 5.592283e+01 -1.085240e+01
001015 6.057989e+02 5.557109e+01 -1.085192e+01
001016 6.054022e+02 5.520007e+01 -1.085101e+01
001017 6.049888e+02 5.481576e+01 -1.084809e+01
001018 6.045756e+02 5.441248e+01 -1.084914e+01
001019 6.041571e+02 5.398360e+01 -1.084897e+01
001020 6.037210e+02 5.353979e+01 -1.084900e+01
001021 6.032807e+02 5.308678e+01 -1.085762e+01
001022 6.028244e+02 5.261497e+01 -1.086177e+01
001023 6.023576e+02 5.212981e+01 -1.086318e+01
001024 6.018734e+02 5.163483e+01 -1.086370e+01
001025 6.013777e+02 5.112461e+01 -1.086860e+01
001026 6.008722e+02 5.059895e+01 -1.087876e+01
001027 6.003665e+02 5.005776e+01 -1.089051e+01
001028 5.998496e+02 4.950071e+01 -1.090722e+01
001029 5.993131e+02 4.894080e+01 -1.092426e+01
001030 5.987574e+02 4.836507e+01 -1.094563e+01
001031 5.981997e+02 4.776481e+01 -1.097494e+01
001032 5.976365e+02 4.715386e+01 -1.100894e+01
001033 5.970613e+02 4.653114e+01 -1.104019e+01
001034 5.964781e+02 4.590216e+01 -1.106657e+01
001035 5.958811e+02 4.524823e+01 -1.109864e+01
001036 5.952758e+02 4.458974e+01 -1.112293e+01
001037 5.946712e+02 4.391619e+01 -1.115506e+01
001038 5.940578e+02 4.323660e+01 -1.118162e+01
001039 5.934438e+02 4.254869e+01 -1.121685e+01
001040 5.928339e+02 4.185865e+01 -1.124681e+01
001041 5.922286e+02 4.116615e+01 -1.127914e+01
001042 5.916198e+02 4.047923e+01 -1.131105e+01
001043 5.910189e+02 3.979061e+01 -1.134770e+01
001044 5.904165e+02 3.909726e+01 -1.138702e+01
001045 5.898115e+02 3.840761e+01 -1.141673e+01
001046 5.892034e+02 3.771988e+01 -1.144789e+01
001047 5.885897e+02 3.703595e+01 -1.147534e+01
001048 5.879705e+02 3.634581e+01 -1.150494e+01
001049 5.873486e+02 3.565009e+01 -1.154032e+01
001050 5.867274e+02 3.495300e+01 -1.157309e+01
001051 5.861016e+02 3.425941e+01 -1.160601e+01
001052 5.854709e+02 3.356322e+01 -1.163827e+01
001053 5.848353e+02 3.286909e+01 -1.167232e+01
001054 5.841966e+02 3.217088e+01 -1.170604e+01
001055 5.835539e+02 3.147256e+01 -1.174538e+01
001056 5.829099e+02 3.077846e+01 -1.177970e+01
001057 5.822613e+02 3.008245e+01 -1.181017e+01
001058 5.816089e+02 2.938262e+01 -1.184302e+01
001059 5.809564e+02 2.868287e+01 -1.188154e+01
001060 5.802979e+02 2.797705e+01 -1.192518e+01
001061 5.796399e+02 2.726971e+01 -1.196837e+01
001062 5.789819e+02 2.655966e+01 -1.200728e+01
001063 5.783215e+02 2.584731e+01 -1.204305e+01
001064 5.776565e+02 2.513063e+01 -1.208468e+01
001065 5.769896e+02 2.441211e+01 -1.212757e+01
001066 5.763293e+02 2.369459e+01 -1.217159e+01
001067 5.756697e+02 2.297735e+01 -1.221780e+01
001068 5.750134e+02 2.226179e+01 -1.226829e+01
001069 5.743601e+02 2.153752e+01 -1.232193e+01
001070 5.737105e+02 2.081582e+01 -1.237404e+01
001071 5.730610e+02 2.009230e+01 -1.242000e+01
001072 5.724145e+02 1.937693e+01 -1.245957e+01
001073 5.717728e+02 1.865815e+01 -1.249786e+01
001074 5.711353e+02 1.794196e+01 -1.253619e+01
001075 5.705015e+02 1.722896e+01 -1.257914e+01
001076 5.698728e+02 1.652128e+01 -1.262044e+01
001077 5.692530e+02 1.581237e+01 -1.266639e+01
001078 5.686346e+02 1.510270e+01 -1.271147e+01
001079 5.680181e+02 1.439283e+01 -1.275310e+01
001080 5.674028e+02 1.368455e+01 -1.279528e+01
001081 5.667964e+02 1.298106e+01 -1.283587e+01
001082 5.661990e+02 1.228701e+01 -1.288189e+01
001083 5.655970e+02 1.159476e+01 -1.292698e+01
001084 5.649902e+02 1.091187e+01 -1.296750e+01
001085 5.643812e+02 1.023610e+01 -1.300929e+01
001086 5.637768e+02 9.568871e+00 -1.305035e+01
001087 5.631841e+02 8.909222e+00 -1.309917e+01
001088 5.625935e+02 8.255447e+00 -1.314778e+01
001089 5.620162e+02 7.610878e+00 -1.319798e+01
001090 5.614478e+02 6.973817e+00 -1.324838e+01
001091 5.608969e+02 6.359508e+00 -1.329868e+01
001092 5.603578e+02 5.761759e+00 -1.335478e+01
001093 5.598303e+02 5.174447e+00 -1.341042e+01
001094 5.593052e+02 4.607283e+00 -1.345738e+01
001095 5.587906e+02 4.059161e+00 -1.350263e+01
001096 5.583010e+02 3.537414e+00 -1.354744e+01
001097 5.578372e+02 3.031586e+00 -1.359863e+01
001098 5.573888e+02 2.556647e+00 -1.364868e+01
001099 5.569636e+02 2.098999e+00 -1.369656e+01
001100 5.565559e+02 1.653286e+00 -1.374547e+01
001101 5.561663e+02 1.224300e+00 -1.379439e+01
001102 5.557882e+02 8.169201e-01 -1.384594e+01
001103 5.554289e+02 4.233178e-01 -1.390309e+01
001104 5.550868e+02 3.811962e-02 -1.395315e+01
001105 5.547515e+02 -3.399935e-01 -1.400156e+01
001106 5.544192e+02 -7.073627e-01 -1.404377e+01
001107 5.540919e+02 -1.065239e+00 -1.409013e+01
001108 5.537707e+02 -1.417053e+00 -1.413144e+01
001109 5.534605e+02 -1.759813e+00 -1.417213e+01
001110 5.531562e+02 -2.093206e+00 -1.420641e+01
001111 5.528539e+02 -2.416138e+00 -1.423971e+01
001112 5.525559e+02 -2.730761e+00 -1.427067e+01
001113 5.522654e+02 -3.039119e+00 -1.430044e+01
001114 5.519811e+02 -3.341352e+00 -1.433004e+01
001115 5.517084e+02 -3.635664e+00 -1.435767e+01
001116 5.514462e+02 -3.918816e+00 -1.439062e+01
001117 5.511921e+02 -4.191369e+00 -1.442524e+01
001118 5.509485e+02 -4.451915e+00 -1.446942e+01
001119 5.507149e+02 -4.709150e+00 -1.450686e+01
001120 5.504909e+02 -4.953978e+00 -1.454971e+01
001121 5.502700e+02 -5.187168e+00 -1.458897e+01
001122 5.500554e+02 -5.411455e+00 -1.462769e+01
001123 5.498482e+02 -5.634374e+00 -1.465601e+01
001124 5.496541e+02 -5.853434e+00 -1.468342e+01
001125 5.494722e+02 -6.063502e+00 -1.470996e+01
001126 5.493020e+02 -6.264490e+00 -1.473540e+01
001127 5.491413e+02 -6.454319e+00 -1.476442e+01
001128 5.489914e+02 -6.627882e+00 -1.479272e+01
001129 5.488455e+02 -6.789741e+00 -1.481427e+01
001130 5.487101e+02 -6.943462e+00 -1.483607e+01
001131 5.485821e+02 -7.090666e+00 -1.485933e+01
001132 5.484668e+02 -7.227784e+00 -1.488391e+01
001133 5.483601e+02 -7.359144e+00 -1.490623e+01
001134 5.482576e+02 -7.479973e+00 -1.492158e+01
001135 5.481601e+02 -7.592526e+00 -1.493536e+01
001136 5.480696e+02 -7.701283e+00 -1.494831e+01
001137 5.479875e+02 -7.803179e+00 -1.496149e+01
001138 5.479093e+02 -7.899460e+00 -1.497381e+01
001139 5.478349e+02 -7.988359e+00 -1.498586e+01
001140 5.477689e+02 -8.070234e+00 -1.499990e+01
001141 5.477082e+02 -8.149215e+00 -1.501146e+01
001142 5.476514e+02 -8.224501e+00 -1.502425e+01
001143 5.475926e+02 -8.293718e+00 -1.503338e+01
001144 5.475348e+02 -8.355707e+00 -1.504238e+01
001145 5.474854e+02 -8.414013e+00 -1.505129e+01
001146 5.474387e+02 -8.468806e+00 -1.505801e+01
001147 5.473920e+02 -8.519784e+00 -1.505839e+01
001148 5.473512e+02 -8.566595e+00 -1.506466e+01
001149 5.473123e+02 -8.609266e+00 -1.507540e+01
001150 5.472762e+02 -8.650922e+00 -1.508357e+01
001151 5.472431e+02 -8.690682e+00 -1.509153e+01
001152 5.472128e+02 -8.727030e+00 -1.509721e+01
001153 5.471848e+02 -8.759968e+00 -1.510418e+01
001154 5.471603e+02 -8.788951e+00 -1.511054e+01
001155 5.471379e+02 -8.816118e+00 -1.511792e+01
001156 5.471198e+02 -8.840305e+00 -1.512423e+01
001157 5.471045e+02 -8.861118e+00 -1.513047e+01
001158 5.470930e+02 -8.878200e+00 -1.513445e+01
001159 5.470839e+02 -8.892504e+00 -1.513715e+01
001160 5.470765e+02 -8.904703e+00 -1.513958e+01
001161 5.470695e+02 -8.915003e+00 -1.513853e+01
001162 5.470626e+02 -8.925013e+00 -1.513608e+01
001163 5.470561e+02 -8.935045e+00 -1.513392e+01
001164 5.470403e+02 -8.948208e+00 -1.512626e+01
001165 5.470253e+02 -8.962217e+00 -1.511998e+01
001166 5.470010e+02 -8.980742e+00 -1.510952e+01
001167 5.469775e+02 -9.002351e+00 -1.510246e+01
001168 5.469518e+02 -9.025308e+00 -1.509710e+01
001169 5.469287e+02 -9.049068e+00 -1.509580e+01
001170 5.469063e+02 -9.075048e+00 -1.509607e+01
001171 5.468811e+02 -9.104930e+00 -1.509673e+01
001172 5.468532e+02 -9.137999e+00 -1.509810e+01
001173 5.468233e+02 -9.175395e+00 -1.509999e+01
001174 5.467919e+02 -9.215737e+00 -1.510353e+01
001175 5.467561e+02 -9.260733e+00 -1.511178e+01
001176 5.467179e+02 -9.307750e+00 -1.511966e+01
001177 5.466735e+02 -9.359431e+00 -1.513096e+01
001178 5.466270e+02 -9.413047e+00 -1.514222e+01
001179 5.465777e+02 -9.471357e+00 -1.515641e+01
001180 5.465255e+02 -9.532990e+00 -1.517102e+01
001181 5.464698e+02 -9.598824e+00 -1.518833e+01
001182 5.464115e+02 -9.667371e+00 -1.520466e+01
001183 5.463500e+02 -9.738525e+00 -1.522117e+01
001184 5.462866e+02 -9.816256e+00 -1.523978e+01
001185 5.462224e+02 -9.896104e+00 -1.525557e+01
001186 5.461573e+02 -9.976974e+00 -1.527589e+01
001187 5.460880e+02 -1.005776e+01 -1.529090e+01
001188 5.460136e+02 -1.014183e+01 -1.530813e+01
001189 5.459390e+02 -1.022762e+01 -1.532616e+01
001190 5.458625e+02 -1.031362e+01 -1.534651e+01
001191 5.457834e+02 -1.039832e+01 -1.536452e+01
001192 5.457058e+02 -1.048253e+01 -1.538555e+01
001193 5.456352e+02 -1.056600e+01 -1.540939e+01
001194 5.455695e+02 -1.064666e+01 -1.543089e+01
001195 5.455070e+02 -1.072449e+01 -1.545107e+01
001196 5.454452e+02 -1.079801e+01 -1.546603e+01
001197 5.453877e+02 -1.086851e+01 -1.548370e+01
001198 5.453342e+02 -1.093349e+01 -1.549952e+01
001199 5.452863e+02 -1.099491e+01 -1.551831e+01
001200 5.452426e+02 -1.104965e+01 -1.553084e+01
